1;2;366;346;6.33;3.12;2.78;
1;2;366;347;6.17;3.12;3.89;
1;2;532;521;7.79;1.56;2.2;
1;2;534;519;9.43;1.67;2.19;
1;2;534;521;9.24;1.67;2.2;
1;2;534;565;9.76;1.67;1.46;
1;2;534;606;8.51;1.67;1.36;
1;2;536;519;9.71;2.5;2.19;
1;2;536;552;9.36;2.5;1.23;
1;2;536;606;9.82;2.5;1.36;
1;2;579;562;7.58;1.02;2.01;
1;2;579;563;8.35;1.02;1.68;
1;2;579;565;9.87;1.02;1.46;
1;2;581;552;9.02;1.69;1.23;
1;2;581;554;9.79;1.69;1.28;
1;2;581;563;9.42;1.69;1.68;
1;2;581;565;6.41;1.69;1.46;
1;2;582;552;9.59;1.32;1.23;
1;2;582;554;7.89;1.32;1.28;
1;2;582;562;7.18;1.32;2.01;
1;2;582;563;6.21;1.32;1.68;
1;2;582;565;5.98;1.32;1.46;
1;2;583;554;7.66;1.09;1.28;
1;2;583;557;9.77;1.09;1.74;
1;2;583;562;6.22;1.09;2.01;
1;2;583;563;6.31;1.09;1.68;
1;2;583;565;7.92;1.09;1.46;
1;2;583;604;9.59;1.09;1.51;
1;2;583;606;9.56;1.09;1.36;
1;2;585;557;9.31;1.13;1.74;
1;2;585;559;6.19;1.13;2.34;
1;2;585;560;6.61;1.13;2.46;
1;2;585;562;7.95;1.13;2.01;
1;2;585;563;9.9;1.13;1.68;
1;2;617;518;7.98;2.25;1.92;
1;2;617;519;5.99;2.25;2.19;
1;2;617;521;8.68;2.25;2.2;
1;2;617;606;8.71;2.25;1.36;
1;2;621;521;9.79;2.29;2.2;
1;2;621;622;9.21;2.29;2.46;
1;2;621;629;8.44;2.29;4.61;
1;2;621;631;8.19;2.29;4.33;
1;2;623;624;9.93;2.71;3.35;
1;2;623;626;8.56;2.71;4.26;
1;2;623;627;7.91;2.71;4.08;
1;2;623;628;9.54;2.71;5.3;
1;2;623;629;8.42;2.71;4.61;
1;2;627;622;9.45;4.08;2.46;
1;2;627;624;8.75;4.08;3.35;
1;2;627;626;6.62;4.08;4.26;
1;2;627;627;3.71;4.08;4.08;
1;2;627;628;4.89;4.08;5.3;
1;2;627;629;5.88;4.08;4.61;
1;2;628;622;7.64;5.3;2.46;
1;2;628;624;7.93;5.3;3.35;
1;2;628;626;7.63;5.3;4.26;
1;2;628;627;5.31;5.3;4.08;
1;2;628;628;5.69;5.3;5.3;
1;2;628;629;4.44;5.3;4.61;
1;2;628;631;9.21;5.3;4.33;
1;2;629;620;9.99;4.61;2.05;
1;2;629;622;8.61;4.61;2.46;
1;2;629;627;8.95;4.61;4.08;
1;2;629;628;8.0;4.61;5.3;
1;2;629;629;5.04;4.61;4.61;
1;2;629;631;6.26;4.61;4.33;
1;2;629;632;9.44;4.61;5.47;
1;2;629;645;8.41;4.61;10.93;
1;2;630;620;8.12;5.62;2.05;
1;2;630;622;7.56;5.62;2.46;
1;2;630;628;9.51;5.62;5.3;
1;2;630;629;6.01;5.62;4.61;
1;2;630;631;4.59;5.62;4.33;
1;2;630;632;8.17;5.62;5.47;
1;2;631;620;8.55;4.33;2.05;
1;2;631;629;9.04;4.33;4.61;
1;2;631;631;3.93;4.33;4.33;
1;2;631;632;5.93;4.33;5.47;
1;2;631;633;7.6;4.33;4.22;
1;2;631;645;9.2;4.33;10.93;
1;2;632;518;8.74;5.47;1.92;
1;2;632;519;8.59;5.47;2.19;
1;2;632;618;9.95;5.47;1.78;
1;2;632;620;8.86;5.47;2.05;
1;2;632;631;5.86;5.47;4.33;
1;2;632;632;6.33;5.47;5.47;
1;2;632;633;6.14;5.47;4.22;
1;2;638;512;7.96;6.62;2.6;
1;2;638;513;8.26;6.62;3.36;
1;2;638;517;8.77;6.62;2.24;
1;2;639;512;5.89;7.85;2.6;
1;2;639;513;5.39;7.85;3.36;
1;2;639;517;6.73;7.85;2.24;
1;2;640;512;8.33;8.61;2.6;
1;2;640;513;5.98;8.61;3.36;
1;2;640;517;4.31;8.61;2.24;
1;2;640;518;7.9;8.61;1.92;
1;2;640;635;7.53;8.61;4.2;
1;2;641;513;9.77;9.01;3.36;
1;2;641;517;3.7;9.01;2.24;
1;2;641;518;5.67;9.01;1.92;
1;2;641;519;8.69;9.01;2.19;
1;2;641;633;9.29;9.01;4.22;
1;2;641;635;6.27;9.01;4.2;
1;2;642;517;5.07;9.23;2.24;
1;2;642;518;4.61;9.23;1.92;
1;2;642;519;7.77;9.23;2.19;
1;2;642;618;7.51;9.23;1.78;
1;2;642;632;8.54;9.23;5.47;
1;2;642;633;5.5;9.23;4.22;
1;2;642;635;5.49;9.23;4.2;
1;2;644;517;8.51;9.71;2.24;
1;2;644;518;4.89;9.71;1.92;
1;2;644;519;4.68;9.71;2.19;
1;2;644;521;8.07;9.71;2.2;
1;2;644;606;9.96;9.71;1.36;
1;2;644;618;7.28;9.71;1.78;
1;2;644;620;5.76;9.71;2.05;
1;2;644;631;6.73;9.71;4.33;
1;2;644;632;6.86;9.71;5.47;
1;2;644;633;7.05;9.71;4.22;
1;2;646;519;8.58;11.92;2.19;
1;2;646;521;4.52;11.92;2.2;
1;2;646;606;9.05;11.92;1.36;
1;2;646;620;7.5;11.92;2.05;
1;2;646;622;6.79;11.92;2.46;
1;2;646;629;8.83;11.92;4.61;
1;2;646;631;7.37;11.92;4.33;
