1;2;518;641;9.75;2.43;9.04;
1;2;518;642;7.66;2.43;9.05;
1;2;518;643;4.38;2.43;9.02;
1;2;518;644;6.45;2.43;9.91;
1;2;518;645;5.85;2.43;11.7;
1;2;518;646;9.14;2.43;12.59;
1;2;519;642;8.5;2.68;9.05;
1;2;519;643;5.86;2.68;9.02;
1;2;519;644;7.22;2.68;9.91;
1;2;519;645;5.78;2.68;11.7;
1;2;519;646;7.77;2.68;12.59;
1;2;532;521;7.87;1.61;2.71;
1;2;532;559;8.9;1.61;2.9;
1;2;532;560;9.66;1.61;2.64;
1;2;532;604;9.1;1.61;1.85;
1;2;532;645;9.09;1.61;11.7;
1;2;532;646;9.92;1.61;12.59;
1;2;534;521;9.16;1.72;2.71;
1;2;534;554;9.84;1.72;1.55;
1;2;534;562;9.99;1.72;2.18;
1;2;534;563;9.6;1.72;1.94;
1;2;534;565;9.59;1.72;1.71;
1;2;534;606;9.0;1.72;1.86;
1;2;536;552;9.89;2.48;1.29;
1;2;576;559;9.85;0.75;2.9;
1;2;576;560;6.15;0.75;2.64;
1;2;576;562;7.45;0.75;2.18;
1;2;579;562;7.07;0.88;2.18;
1;2;579;563;7.7;0.88;1.94;
1;2;579;565;9.54;0.88;1.71;
1;2;581;552;9.37;1.39;1.29;
1;2;581;554;9.95;1.39;1.55;
1;2;581;563;9.34;1.39;1.94;
1;2;581;565;6.55;1.39;1.71;
1;2;582;552;9.54;1.06;1.29;
1;2;582;554;7.54;1.06;1.55;
1;2;582;562;7.22;1.06;2.18;
1;2;582;563;5.75;1.06;1.94;
1;2;582;565;5.51;1.06;1.71;
1;2;583;554;7.04;1.08;1.55;
1;2;583;557;9.36;1.08;2.0;
1;2;583;562;5.93;1.08;2.18;
1;2;583;563;5.35;1.08;1.94;
1;2;583;565;7.42;1.08;1.71;
1;2;583;604;9.21;1.08;1.85;
1;2;585;557;7.95;1.02;2.0;
1;2;585;559;5.06;1.02;2.9;
1;2;585;560;5.84;1.02;2.64;
1;2;585;562;7.4;1.02;2.18;
1;2;585;563;8.82;1.02;1.94;
1;2;585;604;9.65;1.02;1.85;
1;2;590;559;7.66;0.96;2.9;
1;2;590;560;7.53;0.96;2.64;
1;2;615;640;9.81;2.7;8.47;
1;2;617;518;9.35;2.49;2.43;
1;2;617;519;7.91;2.49;2.68;
1;2;617;521;8.61;2.49;2.71;
1;2;617;606;9.27;2.49;1.86;
1;2;617;643;9.05;2.49;9.02;
1;2;617;644;7.88;2.49;9.91;
1;2;617;645;9.14;2.49;11.7;
1;2;618;519;9.71;2.32;2.68;
1;2;618;521;8.04;2.32;2.71;
1;2;618;643;8.03;2.32;9.02;
1;2;618;644;6.08;2.32;9.91;
1;2;618;645;5.88;2.32;11.7;
1;2;618;646;8.71;2.32;12.59;
1;2;620;521;8.8;2.95;2.71;
1;2;620;631;9.36;2.95;7.58;
1;2;620;644;7.6;2.95;9.91;
1;2;620;645;4.84;2.95;11.7;
1;2;620;646;4.22;2.95;12.59;
1;2;621;521;9.34;3.16;2.71;
1;2;621;622;9.07;3.16;4.19;
1;2;621;624;9.98;3.16;4.55;
1;2;621;629;7.71;3.16;8.02;
1;2;621;631;9.22;3.16;7.58;
1;2;621;645;8.01;3.16;11.7;
1;2;621;646;5.52;3.16;12.59;
1;2;623;624;8.81;4.16;4.55;
1;2;623;626;7.45;4.16;6.31;
1;2;623;627;7.18;4.16;8.09;
1;2;623;628;8.68;4.16;8.63;
1;2;623;629;8.65;4.16;8.02;
1;2;623;646;9.17;4.16;12.59;
1;2;626;626;6.5;6.31;6.31;
1;2;626;627;4.77;6.31;8.09;
1;2;626;628;6.85;6.31;8.63;
1;2;626;629;9.81;6.31;8.02;
1;2;627;622;9.43;8.09;4.19;
1;2;627;624;9.12;8.09;4.55;
1;2;627;626;7.45;8.09;6.31;
1;2;627;627;4.14;8.09;8.09;
1;2;627;628;4.11;8.09;8.63;
1;2;627;629;6.34;8.09;8.02;
1;2;627;630;8.43;8.09;8.72;
1;2;628;622;8.43;8.63;4.19;
1;2;628;624;8.4;8.63;4.55;
1;2;628;626;7.73;8.63;6.31;
1;2;628;627;5.21;8.63;8.09;
1;2;628;628;5.06;8.63;8.63;
1;2;628;629;5.13;8.63;8.02;
1;2;628;630;7.9;8.63;8.72;
1;2;628;631;9.63;8.63;7.58;
1;2;628;646;8.87;8.63;12.59;
1;2;629;622;8.13;8.02;4.19;
1;2;629;627;8.09;8.02;8.09;
1;2;629;628;5.89;8.02;8.63;
1;2;629;629;3.73;8.02;8.02;
1;2;629;630;4.75;8.02;8.72;
1;2;629;631;6.04;8.02;7.58;
1;2;629;632;8.79;8.02;8.66;
1;2;629;646;7.1;8.02;12.59;
1;2;630;622;8.89;8.72;4.19;
1;2;630;628;8.95;8.72;8.63;
1;2;630;629;5.64;8.72;8.02;
1;2;630;630;6.02;8.72;8.72;
1;2;630;631;4.57;8.72;7.58;
1;2;630;632;7.78;8.72;8.66;
1;2;630;644;7.7;8.72;9.91;
1;2;630;645;6.43;8.72;11.7;
1;2;630;646;4.12;8.72;12.59;
1;2;631;629;8.8;7.58;8.02;
1;2;631;630;7.38;7.58;8.72;
1;2;631;631;4.52;7.58;7.58;
1;2;631;632;5.88;7.58;8.66;
1;2;631;642;9.98;7.58;9.05;
1;2;631;643;7.95;7.58;9.02;
1;2;631;644;5.01;7.58;9.91;
1;2;631;645;5.05;7.58;11.7;
1;2;631;646;4.87;7.58;12.59;
1;2;632;631;6.59;8.66;7.58;
1;2;632;632;6.19;8.66;8.66;
1;2;632;635;9.76;8.66;7.92;
1;2;632;641;9.17;8.66;9.04;
1;2;632;642;6.28;8.66;9.05;
1;2;632;643;4.97;8.66;9.02;
1;2;632;644;3.16;8.66;9.91;
1;2;632;645;5.67;8.66;11.7;
1;2;632;646;7.69;8.66;12.59;
1;2;633;518;9.56;7.78;2.43;
1;2;633;631;9.61;7.78;7.58;
1;2;633;632;8.97;7.78;8.66;
1;2;633;635;7.66;7.78;7.92;
1;2;633;640;9.19;7.78;8.47;
1;2;633;641;5.62;7.78;9.04;
1;2;633;642;4.01;7.78;9.05;
1;2;633;643;3.3;7.78;9.02;
1;2;633;644;3.75;7.78;9.91;
1;2;633;645;7.29;7.78;11.7;
1;2;634;635;9.82;8.86;7.92;
1;2;634;640;7.82;8.86;8.47;
1;2;634;641;5.54;8.86;9.04;
1;2;634;642;5.81;8.86;9.05;
1;2;634;643;4.07;8.86;9.02;
1;2;634;644;5.51;8.86;9.91;
1;2;634;645;8.14;8.86;11.7;
1;2;635;639;8.85;7.92;8.39;
1;2;635;640;5.22;7.92;8.47;
1;2;635;641;4.22;7.92;9.04;
1;2;635;642;5.59;7.92;9.05;
1;2;635;643;5.45;7.92;9.02;
1;2;635;644;8.55;7.92;9.91;
1;2;637;639;4.72;9.23;8.39;
1;2;637;640;4.08;9.23;8.47;
1;2;637;641;7.41;9.23;9.04;
1;2;638;514;9.6;8.51;2.31;
1;2;638;637;9.15;8.51;9.23;
1;2;638;639;3.78;8.51;8.39;
1;2;638;640;5.59;8.51;8.47;
1;2;638;641;8.27;8.51;9.04;
1;2;639;513;9.99;8.39;1.88;
1;2;639;514;6.67;8.39;2.31;
1;2;639;515;6.66;8.39;2.36;
1;2;639;517;8.54;8.39;2.75;
1;2;639;635;7.89;8.39;7.92;
1;2;639;637;5.65;8.39;9.23;
1;2;639;639;4.05;8.39;8.39;
1;2;639;640;6.5;8.39;8.47;
1;2;639;641;7.94;8.39;9.04;
1;2;640;513;8.63;8.47;1.88;
1;2;640;514;6.04;8.47;2.31;
1;2;640;515;5.22;8.47;2.36;
1;2;640;517;4.75;8.47;2.75;
1;2;640;518;7.43;8.47;2.43;
1;2;640;635;7.2;8.47;7.92;
1;2;640;637;7.36;8.47;9.23;
1;2;640;639;7.55;8.47;8.39;
1;2;640;640;8.82;8.47;8.47;
1;2;640;641;8.95;8.47;9.04;
1;2;641;514;9.32;9.04;2.31;
1;2;641;515;7.06;9.04;2.36;
1;2;641;517;4.28;9.04;2.75;
1;2;641;518;4.52;9.04;2.43;
1;2;641;519;7.91;9.04;2.68;
1;2;641;635;5.57;9.04;7.92;
1;2;641;637;9.07;9.04;9.23;
1;2;641;639;9.63;9.04;8.39;
1;2;641;640;9.37;9.04;8.47;
1;2;641;641;7.88;9.04;9.04;
1;2;641;642;9.77;9.04;9.05;
1;2;642;517;6.21;9.05;2.75;
1;2;642;518;4.31;9.05;2.43;
1;2;642;519;5.76;9.05;2.68;
1;2;642;635;8.16;9.05;7.92;
1;2;642;641;8.38;9.05;9.04;
1;2;642;642;9.38;9.05;9.05;
1;2;642;643;8.61;9.05;9.02;
1;2;642;644;7.54;9.05;9.91;
1;2;643;517;8.5;9.02;2.75;
1;2;643;518;5.41;9.02;2.43;
1;2;643;519;3.88;9.02;2.68;
1;2;643;521;7.07;9.02;2.71;
1;2;643;606;8.12;9.02;1.86;
1;2;643;631;9.77;9.02;7.58;
1;2;643;643;9.65;9.02;9.02;
1;2;643;644;7.19;9.02;9.91;
1;2;643;645;9.44;9.02;11.7;
1;2;644;518;6.67;9.91;2.43;
1;2;644;519;5.2;9.91;2.68;
1;2;644;521;6.69;9.91;2.71;
1;2;644;606;9.37;9.91;1.86;
1;2;644;630;9.76;9.91;8.72;
1;2;644;631;6.53;9.91;7.58;
1;2;644;632;8.34;9.91;8.66;
1;2;644;643;9.94;9.91;9.02;
1;2;644;644;6.5;9.91;9.91;
1;2;644;645;8.41;9.91;11.7;
1;2;644;646;9.95;9.91;12.59;
1;2;646;519;9.4;12.59;2.68;
1;2;646;521;5.22;12.59;2.71;
1;2;646;523;8.27;12.59;3.23;
1;2;646;622;6.45;12.59;4.19;
1;2;646;629;6.97;12.59;8.02;
1;2;646;630;8.51;12.59;8.72;
1;2;646;631;6.93;12.59;7.58;
1;2;646;644;9.4;12.59;9.91;
1;2;646;645;8.95;12.59;11.7;
1;2;646;646;8.34;12.59;12.59;
