346;347;3.89;0.18;0.15;
346;366;6.33;0.18;0.37;
347;366;6.17;0.15;0.37;
512;513;3.8;0.22;0.23;
512;638;7.96;0.22;5.26;
512;639;5.89;0.22;6.24;
512;640;8.33;0.22;8.85;
513;517;9.9;0.23;3.48;
513;638;8.26;0.23;5.26;
513;639;5.39;0.23;6.24;
513;640;5.98;0.23;8.85;
513;641;9.77;0.23;9.84;
517;518;3.75;3.48;4.67;
517;519;7.02;3.48;4.95;
517;618;9.98;3.48;6.35;
517;635;8.61;3.48;4.83;
517;638;8.77;3.48;5.26;
517;639;6.73;3.48;6.24;
517;640;4.31;3.48;8.85;
517;641;3.7;3.48;9.84;
517;642;5.07;3.48;11.21;
517;644;8.51;3.48;10.57;
518;519;3.82;4.67;4.95;
518;617;7.98;4.67;5.69;
518;618;8.46;4.67;6.35;
518;620;9.84;4.67;7.89;
518;632;8.74;4.67;8.49;
518;633;8.58;4.67;7.48;
518;635;9.82;4.67;4.83;
518;640;7.9;4.67;8.85;
518;641;5.67;4.67;9.84;
518;642;4.61;4.67;11.21;
518;644;4.89;4.67;10.57;
519;521;7.16;4.95;7.48;
519;534;9.43;4.95;4.81;
519;536;9.71;4.95;4.2;
519;606;6.69;4.95;6.69;
519;617;5.99;4.95;5.69;
519;620;9.78;4.95;7.89;
519;632;8.59;4.95;8.49;
519;641;8.69;4.95;9.84;
519;642;7.77;4.95;11.21;
519;644;4.68;4.95;10.57;
519;646;8.58;4.95;13.43;
521;532;7.79;7.48;6.1;
521;534;9.24;7.48;4.81;
521;552;9.42;7.48;6.87;
521;604;6.56;7.48;8.97;
521;606;4.73;7.48;6.69;
521;617;8.68;7.48;5.69;
521;621;9.79;7.48;8.23;
521;622;9.85;7.48;9.25;
521;644;8.07;7.48;10.57;
521;646;4.52;7.48;13.43;
532;534;6.77;6.1;4.81;
532;583;7.05;6.1;5.11;
532;585;4.41;6.1;5.63;
532;617;7.78;6.1;5.69;
532;621;7.83;6.1;8.23;
532;632;9.67;6.1;8.49;
532;646;7.9;6.1;13.43;
534;536;6.7;4.81;4.2;
534;565;9.76;4.81;8.36;
534;579;8.2;4.81;3.63;
534;581;7.03;4.81;4.86;
534;582;5.69;4.81;4.88;
534;583;4.22;4.81;5.11;
534;585;8.76;4.81;5.63;
534;606;8.51;4.81;6.69;
534;617;4.84;4.81;5.69;
536;552;9.36;4.2;6.87;
536;581;5.35;4.2;4.86;
536;582;7.92;4.2;4.88;
536;583;9.52;4.2;5.11;
536;606;9.82;4.2;6.69;
536;617;7.47;4.2;5.69;
552;554;6.55;6.87;8.91;
552;565;5.9;6.87;8.36;
552;581;9.02;6.87;4.86;
552;582;9.59;6.87;4.88;
552;604;8.72;6.87;8.97;
552;606;4.91;6.87;6.69;
554;557;8.04;8.91;11.75;
554;562;9.07;8.91;11.12;
554;563;5.82;8.91;10.26;
554;565;4.46;8.91;8.36;
554;581;9.79;8.91;4.86;
554;582;7.89;8.91;4.88;
554;583;7.66;8.91;5.11;
554;604;5.53;8.91;8.97;
554;606;7.97;8.91;6.69;
557;559;6.85;11.75;12.59;
557;560;8.24;11.75;12.47;
557;562;6.25;11.75;11.12;
557;563;5.86;11.75;10.26;
557;583;9.77;11.75;5.11;
557;585;9.31;11.75;5.63;
557;604;8.93;11.75;8.97;
559;560;3.85;12.59;12.47;
559;562;8.31;12.59;11.12;
559;585;6.19;12.59;5.63;
560;562;6.82;12.47;11.12;
560;585;6.61;12.47;5.63;
562;563;3.83;11.12;10.26;
562;565;9.84;11.12;8.36;
562;579;7.58;11.12;3.63;
562;582;7.18;11.12;4.88;
562;583;6.22;11.12;5.11;
562;585;7.95;11.12;5.63;
563;565;6.48;10.26;8.36;
563;579;8.35;10.26;3.63;
563;581;9.42;10.26;4.86;
563;582;6.21;10.26;4.88;
563;583;6.31;10.26;5.11;
563;585;9.9;10.26;5.63;
563;604;9.76;10.26;8.97;
565;579;9.87;8.36;3.63;
565;581;6.41;8.36;4.86;
565;582;5.98;8.36;4.88;
565;583;7.92;8.36;5.11;
565;604;9.65;8.36;8.97;
565;606;9.15;8.36;6.69;
579;581;6.19;3.63;4.86;
579;582;4.52;3.63;4.88;
579;583;6.61;3.63;5.11;
581;582;3.86;4.86;4.88;
581;583;7.19;4.86;5.11;
582;583;3.81;4.88;5.11;
583;585;6.74;5.11;5.63;
583;604;9.59;5.11;8.97;
583;606;9.56;5.11;6.69;
583;617;8.85;5.11;5.69;
604;606;7.05;8.97;6.69;
606;617;8.71;6.69;5.69;
606;644;9.96;6.69;10.57;
606;646;9.05;6.69;13.43;
617;632;7.95;5.69;8.49;
617;641;9.68;5.69;9.84;
617;642;9.48;5.69;11.21;
617;644;8.22;5.69;10.57;
617;646;9.85;5.69;13.43;
618;620;6.64;6.35;7.89;
618;631;8.23;6.35;9.16;
618;632;5.46;6.35;8.49;
618;633;5.6;6.35;7.48;
618;635;9.62;6.35;4.83;
618;642;7.51;6.35;11.21;
618;644;7.28;6.35;10.57;
620;622;6.6;7.89;9.25;
620;629;7.69;7.89;12.12;
620;630;8.12;7.89;10.13;
620;631;5.03;7.89;9.16;
620;632;6.09;7.89;8.49;
620;633;8.78;7.89;7.48;
620;644;5.76;7.89;10.57;
620;646;7.5;7.89;13.43;
621;622;9.21;8.23;9.25;
621;623;6.6;8.23;10.37;
621;628;6.91;8.23;12.33;
621;629;8.44;8.23;12.12;
621;630;3.75;8.23;10.13;
621;631;8.19;8.23;9.16;
621;632;8.66;8.23;8.49;
621;646;6.1;8.23;13.43;
622;624;6.28;9.25;11.16;
622;627;8.08;9.25;12.64;
622;628;5.78;9.25;12.33;
622;629;4.57;9.25;12.12;
622;630;7.56;9.25;10.13;
622;631;8.18;9.25;9.16;
622;646;6.79;9.25;13.43;
623;624;9.93;10.37;11.16;
623;626;8.56;10.37;13.45;
623;627;7.91;10.37;12.64;
623;628;9.54;10.37;12.33;
623;629;8.42;10.37;12.12;
623;630;7.77;10.37;10.13;
624;626;5.43;11.16;13.45;
624;627;5.63;11.16;12.64;
624;628;6.64;11.16;12.33;
624;629;7.94;11.16;12.12;
626;627;3.83;13.45;12.64;
626;628;7.4;13.45;12.33;
626;629;9.61;13.45;12.12;
627;628;3.78;12.64;12.33;
627;629;6.29;12.64;12.12;
627;630;9.65;12.64;10.13;
628;629;3.71;12.33;12.12;
628;630;9.51;12.33;10.13;
628;631;9.21;12.33;9.16;
629;630;6.01;12.12;10.13;
629;631;6.79;12.12;9.16;
629;632;9.98;12.12;8.49;
629;645;9.31;12.12;9.84;
629;646;8.83;12.12;13.43;
630;631;4.59;10.13;9.16;
630;632;8.17;10.13;8.49;
630;644;9.1;10.13;10.57;
630;646;5.83;10.13;13.43;
631;632;3.77;9.16;8.49;
631;633;6.98;9.16;7.48;
631;644;6.73;9.16;10.57;
631;645;7.42;9.16;9.84;
631;646;7.37;9.16;13.43;
632;633;3.8;8.49;7.48;
632;642;8.54;8.49;11.21;
632;644;6.86;8.49;10.57;
632;645;6.98;8.49;9.84;
632;646;7.72;8.49;13.43;
633;635;7.22;7.48;4.83;
633;641;9.29;7.48;9.84;
633;642;5.5;7.48;11.21;
633;644;7.05;7.48;10.57;
633;645;9.89;7.48;9.84;
635;640;7.53;4.83;8.85;
635;641;6.27;4.83;9.84;
635;642;5.49;4.83;11.21;
638;639;3.74;5.26;6.24;
638;640;6.38;5.26;8.85;
638;641;6.51;5.26;9.84;
639;640;3.72;6.24;8.85;
639;641;5.91;6.24;9.84;
639;642;9.72;6.24;11.21;
640;641;4.0;8.85;9.84;
640;642;7.0;8.85;11.21;
641;642;3.91;9.84;11.21;
641;644;9.52;9.84;10.57;
642;644;6.65;11.21;10.57;
644;646;6.8;10.57;13.43;
