1;2;512;638;8.12;2.14;7.35;
1;2;512;639;8.49;2.14;6.07;
1;2;517;633;8.4;3.79;5.26;
1;2;517;634;7.31;3.79;6.26;
1;2;517;639;8.74;3.79;6.07;
1;2;517;640;9.84;3.79;6.52;
1;2;517;642;9.64;3.79;6.65;
1;2;519;617;7.28;4.43;2.29;
1;2;519;631;8.64;4.43;5.6;
1;2;519;632;5.25;4.43;6.08;
1;2;519;633;3.68;4.43;5.26;
1;2;519;634;5.25;4.43;6.26;
1;2;521;532;8.31;3.87;1.81;
1;2;521;534;9.69;3.87;1.87;
1;2;521;617;7.72;3.87;2.29;
1;2;521;630;9.95;3.87;6.68;
1;2;521;631;8.58;3.87;5.6;
1;2;521;632;5.44;3.87;6.08;
1;2;521;633;6.77;3.87;5.26;
1;2;521;634;9.06;3.87;6.26;
1;2;552;536;9.24;1.82;2.95;
1;2;554;534;9.5;1.86;1.87;
1;2;554;581;9.98;1.86;1.87;
1;2;554;582;8.61;1.86;1.59;
1;2;554;583;8.14;1.86;1.42;
1;2;557;583;9.17;2.62;1.42;
1;2;557;585;9.38;2.62;1.23;
1;2;559;532;9.22;3.97;1.81;
1;2;559;585;5.69;3.97;1.23;
1;2;560;532;9.66;3.81;1.81;
1;2;560;583;9.18;3.81;1.42;
1;2;560;585;5.5;3.81;1.23;
1;2;562;532;9.6;3.45;1.81;
1;2;562;534;8.97;3.45;1.87;
1;2;562;579;7.48;3.45;1.28;
1;2;562;581;9.57;3.45;1.87;
1;2;562;582;5.84;3.45;1.59;
1;2;562;583;4.73;3.45;1.42;
1;2;562;585;7.62;3.45;1.23;
1;2;563;534;8.81;2.73;1.87;
1;2;563;579;8.85;2.73;1.28;
1;2;563;581;8.21;2.73;1.87;
1;2;563;582;5.26;2.73;1.59;
1;2;563;583;5.26;2.73;1.42;
1;2;563;585;9.72;2.73;1.23;
1;2;564;534;9.21;2.03;1.87;
1;2;564;536;9.7;2.03;2.95;
1;2;564;579;9.04;2.03;1.28;
1;2;564;581;6.02;2.03;1.87;
1;2;564;582;4.98;2.03;1.59;
1;2;564;583;7.03;2.03;1.42;
1;2;565;534;8.62;2.15;1.87;
1;2;565;536;7.83;2.15;2.95;
1;2;565;581;6.22;2.15;1.87;
1;2;565;582;6.57;2.15;1.59;
1;2;565;583;8.12;2.15;1.42;
1;2;604;532;9.15;1.93;1.81;
1;2;606;532;9.8;2.24;1.81;
1;2;606;534;8.64;2.24;1.87;
1;2;606;536;9.99;2.24;2.95;
1;2;606;617;7.19;2.24;2.29;
1;2;606;632;8.49;2.24;6.08;
1;2;606;633;8.12;2.24;5.26;
1;2;606;634;8.7;2.24;6.26;
1;2;622;621;9.28;3.26;2.67;
1;2;622;627;9.77;3.26;5.41;
1;2;622;628;8.07;3.26;6.95;
1;2;622;629;6.99;3.26;6.08;
1;2;622;630;5.36;3.26;6.68;
1;2;622;631;7.74;3.26;5.6;
1;2;622;632;9.92;3.26;6.08;
1;2;624;621;9.82;4.25;2.67;
1;2;624;623;9.58;4.25;3.63;
1;2;624;627;8.77;4.25;5.41;
1;2;624;628;7.7;4.25;6.95;
1;2;624;629;9.47;4.25;6.08;
1;2;624;630;9.28;4.25;6.68;
1;2;626;623;8.94;4.66;3.63;
1;2;626;627;6.5;4.66;5.41;
1;2;626;628;7.33;4.66;6.95;
1;2;627;623;8.18;5.41;3.63;
1;2;627;627;3.37;5.41;5.41;
1;2;627;628;5.16;5.41;6.95;
1;2;627;629;8.33;5.41;6.08;
1;2;628;623;9.04;6.95;3.63;
1;2;628;627;4.38;6.95;5.41;
1;2;628;628;5.24;6.95;6.95;
1;2;628;629;6.6;6.95;6.08;
1;2;628;630;8.41;6.95;6.68;
1;2;629;621;8.52;6.08;2.67;
1;2;629;623;7.72;6.08;3.63;
1;2;629;627;6.03;6.08;5.41;
1;2;629;628;4.43;6.08;6.95;
1;2;629;629;3.44;6.08;6.08;
1;2;629;630;4.97;6.08;6.68;
1;2;629;631;8.24;6.08;5.6;
1;2;630;627;9.04;6.68;5.41;
1;2;630;628;7.63;6.68;6.95;
1;2;630;629;4.84;6.68;6.08;
1;2;630;630;5.56;6.68;6.68;
1;2;630;631;7.05;6.68;5.6;
1;2;631;621;9.06;5.6;2.67;
1;2;631;628;9.16;5.6;6.95;
1;2;631;629;5.38;5.6;6.08;
1;2;631;630;5.05;5.6;6.68;
1;2;631;631;4.78;5.6;5.6;
1;2;631;632;8.75;5.6;6.08;
1;2;631;644;7.08;5.6;7.74;
1;2;631;645;7.0;5.6;9.26;
1;2;632;629;9.24;6.08;6.08;
1;2;632;630;8.63;6.08;6.68;
1;2;632;631;6.82;6.08;5.6;
1;2;632;632;9.89;6.08;6.08;
1;2;632;643;8.88;6.08;7.91;
1;2;632;644;6.49;6.08;7.74;
1;2;632;645;5.79;6.08;9.26;
1;2;635;640;9.72;5.04;6.52;
1;2;635;641;9.54;5.04;7.38;
1;2;635;642;8.22;5.04;6.65;
1;2;635;643;7.69;5.04;7.91;
1;2;638;639;8.35;7.35;6.07;
1;2;638;640;7.03;7.35;6.52;
1;2;638;641;9.55;7.35;7.38;
1;2;639;639;7.28;6.07;6.07;
1;2;639;640;4.99;6.07;6.52;
1;2;639;641;6.54;6.07;7.38;
1;2;639;642;7.3;6.07;6.65;
1;2;639;643;9.05;6.07;7.91;
1;2;640;638;8.59;6.52;7.35;
1;2;640;639;5.11;6.52;6.07;
1;2;640;640;5.15;6.52;6.52;
1;2;640;641;7.91;6.52;7.38;
1;2;640;642;8.02;6.52;6.65;
1;2;641;633;7.91;7.38;5.26;
1;2;641;634;6.86;7.38;6.26;
1;2;641;639;6.22;7.38;6.07;
1;2;641;640;6.04;7.38;6.52;
1;2;641;641;7.23;7.38;7.38;
1;2;641;642;5.69;7.38;6.65;
1;2;641;643;8.4;7.38;7.91;
1;2;643;617;7.65;7.91;2.29;
1;2;643;631;8.04;7.91;5.6;
1;2;643;632;5.88;7.91;6.08;
1;2;643;633;3.45;7.91;5.26;
1;2;643;634;5.15;7.91;6.26;
1;2;643;640;9.66;7.91;6.52;
1;2;643;641;8.71;7.91;7.38;
1;2;643;642;5.31;7.91;6.65;
1;2;643;643;6.78;7.91;7.91;
1;2;643;644;7.14;7.91;7.74;
1;2;644;617;9.26;7.74;2.29;
1;2;644;630;8.12;7.74;6.68;
1;2;644;631;4.42;7.74;5.6;
1;2;644;632;3.84;7.74;6.08;
1;2;644;633;4.64;7.74;5.26;
1;2;644;634;8.1;7.74;6.26;
1;2;644;642;7.27;7.74;6.65;
1;2;644;643;6.7;7.74;7.91;
1;2;644;644;4.89;7.74;7.74;
1;2;644;645;8.28;7.74;9.26;
1;2;645;532;7.49;9.26;1.81;
1;2;645;617;7.8;9.26;2.29;
1;2;645;621;7.3;9.26;2.67;
1;2;645;630;7.24;9.26;6.68;
1;2;645;631;4.83;9.26;5.6;
1;2;645;632;3.25;9.26;6.08;
1;2;645;633;5.08;9.26;5.26;
1;2;645;634;8.55;9.26;6.26;
1;2;645;642;9.66;9.26;6.65;
1;2;645;643;9.47;9.26;7.91;
1;2;645;644;7.22;9.26;7.74;
1;2;646;532;6.95;8.73;1.81;
1;2;646;621;4.79;8.73;2.67;
1;2;646;629;8.62;8.73;6.08;
1;2;646;630;5.28;8.73;6.68;
1;2;646;631;5.25;8.73;5.6;
1;2;646;632;4.89;8.73;6.08;
1;2;646;633;8.13;8.73;5.26;
