513;514;3.81;0.5;0.71;
513;515;6.66;0.5;0.59;
513;517;9.05;0.5;1.2;
513;639;9.99;0.5;9.72;
513;640;8.63;0.5;12.3;
514;515;3.82;0.71;0.59;
514;517;8.16;0.71;1.2;
514;637;7.36;0.71;0.48;
514;638;9.6;0.71;5.37;
514;639;6.67;0.71;9.72;
514;640;6.04;0.71;12.3;
514;641;9.32;0.71;9.34;
515;517;6.82;0.59;1.2;
515;518;9.46;0.59;0.96;
515;635;7.24;0.59;3.3;
515;637;5.82;0.59;0.48;
515;639;6.66;0.59;9.72;
515;640;5.22;0.59;12.3;
515;641;7.06;0.59;9.34;
517;518;3.89;1.2;0.96;
517;519;7.01;1.2;2.32;
517;635;8.99;1.2;3.3;
517;639;8.54;1.2;9.72;
517;640;4.75;1.2;12.3;
517;641;4.28;1.2;9.34;
517;642;6.21;1.2;9.2;
517;643;8.5;1.2;13.17;
518;519;3.94;0.96;2.32;
518;617;9.35;0.96;1.23;
518;618;7.92;0.96;1.25;
518;620;9.83;0.96;1.09;
518;631;9.76;0.96;3.44;
518;632;8.22;0.96;6.12;
518;633;9.56;0.96;3.53;
518;634;6.64;0.96;3.48;
518;635;8.86;0.96;3.3;
518;640;7.43;0.96;12.3;
518;641;4.52;0.96;9.34;
518;642;4.31;0.96;9.2;
518;643;5.41;0.96;13.17;
518;644;6.67;0.96;10.01;
518;645;5.85;0.96;13.71;
518;646;9.14;0.96;12.17;
519;521;7.32;2.32;0.88;
519;606;6.66;2.32;1.5;
519;617;7.91;2.32;1.23;
519;618;9.71;2.32;1.25;
519;620;9.94;2.32;1.09;
519;631;8.54;2.32;3.44;
519;632;7.86;2.32;6.12;
519;633;8.79;2.32;3.53;
519;634;9.39;2.32;3.48;
519;635;9.99;2.32;3.3;
519;641;7.91;2.32;9.34;
519;642;5.76;2.32;9.2;
519;643;3.88;2.32;13.17;
519;644;5.2;2.32;10.01;
519;645;5.78;2.32;13.71;
519;646;9.4;2.32;12.17;
521;523;6.62;0.88;0.18;
521;532;7.87;0.88;1.4;
521;534;9.16;0.88;0.61;
521;552;9.52;0.88;0.58;
521;554;9.97;0.88;0.2;
521;604;6.28;0.88;0.47;
521;606;5.1;0.88;1.5;
521;617;8.61;0.88;1.23;
521;618;8.04;0.88;1.25;
521;620;8.8;0.88;1.09;
521;621;9.34;0.88;0.65;
521;643;7.07;0.88;13.17;
521;644;6.69;0.88;10.01;
521;646;5.22;0.88;12.17;
523;604;4.64;0.18;0.47;
523;606;9.32;0.18;1.5;
523;622;9.53;0.18;1.57;
523;624;9.48;0.18;1.6;
523;646;8.27;0.18;12.17;
532;534;7.06;1.4;0.61;
532;559;8.9;1.4;0.82;
532;560;9.66;1.4;1.0;
532;583;7.01;1.4;0.73;
532;585;4.07;1.4;0.94;
532;604;9.1;1.4;0.47;
532;617;8.46;1.4;1.23;
532;618;5.83;1.4;1.25;
532;620;5.86;1.4;1.09;
532;621;8.18;1.4;0.65;
532;645;9.09;1.4;13.71;
532;646;9.92;1.4;12.17;
534;536;6.7;0.61;0.59;
534;554;9.84;0.61;0.2;
534;562;9.99;0.61;0.95;
534;563;9.6;0.61;0.93;
534;565;9.59;0.61;0.31;
534;579;8.01;0.61;0.49;
534;581;7.02;0.61;0.3;
534;582;5.77;0.61;0.5;
534;583;4.35;0.61;0.73;
534;585;9.04;0.61;0.94;
534;606;9.0;0.61;1.5;
534;615;8.64;0.61;0.42;
534;617;4.89;0.61;1.23;
534;618;6.27;0.61;1.25;
534;643;8.85;0.61;13.17;
536;552;9.89;0.59;0.58;
536;581;5.26;0.59;0.3;
536;582;7.9;0.59;0.5;
536;583;9.56;0.59;0.73;
536;615;5.44;0.59;0.42;
536;617;7.47;0.59;1.23;
552;554;6.66;0.58;0.2;
552;565;6.02;0.58;0.31;
552;581;9.37;0.58;0.3;
552;582;9.54;0.58;0.5;
552;604;8.58;0.58;0.47;
552;606;4.8;0.58;1.5;
554;557;8.11;0.2;0.53;
554;562;9.25;0.2;0.95;
554;563;5.81;0.2;0.93;
554;565;4.56;0.2;0.31;
554;581;9.95;0.2;0.3;
554;582;7.54;0.2;0.5;
554;583;7.04;0.2;0.73;
554;604;5.52;0.2;0.47;
554;606;8.22;0.2;1.5;
557;559;6.84;0.53;0.82;
557;560;8.24;0.53;1.0;
557;562;6.52;0.53;0.95;
557;563;6.03;0.53;0.93;
557;583;9.36;0.53;0.73;
557;585;7.95;0.53;0.94;
557;604;9.33;0.53;0.47;
559;560;3.85;0.82;1.0;
559;562;8.42;0.82;0.95;
559;576;9.85;0.82;0.43;
559;585;5.06;0.82;0.94;
559;590;7.66;0.82;0.11;
560;562;6.76;1.0;0.95;
560;563;9.93;1.0;0.93;
560;576;6.15;1.0;0.43;
560;585;5.84;1.0;0.94;
560;590;7.53;1.0;0.11;
562;563;3.84;0.95;0.93;
562;565;9.97;0.95;0.31;
562;576;7.45;0.95;0.43;
562;579;7.07;0.95;0.49;
562;582;7.22;0.95;0.5;
562;583;5.93;0.95;0.73;
562;585;7.4;0.95;0.94;
563;565;6.49;0.93;0.31;
563;579;7.7;0.93;0.49;
563;581;9.34;0.93;0.3;
563;582;5.75;0.93;0.5;
563;583;5.35;0.93;0.73;
563;585;8.82;0.93;0.94;
563;604;9.81;0.93;0.47;
565;579;9.54;0.31;0.49;
565;581;6.55;0.31;0.3;
565;582;5.51;0.31;0.5;
565;583;7.42;0.31;0.73;
565;604;9.66;0.31;0.47;
565;606;9.29;0.31;1.5;
576;579;9.34;0.43;0.49;
576;585;9.23;0.43;0.94;
579;581;6.12;0.49;0.3;
579;582;4.55;0.49;0.5;
579;583;6.43;0.49;0.73;
581;582;3.87;0.3;0.5;
581;583;7.2;0.3;0.73;
581;615;9.82;0.3;0.42;
582;583;3.8;0.5;0.73;
583;585;6.91;0.73;0.94;
583;604;9.21;0.73;0.47;
583;617;9.06;0.73;1.23;
583;618;9.37;0.73;1.25;
585;590;9.83;0.94;0.11;
585;604;9.65;0.94;0.47;
585;618;9.66;0.94;1.25;
585;620;9.13;0.94;1.09;
604;606;7.1;0.47;1.5;
606;617;9.27;1.5;1.23;
606;643;8.12;1.5;13.17;
606;644;9.37;1.5;10.01;
615;617;7.0;0.42;1.23;
615;634;7.96;0.42;3.48;
615;635;8.3;0.42;3.3;
615;637;7.74;0.42;0.48;
615;638;8.08;0.42;5.37;
615;640;9.81;0.42;12.3;
615;641;9.9;0.42;9.34;
615;642;8.5;0.42;9.2;
615;643;9.96;0.42;13.17;
617;618;3.88;1.23;1.25;
617;620;9.82;1.23;1.09;
617;633;8.67;1.23;3.53;
617;634;6.14;1.23;3.48;
617;635;9.11;1.23;3.3;
617;641;9.77;1.23;9.34;
617;642;6.18;1.23;9.2;
617;643;9.05;1.23;13.17;
617;644;7.88;1.23;10.01;
617;645;9.14;1.23;13.71;
618;620;6.11;1.25;1.09;
618;621;9.65;1.25;0.65;
618;631;9.65;1.25;3.44;
618;632;9.19;1.25;6.12;
618;633;8.45;1.25;3.53;
618;634;6.92;1.25;3.48;
618;642;8.32;1.25;9.2;
618;643;8.03;1.25;13.17;
618;644;6.08;1.25;10.01;
618;645;5.88;1.25;13.71;
618;646;8.71;1.25;12.17;
620;621;3.93;1.09;0.65;
620;623;9.59;1.09;1.5;
620;629;9.26;1.09;3.39;
620;630;5.98;1.09;4.01;
620;631;9.36;1.09;3.44;
620;632;9.61;1.09;6.12;
620;644;7.6;1.09;10.01;
620;645;4.84;1.09;13.71;
620;646;4.22;1.09;12.17;
621;622;9.07;0.65;1.57;
621;623;6.13;0.65;1.5;
621;624;9.98;0.65;1.6;
621;628;7.04;0.65;4.02;
621;629;7.71;0.65;3.39;
621;630;5.36;0.65;4.01;
621;631;9.22;0.65;3.44;
621;645;8.01;0.65;13.71;
621;646;5.52;0.65;12.17;
622;624;5.98;1.57;1.6;
622;627;7.85;1.57;4.3;
622;628;5.61;1.57;4.02;
622;629;4.53;1.57;3.39;
622;630;7.14;1.57;4.01;
622;631;8.63;1.57;3.44;
622;646;6.45;1.57;12.17;
623;624;8.81;1.5;1.6;
623;626;7.45;1.5;2.7;
623;627;7.18;1.5;4.3;
623;628;8.68;1.5;4.02;
623;629;8.65;1.5;3.39;
623;630;8.71;1.5;4.01;
623;646;9.17;1.5;12.17;
624;626;5.31;1.6;2.7;
624;627;5.42;1.6;4.3;
624;628;6.69;1.6;4.02;
624;629;8.07;1.6;3.39;
626;627;3.87;2.7;4.3;
626;628;7.58;2.7;4.02;
626;629;9.81;2.7;3.39;
627;628;3.84;4.3;4.02;
627;629;6.87;4.3;3.39;
627;630;8.43;4.3;4.01;
628;629;3.76;4.02;3.39;
628;630;6.51;4.02;4.01;
628;631;9.6;4.02;3.44;
628;646;8.87;4.02;12.17;
629;630;3.87;3.39;4.01;
629;631;6.06;3.39;3.44;
629;632;9.17;3.39;6.12;
629;646;9.51;3.39;12.17;
630;631;3.84;4.01;3.44;
630;632;5.75;4.01;6.12;
630;644;9.76;4.01;10.01;
630;645;6.43;4.01;13.71;
630;646;8.51;4.01;12.17;
631;632;3.79;3.44;6.12;
631;633;9.61;3.44;3.53;
631;642;9.98;3.44;9.2;
631;643;9.77;3.44;13.17;
631;644;7.68;3.44;10.01;
631;645;8.59;3.44;13.71;
631;646;8.01;3.44;12.17;
632;633;8.97;6.12;3.53;
632;634;7.44;6.12;3.48;
632;635;9.76;6.12;3.3;
632;641;9.17;6.12;9.34;
632;642;6.28;6.12;9.2;
632;643;4.97;6.12;13.17;
632;644;8.48;6.12;10.01;
632;645;5.67;6.12;13.71;
632;646;7.69;6.12;12.17;
633;634;3.98;3.53;3.48;
633;635;7.66;3.53;3.3;
633;640;9.19;3.53;12.3;
633;641;5.62;3.53;9.34;
633;642;4.01;3.53;9.2;
633;643;3.3;3.53;13.17;
633;644;3.75;3.53;10.01;
633;645;7.29;3.53;13.71;
634;635;9.82;3.48;3.3;
634;637;9.36;3.48;0.48;
634;640;7.82;3.48;12.3;
634;641;5.54;3.48;9.34;
634;642;5.81;3.48;9.2;
634;643;4.07;3.48;13.17;
634;644;5.51;3.48;10.01;
634;645;8.14;3.48;13.71;
635;637;6.4;3.3;0.48;
635;638;9.02;3.3;5.37;
635;639;9.57;3.3;9.72;
635;640;9.29;3.3;12.3;
635;641;7.04;3.3;9.34;
635;642;8.04;3.3;9.2;
635;643;5.45;3.3;13.17;
635;644;8.55;3.3;10.01;
637;638;9.15;0.48;5.37;
637;639;7.05;0.48;9.72;
637;640;9.25;0.48;12.3;
637;641;9.53;0.48;9.34;
638;639;3.78;5.37;9.72;
638;640;5.59;5.37;12.3;
638;641;8.27;5.37;9.34;
639;640;3.85;9.72;12.3;
639;641;6.84;9.72;9.34;
639;642;9.72;9.72;9.2;
640;641;3.82;12.3;9.34;
640;642;7.43;12.3;9.2;
640;643;9.57;12.3;13.17;
641;642;3.85;9.34;9.2;
641;643;6.37;9.34;13.17;
641;644;9.1;9.34;10.01;
642;643;3.94;9.2;13.17;
642;644;6.9;9.2;10.01;
642;645;9.61;9.2;13.71;
643;644;3.94;13.17;10.01;
643;645;6.03;13.17;13.71;
643;646;9.56;13.17;12.17;
644;645;3.74;10.01;13.71;
644;646;6.93;10.01;12.17;
645;646;3.89;13.71;12.17;
