512;638;8.12;1.85;1.38;
512;639;8.49;1.85;0.95;
512;640;8.93;1.85;3.48;
517;519;7.32;0.47;1.99;
517;633;8.4;0.47;0.94;
517;634;7.31;0.47;1.21;
517;635;9.44;0.47;2.42;
517;639;8.74;0.47;0.95;
517;640;9.84;0.47;3.48;
517;641;4.26;0.47;2.63;
517;642;9.64;0.47;3.05;
517;643;7.09;0.47;2.91;
519;521;6.37;1.99;2.03;
519;606;7.06;1.99;1.27;
519;617;7.28;1.99;1.01;
519;631;8.64;1.99;1.9;
519;632;5.25;1.99;1.28;
519;633;3.68;1.99;0.94;
519;634;5.25;1.99;1.21;
519;641;8.75;1.99;2.63;
519;643;5.81;1.99;2.91;
519;644;6.93;1.99;2.65;
519;645;7.85;1.99;2.48;
519;646;9.67;1.99;2.74;
521;523;6.73;2.03;0.38;
521;532;8.31;2.03;0.62;
521;534;9.69;2.03;0.5;
521;552;8.54;2.03;1.13;
521;554;9.76;2.03;0.47;
521;604;6.72;2.03;0.49;
521;606;3.87;2.03;1.27;
521;617;7.72;2.03;1.01;
521;630;9.95;2.03;3.46;
521;631;8.58;2.03;1.9;
521;632;5.44;2.03;1.28;
521;633;6.77;2.03;0.94;
521;634;9.06;2.03;1.21;
521;644;9.18;2.03;2.65;
521;645;7.13;2.03;2.48;
521;646;6.1;2.03;2.74;
523;554;9.79;0.38;0.47;
523;604;4.32;0.38;0.49;
523;606;8.85;0.38;1.27;
523;622;9.14;0.38;2.3;
523;624;8.71;0.38;1.71;
523;646;7.87;0.38;2.74;
532;534;6.5;0.62;0.5;
532;559;9.22;0.62;1.63;
532;560;9.66;0.62;1.75;
532;562;9.6;0.62;1.17;
532;583;6.54;0.62;0.23;
532;585;4.27;0.62;0.44;
532;604;9.15;0.62;0.49;
532;606;9.8;0.62;1.27;
532;617;8.14;0.62;1.01;
532;621;9.01;0.62;1.91;
532;632;9.37;0.62;1.28;
532;645;7.49;0.62;2.48;
532;646;6.95;0.62;2.74;
534;536;6.85;0.5;0.96;
534;554;9.5;0.5;0.47;
534;562;8.97;0.5;1.17;
534;563;8.81;0.5;0.7;
534;564;9.21;0.5;0.57;
534;565;8.62;0.5;0.59;
534;579;7.99;0.5;0.29;
534;581;7.0;0.5;0.13;
534;582;5.63;0.5;0.14;
534;583;4.26;0.5;0.23;
534;585;8.79;0.5;0.44;
534;606;8.64;0.5;1.27;
534;617;5.15;0.5;1.01;
534;633;9.99;0.5;0.94;
534;634;9.18;0.5;1.21;
536;552;9.24;0.96;1.13;
536;564;9.7;0.96;0.57;
536;565;7.83;0.96;0.59;
536;579;9.84;0.96;0.29;
536;581;4.96;0.96;0.13;
536;582;7.65;0.96;0.14;
536;583;9.53;0.96;0.23;
536;606;9.99;0.96;1.27;
536;617;7.78;0.96;1.01;
536;634;9.75;0.96;1.21;
552;554;6.63;1.13;0.47;
552;564;9.77;1.13;0.57;
552;565;6.06;1.13;0.59;
552;604;8.61;1.13;0.49;
552;606;4.84;1.13;1.27;
554;557;8.1;0.47;0.83;
554;562;9.28;0.47;1.17;
554;563;5.93;0.47;0.7;
554;564;5.87;0.47;0.57;
554;565;4.68;0.47;0.59;
554;581;9.98;0.47;0.13;
554;582;8.61;0.47;0.14;
554;583;8.14;0.47;0.23;
554;604;5.48;0.47;0.49;
554;606;7.79;0.47;1.27;
557;559;6.85;0.83;1.63;
557;560;8.31;0.83;1.75;
557;562;6.49;0.83;1.17;
557;563;5.95;0.83;0.7;
557;564;9.26;0.83;0.57;
557;583;9.17;0.83;0.23;
557;585;9.38;0.83;0.44;
557;604;9.17;0.83;0.49;
559;560;3.85;1.63;1.75;
559;562;8.37;1.63;1.17;
559;585;5.69;1.63;0.44;
560;562;6.82;1.75;1.17;
560;583;9.18;1.75;0.23;
560;585;5.5;1.75;0.44;
562;563;3.84;1.17;0.7;
562;564;7.08;1.17;0.57;
562;565;9.9;1.17;0.59;
562;579;7.48;1.17;0.29;
562;581;9.57;1.17;0.13;
562;582;5.84;1.17;0.14;
562;583;4.73;1.17;0.23;
562;585;7.62;1.17;0.44;
563;564;3.8;0.7;0.57;
563;565;6.55;0.7;0.59;
563;579;8.85;0.7;0.29;
563;581;8.21;0.7;0.13;
563;582;5.26;0.7;0.14;
563;583;5.26;0.7;0.23;
563;585;9.72;0.7;0.44;
563;604;9.82;0.7;0.49;
564;565;3.82;0.57;0.59;
564;579;9.04;0.57;0.29;
564;581;6.02;0.57;0.13;
564;582;4.98;0.57;0.14;
564;583;7.03;0.57;0.23;
565;581;6.22;0.59;0.13;
565;582;6.57;0.59;0.14;
565;583;8.12;0.59;0.23;
565;604;9.71;0.59;0.49;
565;606;8.73;0.59;1.27;
579;581;6.21;0.29;0.13;
579;582;4.68;0.29;0.14;
579;583;6.59;0.29;0.23;
581;582;3.83;0.13;0.14;
581;583;7.22;0.13;0.23;
582;583;3.81;0.14;0.23;
583;585;6.73;0.23;0.44;
583;617;9.2;0.23;1.01;
604;606;7.02;0.49;1.27;
604;646;9.62;0.49;2.74;
606;617;7.19;1.27;1.01;
606;632;8.49;1.27;1.28;
606;633;8.12;1.27;0.94;
606;634;8.7;1.27;1.21;
606;646;9.75;1.27;2.74;
617;632;7.99;1.01;1.28;
617;633;5.26;1.01;0.94;
617;634;4.11;1.01;1.21;
617;643;7.65;1.01;2.91;
617;644;9.26;1.01;2.65;
617;645;7.8;1.01;2.48;
621;622;9.28;1.91;2.3;
621;623;6.0;1.91;1.52;
621;624;9.82;1.91;1.71;
621;628;7.46;1.91;4.3;
621;629;6.19;1.91;3.87;
621;630;5.19;1.91;3.46;
621;631;7.3;1.91;1.9;
621;632;8.98;1.91;1.28;
621;645;7.3;1.91;2.48;
621;646;4.79;1.91;2.74;
622;624;6.65;2.3;1.71;
622;627;9.77;2.3;3.36;
622;628;8.07;2.3;4.3;
622;629;6.99;2.3;3.87;
622;630;5.36;2.3;3.46;
622;631;7.74;2.3;1.9;
622;632;9.92;2.3;1.28;
622;646;8.5;2.3;2.74;
623;624;9.58;1.52;1.71;
623;626;8.94;1.52;3.96;
623;627;6.88;1.52;3.36;
623;628;3.83;1.52;4.3;
623;629;5.54;1.52;3.87;
623;630;8.04;1.52;3.46;
624;626;5.51;1.71;3.96;
624;627;8.77;1.71;3.36;
624;628;7.7;1.71;4.3;
624;629;9.47;1.71;3.87;
624;630;9.28;1.71;3.46;
626;627;6.5;3.96;3.36;
626;628;7.33;3.96;4.3;
626;629;9.61;3.96;3.87;
627;628;3.83;3.36;4.3;
627;629;6.95;3.36;3.87;
627;630;9.04;3.36;3.46;
628;629;3.87;4.3;3.87;
628;630;6.9;4.3;3.46;
628;631;9.16;4.3;1.9;
629;630;3.9;3.87;3.46;
629;631;7.12;3.87;1.9;
629;632;9.24;3.87;1.28;
629;646;8.62;3.87;2.74;
630;631;3.87;3.46;1.9;
630;632;7.11;3.46;1.28;
630;644;9.53;3.46;2.65;
630;645;7.24;3.46;2.48;
630;646;5.28;3.46;2.74;
631;632;4.08;1.9;1.28;
631;633;7.53;1.9;0.94;
631;643;8.04;1.9;2.91;
631;644;6.92;1.9;2.65;
631;645;9.09;1.9;2.48;
631;646;5.25;1.9;2.74;
632;633;3.92;1.28;0.94;
632;634;7.81;1.28;1.21;
632;643;5.88;1.28;2.91;
632;644;8.42;1.28;2.65;
632;645;3.25;1.28;2.48;
632;646;4.89;1.28;2.74;
633;634;3.94;0.94;1.21;
633;641;7.91;0.94;2.63;
633;642;8.39;0.94;3.05;
633;643;9.79;0.94;2.91;
633;644;9.18;0.94;2.65;
633;645;5.08;0.94;2.48;
633;646;8.13;0.94;2.74;
634;639;9.44;1.21;0.95;
634;641;6.86;1.21;2.63;
634;642;8.73;1.21;3.05;
634;643;5.15;1.21;2.91;
634;644;8.1;1.21;2.65;
634;645;8.55;1.21;2.48;
635;638;8.15;2.42;1.38;
635;639;5.52;2.42;0.95;
635;640;9.72;2.42;3.48;
635;641;9.54;2.42;2.63;
635;642;8.22;2.42;3.05;
635;643;7.69;2.42;2.91;
638;639;3.86;1.38;0.95;
638;640;6.67;1.38;3.48;
638;641;10.0;1.38;2.63;
639;640;3.85;0.95;3.48;
639;641;7.35;0.95;2.63;
639;642;8.73;0.95;3.05;
639;643;9.05;0.95;2.91;
640;641;3.93;3.48;2.63;
640;642;6.23;3.48;3.05;
640;643;9.51;3.48;2.91;
641;642;3.77;2.63;3.05;
641;643;6.57;2.63;2.91;
641;644;8.84;2.63;2.65;
642;643;3.85;3.05;2.91;
642;644;6.81;3.05;2.65;
642;645;9.51;3.05;2.48;
643;644;3.83;2.91;2.65;
643;645;5.74;2.91;2.48;
644;645;3.78;2.65;2.48;
644;646;7.37;2.65;2.74;
645;646;4.2;2.48;2.74;
