1;2;16;20;7.61;10.03;6.86;
1;2;18;16;9.31;9.07;10.03;
1;2;18;18;4.52;9.07;9.07;
1;2;18;19;6.82;9.07;7.44;
1;2;18;20;5.13;9.07;6.86;
1;2;19;18;4.99;7.44;9.07;
1;2;19;19;5.11;7.44;7.44;
1;2;19;20;4.49;7.44;6.86;
1;2;20;16;7.27;6.86;10.03;
1;2;20;18;4.25;6.86;9.07;
1;2;20;19;5.43;6.86;7.44;
1;2;20;20;6.88;6.86;6.86;
1;2;21;16;6.95;4.65;10.03;
1;2;21;18;6.41;4.65;9.07;
1;2;21;19;6.56;4.65;7.44;
1;2;21;20;9.45;4.65;6.86;
1;2;72;322;7.86;0.74;1.56;
1;2;82;269;5.84;0.95;0.98;
1;2;82;270;5.53;0.95;1.15;
1;2;82;272;5.66;0.95;1.32;
1;2;82;273;9.48;0.95;1.27;
1;2;83;204;8.17;0.99;0.91;
1;2;83;269;5.18;0.99;0.98;
1;2;83;270;6.25;0.99;1.15;
1;2;83;272;8.08;0.99;1.32;
1;2;163;272;6.22;0.93;1.32;
1;2;163;273;5.26;0.93;1.27;
1;2;163;274;8.33;0.93;1.01;
1;2;164;272;7.6;0.91;1.32;
1;2;164;273;6.49;0.91;1.27;
1;2;164;274;8.23;0.91;1.01;
1;2;166;269;9.44;0.74;0.98;
1;2;166;272;5.67;0.74;1.32;
1;2;166;273;7.69;0.74;1.27;
1;2;180;320;8.94;1.26;1.64;
1;2;180;321;5.92;1.26;1.59;
1;2;180;322;4.01;1.26;1.56;
1;2;180;323;6.06;1.26;1.24;
1;2;180;326;9.57;1.26;1.09;
1;2;181;320;7.73;0.94;1.64;
1;2;181;321;5.85;0.94;1.59;
1;2;181;322;5.04;0.94;1.56;
1;2;181;323;8.45;0.94;1.24;
1;2;204;83;8.0;0.91;0.99;
1;2;204;310;7.49;0.91;1.09;
1;2;269;82;5.96;0.98;0.95;
1;2;269;83;5.31;0.98;0.99;
1;2;269;166;9.35;0.98;0.74;
1;2;270;82;5.6;1.15;0.95;
1;2;270;83;6.3;1.15;0.99;
1;2;272;82;5.91;1.32;0.95;
1;2;272;83;8.24;1.32;0.99;
1;2;272;163;6.04;1.32;0.93;
1;2;272;164;7.41;1.32;0.91;
1;2;272;166;5.67;1.32;0.74;
1;2;273;82;9.72;1.27;0.95;
1;2;273;163;5.29;1.27;0.93;
1;2;273;164;6.46;1.27;0.91;
1;2;273;166;7.85;1.27;0.74;
1;2;274;163;8.45;1.01;0.93;
1;2;274;164;8.33;1.01;0.91;
1;2;310;204;7.39;1.09;0.91;
1;2;320;180;9.06;1.64;1.26;
1;2;320;181;7.83;1.64;0.94;
1;2;320;320;8.38;1.64;1.64;
1;2;321;72;9.94;1.59;0.74;
1;2;321;180;6.02;1.59;1.26;
1;2;321;181;5.86;1.59;0.94;
1;2;322;72;7.69;1.56;0.74;
1;2;322;180;4.07;1.56;1.26;
1;2;322;181;4.98;1.56;0.94;
1;2;323;180;5.99;1.24;1.26;
1;2;323;181;8.33;1.24;0.94;
1;2;326;19;9.33;1.09;7.44;
1;2;326;180;9.47;1.09;1.26;
