1;2;74;93;8.35;0.81;0.65;
1;2;74;149;8.94;0.81;0.79;
1;2;74;151;9.69;0.81;1.06;
1;2;74;158;8.88;0.81;0.68;
1;2;74;159;9.03;0.81;0.66;
1;2;74;160;9.18;0.81;0.7;
1;2;76;160;9.41;0.65;0.7;
1;2;89;74;9.82;0.7;0.81;
1;2;89;320;4.94;0.7;1.28;
1;2;90;74;9.0;0.78;0.81;
1;2;90;320;5.92;0.78;1.28;
1;2;93;74;6.82;0.65;0.81;
1;2;93;174;7.92;0.65;0.89;
1;2;93;176;8.73;0.65;1.67;
1;2;93;320;8.87;0.65;1.28;
1;2;97;74;9.1;0.65;0.81;
1;2;97;174;7.09;0.65;0.89;
1;2;97;175;8.09;0.65;1.01;
1;2;97;176;6.72;0.65;1.67;
1;2;147;147;8.25;0.66;0.66;
1;2;147;148;6.54;0.66;0.71;
1;2;147;149;4.47;0.66;0.79;
1;2;147;150;7.36;0.66;0.97;
1;2;147;151;8.92;0.66;1.06;
1;2;147;158;7.02;0.66;0.68;
1;2;147;159;9.66;0.66;0.66;
1;2;148;147;6.05;0.71;0.66;
1;2;148;148;5.58;0.71;0.71;
1;2;148;149;5.41;0.71;0.79;
1;2;148;150;8.17;0.71;0.97;
1;2;148;158;7.42;0.71;0.68;
1;2;148;173;9.06;0.71;0.67;
1;2;148;174;9.52;0.71;0.89;
1;2;149;74;8.24;0.79;0.81;
1;2;149;147;3.76;0.79;0.66;
1;2;149;148;5.13;0.79;0.71;
1;2;149;149;7.14;0.79;0.79;
1;2;149;150;9.61;0.79;0.97;
1;2;149;158;7.76;0.79;0.68;
1;2;149;173;5.58;0.79;0.67;
1;2;149;174;6.78;0.79;0.89;
1;2;149;175;9.25;0.79;1.01;
1;2;150;147;6.39;0.97;0.66;
1;2;150;148;7.24;0.97;0.71;
1;2;150;149;9.1;0.97;0.79;
1;2;150;173;6.34;0.97;0.67;
1;2;150;174;7.45;0.97;0.89;
1;2;150;175;8.33;0.97;1.01;
1;2;151;74;9.08;1.06;0.81;
1;2;151;147;8.11;1.06;0.66;
1;2;151;173;5.13;1.06;0.67;
1;2;151;174;5.39;1.06;0.89;
1;2;151;175;4.88;1.06;1.01;
1;2;151;176;8.14;1.06;1.67;
1;2;151;184;7.04;1.06;0.68;
1;2;151;187;9.55;1.06;1.09;
1;2;152;173;8.06;1.42;0.67;
1;2;152;174;8.17;1.42;0.89;
1;2;152;175;5.75;1.42;1.01;
1;2;152;176;8.81;1.42;1.67;
1;2;152;184;5.32;1.42;0.68;
1;2;152;187;5.82;1.42;1.09;
1;2;153;174;9.12;0.87;0.89;
1;2;153;175;6.4;0.87;1.01;
1;2;153;176;7.95;0.87;1.67;
1;2;153;184;7.99;0.87;0.68;
1;2;153;187;5.76;0.87;1.09;
1;2;154;173;8.9;0.8;0.67;
1;2;154;174;6.99;0.8;0.89;
1;2;154;175;5.62;0.8;1.01;
1;2;154;176;6.6;0.8;1.67;
1;2;154;184;9.55;0.8;0.68;
1;2;154;187;9.53;0.8;1.09;
1;2;156;74;7.85;0.66;0.81;
1;2;156;147;8.1;0.66;0.66;
1;2;156;148;9.63;0.66;0.71;
1;2;156;173;7.88;0.66;0.67;
1;2;156;174;6.21;0.66;0.89;
1;2;156;175;8.59;0.66;1.01;
1;2;156;176;9.3;0.66;1.67;
1;2;158;74;8.28;0.68;0.81;
1;2;158;147;7.36;0.68;0.66;
1;2;158;148;8.39;0.68;0.71;
1;2;158;149;8.79;0.68;0.79;
1;2;158;158;6.9;0.68;0.68;
1;2;158;159;8.4;0.68;0.66;
1;2;158;160;9.62;0.68;0.7;
1;2;158;173;9.72;0.68;0.67;
1;2;158;174;9.53;0.68;0.89;
1;2;159;74;8.55;0.66;0.81;
1;2;159;158;9.2;0.66;0.68;
1;2;159;159;9.3;0.66;0.66;
1;2;159;160;9.18;0.66;0.7;
1;2;160;74;9.37;0.7;0.81;
1;2;160;76;9.09;0.7;0.65;
1;2;160;159;9.59;0.7;0.66;
1;2;160;160;8.38;0.7;0.7;
1;2;160;169;9.38;0.7;0.64;
1;2;160;320;9.28;0.7;1.28;
1;2;169;160;9.73;0.64;0.7;
1;2;173;148;9.06;0.67;0.71;
1;2;173;149;5.73;0.67;0.79;
1;2;173;150;7.15;0.67;0.97;
1;2;173;151;6.73;0.67;1.06;
1;2;173;152;9.67;0.67;1.42;
1;2;173;158;9.23;0.67;0.68;
1;2;174;93;9.12;0.89;0.65;
1;2;174;148;9.43;0.89;0.71;
1;2;174;149;6.38;0.89;0.79;
1;2;174;150;7.25;0.89;0.97;
1;2;174;151;5.41;0.89;1.06;
1;2;174;152;8.34;0.89;1.42;
1;2;174;158;9.16;0.89;0.68;
1;2;175;149;8.96;1.01;0.79;
1;2;175;150;8.2;1.01;0.97;
1;2;175;151;4.77;1.01;1.06;
1;2;175;152;5.87;1.01;1.42;
1;2;176;93;9.9;1.67;0.65;
1;2;176;151;7.37;1.67;1.06;
1;2;176;152;7.75;1.67;1.42;
1;2;184;151;7.71;0.68;1.06;
1;2;184;152;6.67;0.68;1.42;
1;2;187;151;9.23;1.09;1.06;
1;2;187;152;5.48;1.09;1.42;
1;2;320;89;7.59;1.28;0.7;
1;2;320;160;9.98;1.28;0.7;
