74;76;6.63;0.47;0.35;
74;89;9.82;0.47;0.22;
74;90;9.0;0.47;0.07;
74;93;6.82;0.47;0.12;
74;97;9.1;0.47;0.2;
74;147;7.98;0.47;0.79;
74;149;8.24;0.47;0.55;
74;151;9.08;0.47;0.92;
74;156;7.85;0.47;0.8;
74;158;8.28;0.47;0.6;
74;159;8.55;0.47;0.32;
74;160;9.37;0.47;0.33;
74;173;5.21;0.47;0.31;
74;174;4.11;0.47;0.44;
74;175;7.55;0.47;0.39;
74;176;8.74;0.47;0.44;
74;320;9.24;0.47;0.29;
76;147;9.12;0.35;0.79;
76;158;9.4;0.35;0.6;
76;159;8.5;0.35;0.32;
76;160;9.74;0.35;0.33;
76;169;5.69;0.35;0.32;
76;173;8.83;0.35;0.31;
76;320;9.68;0.35;0.29;
89;90;3.87;0.22;0.07;
89;93;5.96;0.22;0.12;
89;159;9.63;0.22;0.32;
89;160;8.22;0.22;0.33;
89;320;7.59;0.22;0.29;
90;93;5.09;0.07;0.12;
90;320;5.92;0.07;0.29;
93;97;6.3;0.12;0.2;
93;156;8.02;0.12;0.8;
93;158;8.86;0.12;0.6;
93;159;7.81;0.12;0.32;
93;160;8.89;0.12;0.33;
93;174;9.12;0.12;0.44;
93;176;9.9;0.12;0.44;
93;320;8.87;0.12;0.29;
97;148;9.78;0.2;0.65;
97;149;9.42;0.2;0.55;
97;151;9.33;0.2;0.92;
97;154;6.62;0.2;0.42;
97;156;4.76;0.2;0.8;
97;158;9.79;0.2;0.6;
97;174;7.09;0.2;0.44;
97;175;8.09;0.2;0.39;
97;176;6.72;0.2;0.44;
147;148;3.82;0.79;0.65;
147;149;7.23;0.79;0.55;
147;150;6.39;0.79;0.79;
147;151;8.11;0.79;0.92;
147;156;8.1;0.79;0.8;
147;158;5.18;0.79;0.6;
147;159;8.24;0.79;0.32;
147;173;5.24;0.79;0.31;
147;174;7.98;0.79;0.44;
148;149;3.8;0.65;0.55;
148;150;6.52;0.65;0.79;
148;151;9.32;0.65;0.92;
148;156;9.63;0.65;0.8;
148;158;4.88;0.65;0.6;
148;159;8.56;0.65;0.32;
148;173;8.77;0.65;0.31;
148;174;9.43;0.65;0.44;
149;150;3.71;0.55;0.79;
149;151;6.08;0.55;0.92;
149;152;9.8;0.55;1.0;
149;154;8.41;0.55;0.42;
149;156;5.03;0.55;0.8;
149;158;6.53;0.55;0.6;
149;159;9.9;0.55;0.32;
149;173;5.73;0.55;0.31;
149;174;6.38;0.55;0.44;
149;175;8.96;0.55;0.39;
150;151;3.82;0.79;0.92;
150;152;6.85;0.79;1.0;
150;153;7.98;0.79;0.62;
150;154;6.45;0.79;0.42;
150;156;6.72;0.79;0.8;
150;158;10.0;0.79;0.6;
150;173;7.15;0.79;0.31;
150;174;7.25;0.79;0.44;
150;175;8.2;0.79;0.39;
151;152;3.86;0.92;1.0;
151;153;5.49;0.92;0.62;
151;154;4.76;0.92;0.42;
151;156;7.56;0.92;0.8;
151;173;6.73;0.92;0.31;
151;174;5.41;0.92;0.44;
151;175;4.77;0.92;0.39;
151;176;7.37;0.92;0.44;
151;184;7.71;0.92;0.27;
151;187;9.23;0.92;0.26;
152;153;3.78;1.0;0.62;
152;154;5.91;1.0;0.42;
152;173;9.67;1.0;0.31;
152;174;8.34;1.0;0.44;
152;175;5.87;1.0;0.39;
152;176;7.75;1.0;0.44;
152;184;6.67;1.0;0.27;
152;187;5.48;1.0;0.26;
153;154;3.82;0.62;0.42;
153;174;9.12;0.62;0.44;
153;175;6.4;0.62;0.39;
153;176;7.95;0.62;0.44;
153;184;7.99;0.62;0.27;
153;187;5.76;0.62;0.26;
154;156;6.95;0.42;0.8;
154;173;8.9;0.42;0.31;
154;174;6.99;0.42;0.44;
154;175;5.62;0.42;0.39;
154;176;6.6;0.42;0.44;
154;184;9.55;0.42;0.27;
154;187;9.53;0.42;0.26;
156;158;6.16;0.8;0.6;
156;159;8.48;0.8;0.32;
156;173;7.88;0.8;0.31;
156;174;6.21;0.8;0.44;
156;175;8.59;0.8;0.39;
156;176;9.3;0.8;0.44;
158;159;3.71;0.6;0.32;
158;160;7.14;0.6;0.33;
158;169;8.27;0.6;0.32;
158;173;9.95;0.6;0.31;
158;174;9.16;0.6;0.44;
159;160;3.75;0.32;0.33;
159;169;5.32;0.32;0.32;
160;169;5.36;0.33;0.32;
160;320;9.98;0.33;0.29;
173;174;3.87;0.31;0.44;
173;175;6.16;0.31;0.39;
173;176;9.31;0.31;0.44;
173;184;8.07;0.31;0.27;
174;175;3.83;0.44;0.39;
174;176;5.85;0.44;0.44;
174;184;8.18;0.44;0.27;
175;176;3.82;0.39;0.44;
175;184;5.53;0.39;0.27;
175;187;9.8;0.39;0.26;
176;184;8.46;0.44;0.27;
184;187;7.8;0.27;0.26;
