16;18;6.17;1.19;2.26;
16;19;8.75;1.19;1.84;
16;20;7.27;1.19;0.74;
16;21;6.95;1.19;1.96;
18;19;3.73;2.26;1.84;
18;20;4.69;2.26;0.74;
18;21;6.41;2.26;1.96;
19;20;3.86;1.84;0.74;
19;21;6.56;1.84;1.96;
19;326;9.33;1.84;0.07;
20;21;9.45;0.74;1.96;
20;326;9.23;0.74;0.07;
21;326;6.2;1.96;0.07;
72;180;7.76;0.12;0.07;
72;181;5.43;0.12;0.05;
72;320;9.95;0.12;0.04;
72;321;9.94;0.12;0.04;
72;322;7.69;0.12;0.05;
72;323;9.9;0.12;0.07;
82;83;3.85;0.04;0.1;
82;166;7.2;0.04;0.03;
82;269;5.96;0.04;0.07;
82;270;5.6;0.04;0.05;
82;272;5.91;0.04;0.03;
82;273;9.72;0.04;0.07;
82;310;8.53;0.04;0.04;
83;166;9.68;0.1;0.03;
83;204;8.0;0.1;0.09;
83;269;5.31;0.1;0.07;
83;270;6.3;0.1;0.05;
83;272;8.24;0.1;0.03;
83;310;6.02;0.1;0.04;
163;164;3.86;0.02;0.03;
163;166;5.37;0.02;0.03;
163;272;6.04;0.02;0.03;
163;273;5.29;0.02;0.07;
163;274;8.45;0.02;0.05;
164;166;5.77;0.03;0.03;
164;272;7.41;0.03;0.03;
164;273;6.46;0.03;0.07;
164;274;8.33;0.03;0.05;
166;269;9.35;0.03;0.07;
166;272;5.67;0.03;0.03;
166;273;7.85;0.03;0.07;
180;181;3.89;0.07;0.05;
180;320;9.06;0.07;0.04;
180;321;6.02;0.07;0.04;
180;322;4.07;0.07;0.05;
180;323;5.99;0.07;0.07;
180;326;9.47;0.07;0.07;
181;320;7.83;0.05;0.04;
181;321;5.86;0.05;0.04;
181;322;4.98;0.05;0.05;
181;323;8.33;0.05;0.07;
204;269;9.89;0.09;0.07;
204;270;9.22;0.09;0.05;
204;310;7.39;0.09;0.04;
269;270;3.88;0.07;0.05;
269;272;5.47;0.07;0.03;
269;273;7.48;0.07;0.07;
269;274;8.18;0.07;0.05;
270;272;5.75;0.05;0.03;
270;273;8.18;0.05;0.07;
270;274;9.6;0.05;0.05;
272;273;3.86;0.03;0.07;
272;274;7.02;0.03;0.05;
273;274;3.85;0.07;0.05;
320;321;3.93;0.04;0.04;
320;322;5.72;0.04;0.05;
320;323;8.39;0.04;0.07;
321;322;3.85;0.04;0.05;
321;323;6.83;0.04;0.07;
322;323;3.8;0.05;0.07;
322;326;8.99;0.05;0.07;
323;326;5.44;0.07;0.07;
