1;2;18;494;7.95;5.51;0.69;
1;2;20;393;6.94;3.87;0.67;
1;2;20;394;8.1;3.87;0.62;
1;2;20;436;9.33;3.87;0.89;
1;2;20;439;8.74;3.87;1.04;
1;2;22;391;8.52;1.1;0.56;
1;2;22;393;8.25;1.1;0.67;
1;2;22;394;9.55;1.1;0.62;
1;2;22;439;8.08;1.1;1.04;
1;2;22;440;9.37;1.1;0.71;
1;2;22;441;9.74;1.1;0.56;
1;2;67;391;9.13;0.59;0.56;
1;2;67;393;9.43;0.59;0.67;
1;2;67;439;5.9;0.59;1.04;
1;2;67;440;5.8;0.59;0.71;
1;2;67;441;7.28;0.59;0.56;
1;2;68;439;7.62;0.61;1.04;
1;2;68;440;5.63;0.61;0.71;
1;2;68;441;6.7;0.61;0.56;
1;2;68;456;9.9;0.61;0.71;
1;2;72;389;9.87;0.51;0.51;
1;2;72;441;9.83;0.51;0.56;
1;2;72;443;9.82;0.51;0.55;
1;2;74;297;9.73;0.62;0.7;
1;2;74;299;6.9;0.62;0.67;
1;2;74;300;8.51;0.62;0.56;
1;2;128;454;6.77;0.6;0.69;
1;2;128;455;5.41;0.6;0.67;
1;2;128;456;4.99;0.6;0.71;
1;2;128;457;7.1;0.6;0.87;
1;2;129;440;9.62;0.58;0.71;
1;2;129;454;9.05;0.58;0.69;
1;2;129;455;6.52;0.58;0.67;
1;2;129;456;4.62;0.58;0.71;
1;2;129;457;6.73;0.58;0.87;
1;2;150;152;7.85;1.09;1.85;
1;2;150;153;6.29;1.09;1.41;
1;2;150;154;7.98;1.09;0.97;
1;2;151;152;6.09;1.47;1.85;
1;2;151;153;6.6;1.47;1.41;
1;2;151;154;8.52;1.47;0.97;
1;2;152;152;5.66;1.85;1.85;
1;2;152;153;7.54;1.85;1.41;
1;2;158;90;9.38;0.61;0.69;
1;2;158;94;9.45;0.61;0.72;
1;2;160;90;7.65;0.57;0.69;
1;2;160;91;9.72;0.57;0.57;
1;2;163;50;8.89;0.6;0.77;
1;2;174;297;9.84;0.72;0.7;
1;2;174;299;9.22;0.72;0.67;
1;2;176;297;8.22;1.34;0.7;
1;2;180;387;9.7;0.61;0.53;
1;2;180;389;9.63;0.61;0.51;
1;2;180;441;8.27;0.61;0.56;
1;2;180;443;6.18;0.61;0.55;
1;2;180;455;8.24;0.61;0.67;
1;2;181;387;9.51;0.59;0.53;
1;2;181;443;7.87;0.59;0.55;
1;2;198;456;9.87;0.61;0.71;
1;2;198;457;7.34;0.61;0.87;
1;2;202;454;8.96;1.03;0.69;
1;2;202;456;9.72;1.03;0.71;
1;2;202;457;7.14;1.03;0.87;
1;2;202;460;6.5;1.03;0.77;
1;2;236;418;7.87;1.16;0.89;
1;2;270;454;5.63;0.77;0.69;
1;2;270;455;6.9;0.77;0.67;
1;2;270;456;9.03;0.77;0.71;
1;2;318;51;8.15;0.51;0.57;
1;2;318;54;8.68;0.51;0.55;
1;2;318;388;9.94;0.51;0.51;
1;2;318;389;9.03;0.51;0.51;
1;2;318;497;9.42;0.51;0.53;
1;2;319;51;8.89;0.53;0.57;
1;2;319;54;7.22;0.53;0.55;
1;2;319;299;9.0;0.53;0.67;
1;2;319;300;7.67;0.53;0.56;
1;2;319;387;8.8;0.53;0.53;
1;2;319;388;7.52;0.53;0.51;
1;2;319;389;7.67;0.53;0.51;
1;2;319;443;9.78;0.53;0.55;
1;2;320;51;8.15;0.54;0.57;
1;2;320;54;5.53;0.54;0.55;
1;2;320;299;8.05;0.54;0.67;
1;2;320;300;6.18;0.54;0.56;
1;2;320;387;6.53;0.54;0.53;
1;2;320;388;5.72;0.54;0.51;
1;2;320;389;7.76;0.54;0.51;
1;2;320;443;9.63;0.54;0.55;
1;2;321;50;8.3;0.56;0.77;
1;2;321;51;4.6;0.56;0.57;
1;2;321;54;5.22;0.56;0.55;
1;2;321;300;8.34;0.56;0.56;
1;2;321;387;8.76;0.56;0.53;
1;2;321;388;6.48;0.56;0.51;
1;2;321;389;8.29;0.56;0.51;
1;2;321;497;7.54;0.56;0.53;
1;2;322;50;9.29;0.52;0.77;
1;2;322;51;5.79;0.52;0.57;
1;2;322;54;8.49;0.52;0.55;
1;2;322;387;9.02;0.52;0.53;
1;2;322;388;5.69;0.52;0.51;
1;2;322;389;5.67;0.52;0.51;
1;2;322;391;9.43;0.52;0.56;
1;2;322;443;9.64;0.52;0.55;
1;2;322;496;8.13;0.52;0.57;
1;2;322;497;5.23;0.52;0.53;
1;2;323;51;7.62;0.53;0.57;
1;2;323;388;8.38;0.53;0.51;
1;2;323;389;6.64;0.53;0.51;
1;2;323;391;8.12;0.53;0.56;
1;2;323;441;9.59;0.53;0.56;
1;2;323;496;7.15;0.53;0.57;
1;2;323;497;5.94;0.53;0.53;
1;2;324;388;8.61;0.52;0.51;
1;2;324;389;5.71;0.52;0.51;
1;2;324;391;6.43;0.52;0.56;
1;2;324;440;9.32;0.52;0.71;
1;2;324;441;6.39;0.52;0.56;
1;2;324;443;8.61;0.52;0.55;
1;2;324;497;9.0;0.52;0.53;
1;2;326;391;8.4;0.54;0.56;
1;2;326;394;9.83;0.54;0.62;
1;2;326;494;9.2;0.54;0.69;
1;2;326;496;6.34;0.54;0.57;
1;2;326;497;7.9;0.54;0.53;
2;3;18;494;7.92;5.51;0.69;
2;3;20;393;6.9;3.87;0.67;
2;3;20;394;8.0;3.87;0.62;
2;3;20;436;9.33;3.87;0.89;
2;3;20;439;8.76;3.87;1.04;
2;3;22;391;8.53;1.1;0.56;
2;3;22;393;8.29;1.1;0.67;
2;3;22;394;9.57;1.1;0.62;
2;3;22;439;8.1;1.1;1.04;
2;3;22;440;9.38;1.1;0.71;
2;3;22;441;9.73;1.1;0.56;
2;3;67;391;9.17;0.59;0.56;
2;3;67;393;9.47;0.59;0.67;
2;3;67;439;5.93;0.59;1.04;
2;3;67;440;5.83;0.59;0.71;
2;3;67;441;7.31;0.59;0.56;
2;3;68;439;7.64;0.61;1.04;
2;3;68;440;5.67;0.61;0.71;
2;3;68;441;6.74;0.61;0.56;
2;3;68;456;9.98;0.61;0.71;
2;3;72;389;9.89;0.51;0.51;
2;3;72;441;9.86;0.51;0.56;
2;3;72;443;9.84;0.51;0.55;
2;3;74;297;9.75;0.62;0.7;
2;3;74;299;6.94;0.62;0.67;
2;3;74;300;8.54;0.62;0.56;
2;3;128;454;6.88;0.6;0.69;
2;3;128;455;5.52;0.6;0.67;
2;3;128;456;5.05;0.6;0.71;
2;3;128;457;7.13;0.6;0.87;
2;3;129;440;9.64;0.58;0.71;
2;3;129;454;9.18;0.58;0.69;
2;3;129;455;6.63;0.58;0.67;
2;3;129;456;4.73;0.58;0.71;
2;3;129;457;6.82;0.58;0.87;
2;3;150;152;7.86;1.09;1.85;
2;3;150;153;6.34;1.09;1.41;
2;3;150;154;8.02;1.09;0.97;
2;3;151;152;6.08;1.47;1.85;
2;3;151;153;6.63;1.47;1.41;
2;3;151;154;8.53;1.47;0.97;
2;3;152;152;5.67;1.85;1.85;
2;3;152;153;7.58;1.85;1.41;
2;3;158;90;9.42;0.61;0.69;
2;3;158;94;9.49;0.61;0.72;
2;3;160;90;7.68;0.57;0.69;
2;3;160;91;9.76;0.57;0.57;
2;3;163;50;8.95;0.6;0.77;
2;3;174;297;9.85;0.72;0.7;
2;3;174;299;9.25;0.72;0.67;
2;3;176;297;8.24;1.34;0.7;
2;3;180;387;9.75;0.61;0.53;
2;3;180;389;9.67;0.61;0.51;
2;3;180;441;8.3;0.61;0.56;
2;3;180;443;6.22;0.61;0.55;
2;3;180;455;8.28;0.61;0.67;
2;3;181;387;9.54;0.59;0.53;
2;3;181;443;7.9;0.59;0.55;
2;3;198;456;9.95;0.61;0.71;
2;3;198;457;7.43;0.61;0.87;
2;3;202;454;9.02;1.03;0.69;
2;3;202;456;9.73;1.03;0.71;
2;3;202;457;7.13;1.03;0.87;
2;3;202;460;6.59;1.03;0.77;
2;3;236;418;8.02;1.16;0.89;
2;3;270;454;5.66;0.77;0.69;
2;3;270;455;6.89;0.77;0.67;
2;3;270;456;8.99;0.77;0.71;
2;3;318;51;8.16;0.51;0.57;
2;3;318;54;8.7;0.51;0.55;
2;3;318;388;9.98;0.51;0.51;
2;3;318;389;9.06;0.51;0.51;
2;3;318;497;9.43;0.51;0.53;
2;3;319;51;8.88;0.53;0.57;
2;3;319;54;7.22;0.53;0.55;
2;3;319;299;9.01;0.53;0.67;
2;3;319;300;7.69;0.53;0.56;
2;3;319;387;8.84;0.53;0.53;
2;3;319;388;7.57;0.53;0.51;
2;3;319;389;7.7;0.53;0.51;
2;3;319;443;9.82;0.53;0.55;
2;3;320;51;8.12;0.54;0.57;
2;3;320;54;5.52;0.54;0.55;
2;3;320;299;8.05;0.54;0.67;
2;3;320;300;6.18;0.54;0.56;
2;3;320;387;6.56;0.54;0.53;
2;3;320;388;5.75;0.54;0.51;
2;3;320;389;7.76;0.54;0.51;
2;3;320;443;9.64;0.54;0.55;
2;3;321;50;8.27;0.56;0.77;
2;3;321;51;4.56;0.56;0.57;
2;3;321;54;5.21;0.56;0.55;
2;3;321;300;8.34;0.56;0.56;
2;3;321;387;8.8;0.56;0.53;
2;3;321;388;6.51;0.56;0.51;
2;3;321;389;8.31;0.56;0.51;
2;3;321;497;7.55;0.56;0.53;
2;3;322;50;9.26;0.52;0.77;
2;3;322;51;5.77;0.52;0.57;
2;3;322;54;8.49;0.52;0.55;
2;3;322;387;9.04;0.52;0.53;
2;3;322;388;5.73;0.52;0.51;
2;3;322;389;5.69;0.52;0.51;
2;3;322;391;9.45;0.52;0.56;
2;3;322;443;9.66;0.52;0.55;
2;3;322;496;8.12;0.52;0.57;
2;3;322;497;5.23;0.52;0.53;
2;3;323;51;7.62;0.53;0.57;
2;3;323;388;8.44;0.53;0.51;
2;3;323;389;6.68;0.53;0.51;
2;3;323;391;8.16;0.53;0.56;
2;3;323;441;9.62;0.53;0.56;
2;3;323;496;7.16;0.53;0.57;
2;3;323;497;5.95;0.53;0.53;
2;3;324;388;8.66;0.52;0.51;
2;3;324;389;5.75;0.52;0.51;
2;3;324;391;6.47;0.52;0.56;
2;3;324;440;9.35;0.52;0.71;
2;3;324;441;6.41;0.52;0.56;
2;3;324;443;8.65;0.52;0.55;
2;3;324;497;9.01;0.52;0.53;
2;3;326;391;8.45;0.54;0.56;
2;3;326;394;9.87;0.54;0.62;
2;3;326;494;9.24;0.54;0.69;
2;3;326;496;6.37;0.54;0.57;
2;3;326;497;7.92;0.54;0.53;
3;4;18;494;7.81;5.51;0.69;
3;4;20;393;6.92;3.87;0.67;
3;4;20;394;8.07;3.87;0.62;
3;4;20;436;9.34;3.87;0.89;
3;4;20;439;8.71;3.87;1.04;
3;4;22;391;8.51;1.1;0.56;
3;4;22;393;8.29;1.1;0.67;
3;4;22;394;9.57;1.1;0.62;
3;4;22;439;8.11;1.1;1.04;
3;4;22;440;9.36;1.1;0.71;
3;4;22;441;9.73;1.1;0.56;
3;4;67;391;9.14;0.59;0.56;
3;4;67;393;9.43;0.59;0.67;
3;4;67;439;5.91;0.59;1.04;
3;4;67;440;5.79;0.59;0.71;
3;4;67;441;7.29;0.59;0.56;
3;4;68;439;7.62;0.61;1.04;
3;4;68;440;5.63;0.61;0.71;
3;4;68;441;6.71;0.61;0.56;
3;4;68;456;9.92;0.61;0.71;
3;4;72;389;9.86;0.51;0.51;
3;4;72;441;9.83;0.51;0.56;
3;4;72;443;9.82;0.51;0.55;
3;4;74;297;9.72;0.62;0.7;
3;4;74;299;6.89;0.62;0.67;
3;4;74;300;8.51;0.62;0.56;
3;4;128;454;6.78;0.6;0.69;
3;4;128;455;5.44;0.6;0.67;
3;4;128;456;5.01;0.6;0.71;
3;4;128;457;7.11;0.6;0.87;
3;4;129;440;9.6;0.58;0.71;
3;4;129;454;9.07;0.58;0.69;
3;4;129;455;6.53;0.58;0.67;
3;4;129;456;4.64;0.58;0.71;
3;4;129;457;6.75;0.58;0.87;
3;4;150;152;7.86;1.09;1.85;
3;4;150;153;6.32;1.09;1.41;
3;4;150;154;7.99;1.09;0.97;
3;4;151;152;6.08;1.47;1.85;
3;4;151;153;6.61;1.47;1.41;
3;4;151;154;8.51;1.47;0.97;
3;4;152;152;5.67;1.85;1.85;
3;4;152;153;7.56;1.85;1.41;
3;4;158;90;9.39;0.61;0.69;
3;4;158;94;9.44;0.61;0.72;
3;4;160;90;7.64;0.57;0.69;
3;4;160;91;9.71;0.57;0.57;
3;4;163;50;8.91;0.6;0.77;
3;4;174;297;9.84;0.72;0.7;
3;4;174;299;9.23;0.72;0.67;
3;4;176;297;8.22;1.34;0.7;
3;4;180;387;9.7;0.61;0.53;
3;4;180;389;9.62;0.61;0.51;
3;4;180;441;8.25;0.61;0.56;
3;4;180;443;6.18;0.61;0.55;
3;4;180;455;8.24;0.61;0.67;
3;4;181;387;9.5;0.59;0.53;
3;4;181;443;7.87;0.59;0.55;
3;4;198;456;9.88;0.61;0.71;
3;4;198;457;7.36;0.61;0.87;
3;4;202;454;8.97;1.03;0.69;
3;4;202;456;9.71;1.03;0.71;
3;4;202;457;7.14;1.03;0.87;
3;4;202;460;6.52;1.03;0.77;
3;4;236;418;7.88;1.16;0.89;
3;4;270;454;5.63;0.77;0.69;
3;4;270;455;6.89;0.77;0.67;
3;4;270;456;9.02;0.77;0.71;
3;4;318;51;8.15;0.51;0.57;
3;4;318;54;8.68;0.51;0.55;
3;4;318;388;9.95;0.51;0.51;
3;4;318;389;9.03;0.51;0.51;
3;4;318;497;9.42;0.51;0.53;
3;4;319;51;8.88;0.53;0.57;
3;4;319;54;7.22;0.53;0.55;
3;4;319;299;8.99;0.53;0.67;
3;4;319;300;7.67;0.53;0.56;
3;4;319;387;8.81;0.53;0.53;
3;4;319;388;7.53;0.53;0.51;
3;4;319;389;7.66;0.53;0.51;
3;4;319;443;9.79;0.53;0.55;
3;4;320;51;8.15;0.54;0.57;
3;4;320;54;5.53;0.54;0.55;
3;4;320;299;8.03;0.54;0.67;
3;4;320;300;6.16;0.54;0.56;
3;4;320;387;6.54;0.54;0.53;
3;4;320;388;5.74;0.54;0.51;
3;4;320;389;7.75;0.54;0.51;
3;4;320;443;9.63;0.54;0.55;
3;4;321;50;8.28;0.56;0.77;
3;4;321;51;4.6;0.56;0.57;
3;4;321;54;5.21;0.56;0.55;
3;4;321;300;8.32;0.56;0.56;
3;4;321;387;8.77;0.56;0.53;
3;4;321;388;6.49;0.56;0.51;
3;4;321;389;8.3;0.56;0.51;
3;4;321;497;7.56;0.56;0.53;
3;4;322;50;9.28;0.52;0.77;
3;4;322;51;5.78;0.52;0.57;
3;4;322;54;8.48;0.52;0.55;
3;4;322;387;9.01;0.52;0.53;
3;4;322;388;5.69;0.52;0.51;
3;4;322;389;5.67;0.52;0.51;
3;4;322;391;9.44;0.52;0.56;
3;4;322;443;9.64;0.52;0.55;
3;4;322;496;8.12;0.52;0.57;
3;4;322;497;5.23;0.52;0.53;
3;4;323;51;7.62;0.53;0.57;
3;4;323;388;8.39;0.53;0.51;
3;4;323;389;6.65;0.53;0.51;
3;4;323;391;8.13;0.53;0.56;
3;4;323;441;9.61;0.53;0.56;
3;4;323;496;7.14;0.53;0.57;
3;4;323;497;5.94;0.53;0.53;
3;4;324;388;8.62;0.52;0.51;
3;4;324;389;5.71;0.52;0.51;
3;4;324;391;6.43;0.52;0.56;
3;4;324;440;9.33;0.52;0.71;
3;4;324;441;6.4;0.52;0.56;
3;4;324;443;8.63;0.52;0.55;
3;4;324;497;8.99;0.52;0.53;
3;4;326;391;8.42;0.54;0.56;
3;4;326;394;9.85;0.54;0.62;
3;4;326;494;9.21;0.54;0.69;
3;4;326;496;6.32;0.54;0.57;
3;4;326;497;7.88;0.54;0.53;
1;4;50;163;8.95;0.77;0.6;
1;4;50;321;8.28;0.77;0.56;
1;4;50;322;9.27;0.77;0.52;
1;4;51;318;8.17;0.57;0.51;
1;4;51;319;8.9;0.57;0.53;
1;4;51;320;8.15;0.57;0.54;
1;4;51;321;4.58;0.57;0.56;
1;4;51;322;5.77;0.57;0.52;
1;4;51;323;7.62;0.57;0.53;
1;4;54;318;8.71;0.55;0.51;
1;4;54;319;7.25;0.55;0.53;
1;4;54;320;5.54;0.55;0.54;
1;4;54;321;5.2;0.55;0.56;
1;4;54;322;8.49;0.55;0.52;
1;4;90;158;9.42;0.69;0.61;
1;4;90;160;7.67;0.69;0.57;
1;4;91;160;9.74;0.57;0.57;
1;4;94;158;9.47;0.72;0.61;
1;4;152;150;7.85;1.85;1.09;
1;4;152;151;6.07;1.85;1.47;
1;4;152;152;5.65;1.85;1.85;
1;4;153;150;6.33;1.41;1.09;
1;4;153;151;6.6;1.41;1.47;
1;4;153;152;7.53;1.41;1.85;
1;4;154;150;7.99;0.97;1.09;
1;4;154;151;8.5;0.97;1.47;
1;4;297;74;9.74;0.7;0.62;
1;4;297;174;9.85;0.7;0.72;
1;4;297;176;8.22;0.7;1.34;
1;4;299;74;6.95;0.67;0.62;
1;4;299;174;9.26;0.67;0.72;
1;4;299;319;9.0;0.67;0.53;
1;4;299;320;8.03;0.67;0.54;
1;4;300;74;8.56;0.56;0.62;
1;4;300;319;7.69;0.56;0.53;
1;4;300;320;6.17;0.56;0.54;
1;4;300;321;8.32;0.56;0.56;
1;4;387;180;9.74;0.53;0.61;
1;4;387;181;9.54;0.53;0.59;
1;4;387;319;8.83;0.53;0.53;
1;4;387;320;6.56;0.53;0.54;
1;4;387;321;8.79;0.53;0.56;
1;4;387;322;9.05;0.53;0.52;
1;4;388;318;9.98;0.51;0.51;
1;4;388;319;7.57;0.51;0.53;
1;4;388;320;5.75;0.51;0.54;
1;4;388;321;6.51;0.51;0.56;
1;4;388;322;5.74;0.51;0.52;
1;4;388;323;8.44;0.51;0.53;
1;4;388;324;8.67;0.51;0.52;
1;4;389;72;9.9;0.51;0.51;
1;4;389;180;9.66;0.51;0.61;
1;4;389;318;9.06;0.51;0.51;
1;4;389;319;7.7;0.51;0.53;
1;4;389;320;7.76;0.51;0.54;
1;4;389;321;8.31;0.51;0.56;
1;4;389;322;5.7;0.51;0.52;
1;4;389;323;6.69;0.51;0.53;
1;4;389;324;5.76;0.51;0.52;
1;4;391;22;8.54;0.56;1.1;
1;4;391;67;9.15;0.56;0.59;
1;4;391;322;9.45;0.56;0.52;
1;4;391;323;8.16;0.56;0.53;
1;4;391;324;6.47;0.56;0.52;
1;4;391;326;8.46;0.56;0.54;
1;4;393;20;6.94;0.67;3.87;
1;4;393;22;8.29;0.67;1.1;
1;4;393;67;9.44;0.67;0.59;
1;4;394;20;8.08;0.62;3.87;
1;4;394;22;9.57;0.62;1.1;
1;4;394;326;9.89;0.62;0.54;
1;4;418;236;8.01;0.89;1.16;
1;4;436;20;9.32;0.89;3.87;
1;4;439;20;8.77;1.04;3.87;
1;4;439;22;8.14;1.04;1.1;
1;4;439;67;5.92;1.04;0.59;
1;4;439;68;7.64;1.04;0.61;
1;4;440;22;9.41;0.71;1.1;
1;4;440;67;5.83;0.71;0.59;
1;4;440;68;5.67;0.71;0.61;
1;4;440;129;9.64;0.71;0.58;
1;4;440;324;9.36;0.71;0.52;
1;4;441;22;9.76;0.56;1.1;
1;4;441;67;7.31;0.56;0.59;
1;4;441;68;6.74;0.56;0.61;
1;4;441;72;9.85;0.56;0.51;
1;4;441;180;8.28;0.56;0.61;
1;4;441;323;9.62;0.56;0.53;
1;4;441;324;6.42;0.56;0.52;
1;4;443;72;9.84;0.55;0.51;
1;4;443;180;6.22;0.55;0.61;
1;4;443;181;7.89;0.55;0.59;
1;4;443;319;9.8;0.55;0.53;
1;4;443;320;9.63;0.55;0.54;
1;4;443;322;9.66;0.55;0.52;
1;4;443;324;8.66;0.55;0.52;
1;4;454;128;6.86;0.69;0.6;
1;4;454;129;9.15;0.69;0.58;
1;4;454;202;9.07;0.69;1.03;
1;4;454;270;5.63;0.69;0.77;
1;4;455;128;5.52;0.67;0.6;
1;4;455;129;6.61;0.67;0.58;
1;4;455;180;8.25;0.67;0.61;
1;4;455;270;6.88;0.67;0.77;
1;4;456;68;9.95;0.71;0.61;
1;4;456;128;5.04;0.71;0.6;
1;4;456;129;4.7;0.71;0.58;
1;4;456;198;9.98;0.71;0.61;
1;4;456;202;9.77;0.71;1.03;
1;4;456;270;8.99;0.71;0.77;
1;4;457;128;7.11;0.87;0.6;
1;4;457;129;6.8;0.87;0.58;
1;4;457;198;7.46;0.87;0.61;
1;4;457;202;7.14;0.87;1.03;
1;4;460;202;6.61;0.77;1.03;
1;4;494;18;7.98;0.69;5.51;
1;4;494;326;9.22;0.69;0.54;
1;4;496;322;8.12;0.57;0.52;
1;4;496;323;7.16;0.57;0.53;
1;4;496;326;6.36;0.57;0.54;
1;4;497;318;9.44;0.53;0.51;
1;4;497;321;7.55;0.53;0.56;
1;4;497;322;5.23;0.53;0.52;
1;4;497;323;5.96;0.53;0.53;
1;4;497;324;9.02;0.53;0.52;
1;4;497;326;7.92;0.53;0.54;
