1;2;15;456;7.77;8.62;1.3;
1;2;18;439;7.11;6.5;1.37;
1;2;18;440;4.76;6.5;1.09;
1;2;18;441;7.01;6.5;0.77;
1;2;18;456;7.73;6.5;1.3;
1;2;20;391;8.53;4.58;0.69;
1;2;20;439;4.04;4.58;1.37;
1;2;20;440;5.61;4.58;1.09;
1;2;20;441;7.7;4.58;0.77;
1;2;21;391;7.85;2.79;0.69;
1;2;21;439;6.62;2.79;1.37;
1;2;21;440;7.04;2.79;1.09;
1;2;21;441;7.22;2.79;0.77;
1;2;74;297;9.03;0.67;0.73;
1;2;74;299;6.85;0.67;0.75;
1;2;74;300;8.7;0.67;0.58;
1;2;76;300;9.92;0.51;0.58;
1;2;141;107;9.03;0.71;6.36;
1;2;143;107;5.81;0.72;6.36;
1;2;143;108;7.42;0.72;6.17;
1;2;143;109;9.15;0.72;5.85;
1;2;147;94;9.74;0.71;0.68;
1;2;147;107;8.61;0.71;6.36;
1;2;147;108;7.03;0.71;6.17;
1;2;147;109;7.56;0.71;5.85;
1;2;148;107;8.49;0.8;6.36;
1;2;148;108;6.62;0.8;6.17;
1;2;148;109;8.84;0.8;5.85;
1;2;149;94;9.59;1.1;0.68;
1;2;149;108;7.96;1.1;6.17;
1;2;149;151;9.84;1.1;1.62;
1;2;149;153;8.51;1.1;1.63;
1;2;149;154;8.08;1.1;1.23;
1;2;150;108;8.42;1.47;6.17;
1;2;150;151;8.37;1.47;1.62;
1;2;150;152;7.54;1.47;2.05;
1;2;150;153;6.44;1.47;1.63;
1;2;150;154;7.64;1.47;1.23;
1;2;151;151;7.08;1.62;1.62;
1;2;151;152;6.17;1.62;2.05;
1;2;151;153;7.18;1.62;1.63;
1;2;151;154;8.73;1.62;1.23;
1;2;152;151;8.38;2.05;1.62;
1;2;152;152;6.0;2.05;2.05;
1;2;152;153;8.15;2.05;1.63;
1;2;158;90;9.35;0.63;0.63;
1;2;158;91;9.96;0.63;0.56;
1;2;158;94;8.88;0.63;0.68;
1;2;160;90;7.2;0.54;0.63;
1;2;160;91;9.15;0.54;0.56;
1;2;163;50;7.05;0.52;0.58;
1;2;167;50;9.74;0.48;0.58;
1;2;173;107;9.18;0.64;6.36;
1;2;173;108;8.38;0.64;6.17;
1;2;173;109;6.87;0.64;5.85;
1;2;174;108;9.11;0.69;6.17;
1;2;174;109;6.06;0.69;5.85;
1;2;174;297;9.31;0.69;0.73;
1;2;174;299;9.33;0.69;0.75;
1;2;176;109;9.59;1.06;5.85;
1;2;176;297;7.63;1.06;0.73;
1;2;180;443;9.23;0.85;0.66;
1;2;318;51;7.81;0.53;0.53;
1;2;318;54;8.84;0.53;0.51;
1;2;318;389;9.85;0.53;0.6;
1;2;318;497;9.38;0.53;0.54;
1;2;320;51;7.98;0.61;0.53;
1;2;320;54;5.96;0.61;0.51;
1;2;320;56;5.68;0.61;0.54;
1;2;320;299;7.5;0.61;0.75;
1;2;320;300;6.13;0.61;0.58;
1;2;320;387;6.69;0.61;0.57;
1;2;320;388;6.36;0.61;0.53;
1;2;320;389;8.65;0.61;0.6;
1;2;321;50;8.22;0.56;0.58;
1;2;321;51;4.52;0.56;0.53;
1;2;321;54;5.23;0.56;0.51;
1;2;321;56;8.12;0.56;0.54;
1;2;321;300;7.92;0.56;0.58;
1;2;321;387;8.49;0.56;0.57;
1;2;321;388;6.49;0.56;0.53;
1;2;321;389;8.53;0.56;0.6;
1;2;321;497;7.46;0.56;0.54;
1;2;322;50;9.5;0.57;0.58;
1;2;322;51;5.96;0.57;0.53;
1;2;322;54;8.56;0.57;0.51;
1;2;322;387;8.64;0.57;0.57;
1;2;322;388;5.57;0.57;0.53;
1;2;322;389;5.84;0.57;0.6;
1;2;322;391;9.81;0.57;0.69;
1;2;322;443;9.86;0.57;0.66;
1;2;322;496;8.36;0.57;0.59;
1;2;322;497;5.47;0.57;0.54;
1;2;323;51;7.87;0.56;0.53;
1;2;323;388;8.37;0.56;0.53;
1;2;323;389;6.94;0.56;0.6;
1;2;323;391;8.86;0.56;0.69;
1;2;323;496;7.49;0.56;0.59;
1;2;323;497;6.27;0.56;0.54;
1;2;324;388;9.04;0.64;0.53;
1;2;324;389;6.47;0.64;0.6;
1;2;324;391;7.57;0.64;0.69;
1;2;324;441;7.51;0.64;0.77;
1;2;324;443;9.36;0.64;0.66;
1;2;324;497;9.3;0.64;0.54;
1;2;326;391;8.59;0.64;0.69;
1;2;326;496;5.97;0.64;0.59;
1;2;326;497;7.71;0.64;0.54;
2;3;15;456;7.84;8.62;1.3;
2;3;18;439;7.27;6.5;1.37;
2;3;18;440;4.85;6.5;1.09;
2;3;18;441;7.02;6.5;0.77;
2;3;18;456;7.71;6.5;1.3;
2;3;20;391;8.5;4.58;0.69;
2;3;20;439;4.11;4.58;1.37;
2;3;20;440;5.54;4.58;1.09;
2;3;20;441;7.62;4.58;0.77;
2;3;21;391;7.86;2.79;0.69;
2;3;21;439;6.68;2.79;1.37;
2;3;21;440;7.05;2.79;1.09;
2;3;21;441;7.2;2.79;0.77;
2;3;74;109;10.0;0.67;5.85;
2;3;74;297;9.0;0.67;0.73;
2;3;74;299;6.81;0.67;0.75;
2;3;74;300;8.68;0.67;0.58;
2;3;76;300;9.89;0.51;0.58;
2;3;141;107;9.06;0.71;6.36;
2;3;143;107;5.85;0.72;6.36;
2;3;143;108;7.42;0.72;6.17;
2;3;143;109;9.17;0.72;5.85;
2;3;147;94;9.73;0.71;0.68;
2;3;147;107;8.64;0.71;6.36;
2;3;147;108;7.04;0.71;6.17;
2;3;147;109;7.54;0.71;5.85;
2;3;148;107;8.51;0.8;6.36;
2;3;148;108;6.61;0.8;6.17;
2;3;148;109;8.81;0.8;5.85;
2;3;149;94;9.59;1.1;0.68;
2;3;149;108;7.95;1.1;6.17;
2;3;149;151;9.82;1.1;1.62;
2;3;149;153;8.5;1.1;1.63;
2;3;149;154;8.05;1.1;1.23;
2;3;150;108;8.44;1.47;6.17;
2;3;150;151;8.34;1.47;1.62;
2;3;150;152;7.54;1.47;2.05;
2;3;150;153;6.44;1.47;1.63;
2;3;150;154;7.63;1.47;1.23;
2;3;151;151;7.04;1.62;1.62;
2;3;151;152;6.17;1.62;2.05;
2;3;151;153;7.18;1.62;1.63;
2;3;151;154;8.72;1.62;1.23;
2;3;152;151;8.31;2.05;1.62;
2;3;152;152;5.94;2.05;2.05;
2;3;152;153;8.09;2.05;1.63;
2;3;158;90;9.32;0.63;0.63;
2;3;158;91;9.94;0.63;0.56;
2;3;158;94;8.86;0.63;0.68;
2;3;160;90;7.19;0.54;0.63;
2;3;160;91;9.15;0.54;0.56;
2;3;163;50;7.04;0.52;0.58;
2;3;167;50;9.73;0.48;0.58;
2;3;173;107;9.22;0.64;6.36;
2;3;173;108;8.38;0.64;6.17;
2;3;173;109;6.89;0.64;5.85;
2;3;174;108;9.1;0.69;6.17;
2;3;174;109;6.05;0.69;5.85;
2;3;174;297;9.27;0.69;0.73;
2;3;174;299;9.31;0.69;0.75;
2;3;176;109;9.59;1.06;5.85;
2;3;176;297;7.59;1.06;0.73;
2;3;180;443;9.21;0.85;0.66;
2;3;318;51;7.79;0.53;0.53;
2;3;318;54;8.84;0.53;0.51;
2;3;318;389;9.83;0.53;0.6;
2;3;318;497;9.35;0.53;0.54;
2;3;320;51;7.96;0.61;0.53;
2;3;320;54;5.94;0.61;0.51;
2;3;320;56;5.67;0.61;0.54;
2;3;320;299;7.47;0.61;0.75;
2;3;320;300;6.11;0.61;0.58;
2;3;320;387;6.7;0.61;0.57;
2;3;320;388;6.37;0.61;0.53;
2;3;320;389;8.65;0.61;0.6;
2;3;321;50;8.23;0.56;0.58;
2;3;321;51;4.52;0.56;0.53;
2;3;321;54;5.24;0.56;0.51;
2;3;321;56;8.09;0.56;0.54;
2;3;321;300;7.9;0.56;0.58;
2;3;321;387;8.46;0.56;0.57;
2;3;321;388;6.47;0.56;0.53;
2;3;321;389;8.52;0.56;0.6;
2;3;321;497;7.45;0.56;0.54;
2;3;322;50;9.51;0.57;0.58;
2;3;322;51;5.97;0.57;0.53;
2;3;322;54;8.58;0.57;0.51;
2;3;322;387;8.62;0.57;0.57;
2;3;322;388;5.54;0.57;0.53;
2;3;322;389;5.82;0.57;0.6;
2;3;322;391;9.78;0.57;0.69;
2;3;322;443;9.86;0.57;0.66;
2;3;322;496;8.36;0.57;0.59;
2;3;322;497;5.45;0.57;0.54;
2;3;323;51;7.86;0.56;0.53;
2;3;323;388;8.34;0.56;0.53;
2;3;323;389;6.92;0.56;0.6;
2;3;323;391;8.85;0.56;0.69;
2;3;323;496;7.48;0.56;0.59;
2;3;323;497;6.25;0.56;0.54;
2;3;324;388;9.03;0.64;0.53;
2;3;324;389;6.45;0.64;0.6;
2;3;324;391;7.56;0.64;0.69;
2;3;324;440;9.99;0.64;1.09;
2;3;324;441;7.5;0.64;0.77;
2;3;324;443;9.36;0.64;0.66;
2;3;324;497;9.3;0.64;0.54;
2;3;326;391;8.56;0.64;0.69;
2;3;326;496;5.95;0.64;0.59;
2;3;326;497;7.68;0.64;0.54;
3;4;15;456;7.69;8.62;1.3;
3;4;18;439;7.13;6.5;1.37;
3;4;18;440;4.71;6.5;1.09;
3;4;18;441;6.91;6.5;0.77;
3;4;18;456;7.71;6.5;1.3;
3;4;20;391;8.54;4.58;0.69;
3;4;20;439;4.05;4.58;1.37;
3;4;20;440;5.59;4.58;1.09;
3;4;20;441;7.69;4.58;0.77;
3;4;21;391;7.87;2.79;0.69;
3;4;21;439;6.63;2.79;1.37;
3;4;21;440;7.04;2.79;1.09;
3;4;21;441;7.23;2.79;0.77;
3;4;74;297;9.03;0.67;0.73;
3;4;74;299;6.84;0.67;0.75;
3;4;74;300;8.69;0.67;0.58;
3;4;76;300;9.92;0.51;0.58;
3;4;143;107;5.72;0.72;6.36;
3;4;143;108;7.56;0.72;6.17;
3;4;143;109;9.27;0.72;5.85;
3;4;147;94;9.74;0.71;0.68;
3;4;147;107;8.35;0.71;6.36;
3;4;147;108;6.94;0.71;6.17;
3;4;147;109;7.66;0.71;5.85;
3;4;148;107;8.15;0.8;6.36;
3;4;148;108;6.5;0.8;6.17;
3;4;148;109;8.92;0.8;5.85;
3;4;149;94;9.61;1.1;0.68;
3;4;149;108;7.77;1.1;6.17;
3;4;149;151;9.86;1.1;1.62;
3;4;149;153;8.51;1.1;1.63;
3;4;149;154;8.1;1.1;1.23;
3;4;150;108;8.32;1.47;6.17;
3;4;150;151;8.39;1.47;1.62;
3;4;150;152;7.55;1.47;2.05;
3;4;150;153;6.46;1.47;1.63;
3;4;150;154;7.67;1.47;1.23;
3;4;151;151;7.1;1.62;1.62;
3;4;151;152;6.19;1.62;2.05;
3;4;151;153;7.21;1.62;1.63;
3;4;151;154;8.75;1.62;1.23;
3;4;152;151;8.36;2.05;1.62;
3;4;152;152;5.98;2.05;2.05;
3;4;152;153;8.13;2.05;1.63;
3;4;158;90;9.35;0.63;0.63;
3;4;158;91;9.96;0.63;0.56;
3;4;158;94;8.88;0.63;0.68;
3;4;160;90;7.22;0.54;0.63;
3;4;160;91;9.16;0.54;0.56;
3;4;163;50;7.05;0.52;0.58;
3;4;167;50;9.76;0.48;0.58;
3;4;173;107;9.07;0.64;6.36;
3;4;173;108;8.36;0.64;6.17;
3;4;173;109;6.98;0.64;5.85;
3;4;174;108;9.04;0.69;6.17;
3;4;174;109;6.1;0.69;5.85;
3;4;174;297;9.3;0.69;0.73;
3;4;174;299;9.32;0.69;0.75;
3;4;176;109;9.56;1.06;5.85;
3;4;176;297;7.61;1.06;0.73;
3;4;180;443;9.23;0.85;0.66;
3;4;318;51;7.8;0.53;0.53;
3;4;318;54;8.85;0.53;0.51;
3;4;318;389;9.84;0.53;0.6;
3;4;318;497;9.34;0.53;0.54;
3;4;320;51;7.97;0.61;0.53;
3;4;320;54;5.94;0.61;0.51;
3;4;320;56;5.68;0.61;0.54;
3;4;320;299;7.5;0.61;0.75;
3;4;320;300;6.12;0.61;0.58;
3;4;320;387;6.71;0.61;0.57;
3;4;320;388;6.38;0.61;0.53;
3;4;320;389;8.66;0.61;0.6;
3;4;321;50;8.22;0.56;0.58;
3;4;321;51;4.53;0.56;0.53;
3;4;321;54;5.24;0.56;0.51;
3;4;321;56;8.1;0.56;0.54;
3;4;321;300;7.92;0.56;0.58;
3;4;321;387;8.47;0.56;0.57;
3;4;321;388;6.48;0.56;0.53;
3;4;321;389;8.52;0.56;0.6;
3;4;321;497;7.45;0.56;0.54;
3;4;322;50;9.5;0.57;0.58;
3;4;322;51;5.96;0.57;0.53;
3;4;322;54;8.57;0.57;0.51;
3;4;322;387;8.62;0.57;0.57;
3;4;322;388;5.55;0.57;0.53;
3;4;322;389;5.83;0.57;0.6;
3;4;322;391;9.79;0.57;0.69;
3;4;322;443;9.87;0.57;0.66;
3;4;322;496;8.35;0.57;0.59;
3;4;322;497;5.44;0.57;0.54;
3;4;323;51;7.86;0.56;0.53;
3;4;323;388;8.34;0.56;0.53;
3;4;323;389;6.92;0.56;0.6;
3;4;323;391;8.84;0.56;0.69;
3;4;323;496;7.47;0.56;0.59;
3;4;323;497;6.23;0.56;0.54;
3;4;324;388;9.03;0.64;0.53;
3;4;324;389;6.47;0.64;0.6;
3;4;324;391;7.56;0.64;0.69;
3;4;324;440;9.99;0.64;1.09;
3;4;324;441;7.5;0.64;0.77;
3;4;324;443;9.34;0.64;0.66;
3;4;324;497;9.28;0.64;0.54;
3;4;326;391;8.59;0.64;0.69;
3;4;326;496;5.95;0.64;0.59;
3;4;326;497;7.69;0.64;0.54;
1;4;50;163;7.04;0.58;0.52;
1;4;50;167;9.71;0.58;0.48;
1;4;50;321;8.23;0.58;0.56;
1;4;50;322;9.5;0.58;0.57;
1;4;51;318;7.77;0.53;0.53;
1;4;51;320;7.95;0.53;0.61;
1;4;51;321;4.52;0.53;0.56;
1;4;51;322;5.96;0.53;0.57;
1;4;51;323;7.86;0.53;0.56;
1;4;54;318;8.84;0.51;0.53;
1;4;54;320;5.95;0.51;0.61;
1;4;54;321;5.24;0.51;0.56;
1;4;54;322;8.58;0.51;0.57;
1;4;56;320;5.67;0.54;0.61;
1;4;56;321;8.1;0.54;0.56;
1;4;90;158;9.33;0.63;0.63;
1;4;90;160;7.2;0.63;0.54;
1;4;91;158;9.94;0.56;0.63;
1;4;91;160;9.15;0.56;0.54;
1;4;94;147;9.73;0.68;0.71;
1;4;94;149;9.58;0.68;1.1;
1;4;94;158;8.86;0.68;0.63;
1;4;107;143;5.74;6.36;0.72;
1;4;107;147;8.34;6.36;0.71;
1;4;107;148;8.13;6.36;0.8;
1;4;107;173;9.1;6.36;0.64;
1;4;108;143;7.58;6.17;0.72;
1;4;108;147;6.93;6.17;0.71;
1;4;108;148;6.5;6.17;0.8;
1;4;108;149;7.74;6.17;1.1;
1;4;108;150;8.29;6.17;1.47;
1;4;108;173;8.37;6.17;0.64;
1;4;108;174;9.04;6.17;0.69;
1;4;109;143;9.3;5.85;0.72;
1;4;109;147;7.62;5.85;0.71;
1;4;109;148;8.89;5.85;0.8;
1;4;109;173;6.96;5.85;0.64;
1;4;109;174;6.08;5.85;0.69;
1;4;109;176;9.58;5.85;1.06;
1;4;151;149;9.87;1.62;1.1;
1;4;151;150;8.36;1.62;1.47;
1;4;151;151;7.06;1.62;1.62;
1;4;151;152;8.33;1.62;2.05;
1;4;152;150;7.53;2.05;1.47;
1;4;152;151;6.16;2.05;1.62;
1;4;152;152;5.95;2.05;2.05;
1;4;153;149;8.52;1.63;1.1;
1;4;153;150;6.45;1.63;1.47;
1;4;153;151;7.19;1.63;1.62;
1;4;153;152;8.13;1.63;2.05;
1;4;154;149;8.09;1.23;1.1;
1;4;154;150;7.65;1.23;1.47;
1;4;154;151;8.73;1.23;1.62;
1;4;297;74;9.0;0.73;0.67;
1;4;297;174;9.26;0.73;0.69;
1;4;297;176;7.6;0.73;1.06;
1;4;299;74;6.81;0.75;0.67;
1;4;299;174;9.29;0.75;0.69;
1;4;299;320;7.51;0.75;0.61;
1;4;300;74;8.67;0.58;0.67;
1;4;300;76;9.89;0.58;0.51;
1;4;300;320;6.13;0.58;0.61;
1;4;300;321;7.92;0.58;0.56;
1;4;387;320;6.69;0.57;0.61;
1;4;387;321;8.46;0.57;0.56;
1;4;387;322;8.61;0.57;0.57;
1;4;388;320;6.36;0.53;0.61;
1;4;388;321;6.48;0.53;0.56;
1;4;388;322;5.55;0.53;0.57;
1;4;388;323;8.34;0.53;0.56;
1;4;388;324;9.01;0.53;0.64;
1;4;389;318;9.81;0.6;0.53;
1;4;389;320;8.65;0.6;0.61;
1;4;389;321;8.53;0.6;0.56;
1;4;389;322;5.83;0.6;0.57;
1;4;389;323;6.91;0.6;0.56;
1;4;389;324;6.43;0.6;0.64;
1;4;391;20;8.6;0.69;4.58;
1;4;391;21;7.83;0.69;2.79;
1;4;391;322;9.79;0.69;0.57;
1;4;391;323;8.84;0.69;0.56;
1;4;391;324;7.55;0.69;0.64;
1;4;391;326;8.54;0.69;0.64;
1;4;439;18;6.98;1.37;6.5;
1;4;439;20;4.05;1.37;4.58;
1;4;439;21;6.54;1.37;2.79;
1;4;440;18;4.74;1.09;6.5;
1;4;440;20;5.72;1.09;4.58;
1;4;440;21;7.01;1.09;2.79;
1;4;440;324;9.98;1.09;0.64;
1;4;441;18;7.11;0.77;6.5;
1;4;441;20;7.84;0.77;4.58;
1;4;441;21;7.24;0.77;2.79;
1;4;441;324;7.49;0.77;0.64;
1;4;443;180;9.22;0.66;0.85;
1;4;443;322;9.86;0.66;0.57;
1;4;443;324;9.32;0.66;0.64;
1;4;456;15;7.88;1.3;8.62;
1;4;456;18;7.74;1.3;6.5;
1;4;496;322;8.36;0.59;0.57;
1;4;496;323;7.49;0.59;0.56;
1;4;496;326;5.95;0.59;0.64;
1;4;497;318;9.34;0.54;0.53;
1;4;497;321;7.46;0.54;0.56;
1;4;497;322;5.46;0.54;0.57;
1;4;497;323;6.25;0.54;0.56;
1;4;497;324;9.29;0.54;0.64;
1;4;497;326;7.68;0.54;0.64;
