19;20;3.93;0.12;0.04;
19;22;8.77;0.12;0.03;
19;393;8.94;0.12;0.02;
19;394;7.9;0.12;0.03;
19;494;7.03;0.12;0.05;
20;22;6.18;0.04;0.03;
20;393;7.22;0.04;0.02;
20;394;7.92;0.04;0.03;
20;436;9.9;0.04;0.04;
20;439;8.93;0.04;0.01;
20;494;9.97;0.04;0.05;
22;67;5.91;0.03;0.02;
22;68;9.42;0.03;0.03;
22;324;8.56;0.03;0.04;
22;326;6.65;0.03;0.03;
22;391;8.63;0.03;0.02;
22;393;8.6;0.03;0.02;
22;394;9.68;0.03;0.03;
22;439;8.52;0.03;0.01;
22;440;9.41;0.03;0.0;
22;441;9.76;0.03;0.02;
50;51;3.78;0.01;0.01;
50;54;9.91;0.01;0.01;
50;163;8.9;0.01;0.0;
50;321;8.32;0.01;0.03;
50;322;9.28;0.01;0.03;
50;496;8.26;0.01;0.02;
50;497;7.82;0.01;0.03;
51;54;7.08;0.01;0.01;
51;318;8.27;0.01;0.03;
51;319;8.96;0.01;0.03;
51;320;8.2;0.01;0.03;
51;321;4.62;0.01;0.03;
51;322;5.85;0.01;0.03;
51;323;7.69;0.01;0.03;
51;496;8.04;0.01;0.02;
51;497;6.37;0.01;0.03;
54;91;9.11;0.01;0.01;
54;299;8.41;0.01;0.03;
54;300;4.67;0.01;0.01;
54;318;8.83;0.01;0.03;
54;319;7.21;0.01;0.03;
54;320;5.5;0.01;0.03;
54;321;5.37;0.01;0.03;
54;322;8.6;0.01;0.03;
67;68;3.81;0.02;0.03;
67;324;9.07;0.02;0.04;
67;391;9.06;0.02;0.02;
67;393;9.19;0.02;0.02;
67;439;6.07;0.02;0.01;
67;440;5.8;0.02;0.0;
67;441;7.29;0.02;0.02;
68;72;9.36;0.03;0.02;
68;129;8.55;0.03;0.04;
68;180;9.61;0.03;0.03;
68;324;9.54;0.03;0.04;
68;439;7.56;0.03;0.01;
68;440;5.52;0.03;0.0;
68;441;6.61;0.03;0.02;
68;456;9.77;0.03;0.02;
72;74;6.28;0.02;0.05;
72;76;7.76;0.02;0.02;
72;174;8.84;0.02;0.04;
72;180;8.25;0.02;0.03;
72;181;5.74;0.02;0.03;
72;318;7.97;0.02;0.03;
72;319;6.93;0.02;0.03;
72;320;9.95;0.02;0.03;
72;323;9.86;0.02;0.03;
72;324;7.45;0.02;0.04;
72;389;9.63;0.02;0.02;
72;441;9.59;0.02;0.02;
72;443;9.4;0.02;0.02;
74;76;6.94;0.05;0.02;
74;147;7.91;0.05;0.01;
74;174;4.47;0.05;0.04;
74;181;8.63;0.05;0.03;
74;299;7.3;0.05;0.03;
74;300;8.72;0.05;0.01;
74;318;9.58;0.05;0.03;
74;319;7.57;0.05;0.03;
74;320;9.62;0.05;0.03;
76;147;9.71;0.02;0.01;
76;158;9.82;0.02;0.01;
76;169;5.79;0.02;0.01;
76;318;5.03;0.02;0.03;
76;319;6.29;0.02;0.03;
76;320;9.63;0.02;0.03;
76;323;9.14;0.02;0.03;
76;324;9.46;0.02;0.04;
90;91;3.81;0.01;0.01;
90;94;6.47;0.01;0.02;
90;158;9.63;0.01;0.01;
90;160;7.9;0.01;0.01;
90;300;9.66;0.01;0.01;
91;94;5.1;0.01;0.02;
91;160;9.82;0.01;0.01;
91;299;6.78;0.01;0.03;
91;300;6.4;0.01;0.01;
94;158;9.88;0.02;0.01;
94;299;8.63;0.02;0.03;
128;129;3.77;0.04;0.04;
128;130;6.15;0.04;0.04;
128;180;8.58;0.04;0.03;
128;270;9.04;0.04;0.03;
128;454;6.5;0.04;0.01;
128;455;5.13;0.04;0.01;
128;456;4.77;0.04;0.02;
128;457;6.9;0.04;0.02;
128;460;9.66;0.04;0.01;
129;130;3.78;0.04;0.04;
129;180;8.85;0.04;0.03;
129;440;9.6;0.04;0.0;
129;454;8.9;0.04;0.01;
129;455;6.35;0.04;0.01;
129;456;4.41;0.04;0.02;
129;457;6.45;0.04;0.02;
130;455;9.23;0.04;0.01;
130;456;6.08;0.04;0.02;
130;457;5.74;0.04;0.02;
147;158;5.68;0.01;0.01;
147;174;6.96;0.01;0.04;
150;152;9.16;0.03;0.05;
150;153;7.62;0.03;0.01;
150;158;9.67;0.03;0.01;
152;153;3.82;0.05;0.01;
158;160;7.26;0.01;0.01;
158;169;8.45;0.01;0.01;
160;167;8.36;0.01;0.01;
160;169;5.38;0.01;0.01;
163;167;5.78;0.0;0.01;
167;169;6.44;0.01;0.01;
169;318;8.85;0.01;0.03;
174;181;9.58;0.04;0.03;
174;299;9.47;0.04;0.03;
180;181;3.92;0.03;0.03;
180;387;9.96;0.03;0.01;
180;389;9.7;0.03;0.02;
180;441;8.29;0.03;0.02;
180;443;6.14;0.03;0.02;
180;455;7.84;0.03;0.01;
181;387;9.56;0.03;0.01;
181;443;7.53;0.03;0.02;
202;270;6.64;0.04;0.03;
202;456;9.99;0.04;0.02;
202;457;6.98;0.04;0.02;
202;460;6.44;0.04;0.01;
236;418;7.97;0.05;0.02;
270;454;6.83;0.03;0.01;
270;455;9.9;0.03;0.01;
270;456;9.71;0.03;0.02;
270;457;8.93;0.03;0.02;
270;460;7.97;0.03;0.01;
297;299;5.39;0.01;0.03;
297;300;8.87;0.01;0.01;
299;300;3.79;0.03;0.01;
299;319;9.34;0.03;0.03;
299;320;8.33;0.03;0.03;
300;319;7.79;0.01;0.03;
300;320;6.26;0.01;0.03;
300;321;8.54;0.01;0.03;
318;319;3.84;0.03;0.03;
318;320;7.05;0.03;0.03;
318;321;7.18;0.03;0.03;
318;322;5.74;0.03;0.03;
318;323;4.19;0.03;0.03;
318;324;5.59;0.03;0.04;
318;326;8.06;0.03;0.03;
318;388;9.82;0.03;0.01;
318;389;8.86;0.03;0.02;
318;497;9.46;0.03;0.03;
319;320;3.83;0.03;0.03;
319;321;5.85;0.03;0.03;
319;322;5.55;0.03;0.03;
319;323;6.14;0.03;0.03;
319;324;6.8;0.03;0.04;
319;387;8.71;0.03;0.01;
319;388;7.48;0.03;0.01;
319;389;7.63;0.03;0.02;
319;443;9.57;0.03;0.02;
320;321;3.84;0.03;0.03;
320;322;5.52;0.03;0.03;
320;323;8.07;0.03;0.03;
320;324;9.39;0.03;0.04;
320;387;6.51;0.03;0.01;
320;388;5.79;0.03;0.01;
320;389;7.83;0.03;0.02;
320;443;9.54;0.03;0.02;
321;322;3.74;0.03;0.03;
321;323;6.99;0.03;0.03;
321;324;9.64;0.03;0.04;
321;387;8.74;0.03;0.01;
321;388;6.54;0.03;0.01;
321;389;8.35;0.03;0.02;
321;497;7.55;0.03;0.03;
322;323;3.71;0.03;0.03;
322;324;6.34;0.03;0.04;
322;326;8.93;0.03;0.03;
322;387;8.91;0.03;0.01;
322;388;5.64;0.03;0.01;
322;389;5.68;0.03;0.02;
322;391;9.55;0.03;0.02;
322;443;9.5;0.03;0.02;
322;496;8.06;0.03;0.02;
322;497;5.29;0.03;0.03;
323;324;3.76;0.03;0.04;
323;326;5.57;0.03;0.03;
323;388;8.28;0.03;0.01;
323;389;6.54;0.03;0.02;
323;391;8.13;0.03;0.02;
323;441;9.56;0.03;0.02;
323;496;7.02;0.03;0.02;
323;497;5.97;0.03;0.03;
324;326;6.52;0.04;0.03;
324;388;8.61;0.04;0.01;
324;389;5.65;0.04;0.02;
324;391;6.38;0.04;0.02;
324;440;9.33;0.04;0.0;
324;441;6.36;0.04;0.02;
324;443;8.51;0.04;0.02;
324;496;9.88;0.04;0.02;
324;497;8.95;0.04;0.03;
326;391;8.7;0.03;0.02;
326;494;9.29;0.03;0.05;
326;496;6.05;0.03;0.02;
326;497;7.94;0.03;0.03;
387;388;3.82;0.01;0.01;
387;389;6.67;0.01;0.02;
387;443;5.65;0.01;0.02;
388;389;3.78;0.01;0.02;
388;391;9.9;0.01;0.02;
388;441;9.92;0.01;0.02;
388;443;5.45;0.01;0.02;
388;497;9.34;0.01;0.03;
389;391;6.37;0.02;0.02;
389;441;6.32;0.02;0.02;
389;443;4.28;0.02;0.02;
389;497;8.73;0.02;0.03;
391;393;5.62;0.02;0.02;
391;394;5.59;0.02;0.03;
391;439;7.58;0.02;0.01;
391;440;6.32;0.02;0.0;
391;441;4.58;0.02;0.02;
391;443;8.73;0.02;0.02;
391;497;9.52;0.02;0.03;
393;394;3.8;0.02;0.03;
393;436;5.73;0.02;0.04;
393;439;4.8;0.02;0.01;
393;440;6.7;0.02;0.0;
393;441;8.07;0.02;0.02;
394;436;6.8;0.03;0.04;
394;439;8.49;0.03;0.01;
394;440;9.61;0.03;0.0;
394;441;9.65;0.03;0.02;
394;494;7.72;0.03;0.05;
436;439;8.61;0.04;0.01;
439;440;3.82;0.01;0.0;
439;441;7.09;0.01;0.02;
439;456;9.99;0.01;0.02;
440;441;3.77;0.0;0.02;
440;443;9.78;0.0;0.02;
440;455;8.17;0.0;0.01;
440;456;8.2;0.0;0.02;
441;443;6.48;0.02;0.02;
441;455;8.86;0.02;0.01;
443;455;9.71;0.02;0.01;
454;455;3.79;0.01;0.01;
454;456;5.7;0.01;0.02;
454;457;7.5;0.01;0.02;
454;460;5.99;0.01;0.01;
455;456;3.8;0.01;0.02;
455;457;7.17;0.01;0.02;
455;460;7.5;0.01;0.01;
456;457;3.73;0.02;0.02;
456;460;6.23;0.02;0.01;
457;460;5.12;0.02;0.01;
494;496;7.06;0.05;0.02;
494;497;9.33;0.05;0.03;
496;497;3.83;0.02;0.03;
