20;22;6.46;0.07;0.03;
20;393;6.45;0.07;0.05;
20;394;8.62;0.07;0.05;
20;436;9.48;0.07;0.05;
20;439;6.66;0.07;0.06;
22;67;6.21;0.03;0.05;
22;324;8.53;0.03;0.04;
22;326;6.66;0.03;0.05;
22;391;8.88;0.03;0.06;
22;393;8.74;0.03;0.05;
22;439;6.9;0.03;0.06;
22;441;9.9;0.03;0.06;
50;51;3.83;0.05;0.04;
50;54;8.22;0.05;0.04;
50;163;7.12;0.05;0.03;
50;167;9.93;0.05;0.01;
50;321;8.23;0.05;0.02;
50;322;9.37;0.05;0.03;
50;496;8.41;0.05;0.05;
50;497;8.06;0.05;0.04;
51;54;5.91;0.04;0.04;
51;318;7.75;0.04;0.04;
51;319;8.53;0.04;0.05;
51;320;7.92;0.04;0.03;
51;321;4.48;0.04;0.02;
51;322;5.78;0.04;0.03;
51;323;7.71;0.04;0.04;
51;496;8.02;0.04;0.05;
51;497;6.26;0.04;0.04;
54;56;6.98;0.04;0.03;
54;91;8.86;0.04;0.05;
54;299;8.1;0.04;0.05;
54;300;4.41;0.04;0.04;
54;318;8.74;0.04;0.04;
54;319;7.51;0.04;0.05;
54;320;5.82;0.04;0.03;
54;321;5.13;0.04;0.02;
54;322;8.43;0.04;0.03;
56;297;7.59;0.03;0.04;
56;299;5.13;0.03;0.05;
56;300;4.65;0.03;0.04;
56;319;8.89;0.03;0.05;
56;320;5.65;0.03;0.03;
56;321;7.99;0.03;0.02;
56;387;8.14;0.03;0.03;
56;388;9.74;0.03;0.03;
67;324;9.26;0.05;0.04;
67;439;7.14;0.05;0.06;
67;441;8.61;0.05;0.06;
72;74;6.43;0.04;0.02;
72;76;7.81;0.04;0.02;
72;174;8.68;0.04;0.05;
72;180;7.94;0.04;0.03;
72;318;8.0;0.04;0.04;
72;319;6.79;0.04;0.05;
72;320;9.84;0.04;0.03;
72;323;9.84;0.04;0.04;
72;324;7.49;0.04;0.04;
74;76;6.98;0.02;0.02;
74;147;7.75;0.02;0.03;
74;174;4.39;0.02;0.05;
74;176;8.32;0.02;0.02;
74;297;9.28;0.02;0.04;
74;299;6.87;0.02;0.05;
74;300;8.75;0.02;0.04;
74;318;9.54;0.02;0.04;
74;319;7.54;0.02;0.05;
74;320;9.45;0.02;0.03;
76;147;9.52;0.02;0.03;
76;158;9.83;0.02;0.03;
76;169;5.79;0.02;0.08;
76;318;5.01;0.02;0.04;
76;319;6.43;0.02;0.05;
76;320;9.72;0.02;0.03;
76;323;9.06;0.02;0.04;
76;324;9.6;0.02;0.04;
90;91;3.83;0.06;0.05;
90;94;6.52;0.06;0.06;
90;158;9.33;0.06;0.03;
90;160;7.28;0.06;0.06;
90;300;9.65;0.06;0.04;
91;94;5.07;0.05;0.06;
91;158;9.97;0.05;0.03;
91;160;9.34;0.05;0.06;
91;299;7.04;0.05;0.05;
91;300;6.37;0.05;0.04;
94;147;9.98;0.06;0.03;
94;149;9.36;0.06;0.04;
94;158;8.97;0.06;0.03;
94;299;8.84;0.06;0.05;
114;297;6.41;0.05;0.04;
147;149;7.22;0.03;0.04;
147;158;5.67;0.03;0.03;
147;174;7.04;0.03;0.05;
149;150;3.81;0.04;0.06;
149;151;6.91;0.04;0.06;
149;153;7.86;0.04;0.06;
149;154;7.85;0.04;0.04;
149;158;6.12;0.04;0.03;
150;151;3.77;0.06;0.06;
150;152;7.77;0.06;0.05;
150;153;5.54;0.06;0.06;
150;154;7.27;0.06;0.04;
150;158;9.62;0.06;0.03;
151;152;5.57;0.06;0.05;
151;153;5.45;0.06;0.06;
151;154;7.6;0.06;0.04;
152;153;3.8;0.05;0.06;
152;154;6.14;0.05;0.04;
153;154;3.77;0.06;0.04;
158;160;7.32;0.03;0.06;
158;169;8.55;0.03;0.08;
160;167;8.39;0.06;0.01;
160;169;5.37;0.06;0.08;
163;167;5.74;0.03;0.01;
167;169;6.43;0.01;0.08;
169;318;8.8;0.08;0.04;
174;176;6.06;0.05;0.02;
174;297;9.62;0.05;0.04;
174;299;9.38;0.05;0.05;
176;297;8.01;0.02;0.04;
180;441;9.88;0.03;0.06;
180;443;8.11;0.03;0.05;
180;453;9.6;0.03;0.35;
270;453;8.17;0.01;0.35;
297;299;5.25;0.04;0.05;
297;300;8.79;0.04;0.04;
299;300;3.8;0.05;0.04;
299;319;8.62;0.05;0.05;
299;320;7.44;0.05;0.03;
300;319;7.67;0.04;0.05;
300;320;5.98;0.04;0.03;
300;321;7.83;0.04;0.02;
318;319;3.87;0.04;0.05;
318;320;7.09;0.04;0.03;
318;321;7.15;0.04;0.02;
318;322;5.8;0.04;0.03;
318;323;4.16;0.04;0.04;
318;324;5.74;0.04;0.04;
318;326;7.99;0.04;0.05;
318;389;9.4;0.04;0.04;
318;496;9.99;0.04;0.05;
318;497;9.11;0.04;0.04;
319;320;3.87;0.05;0.03;
319;321;5.84;0.05;0.02;
319;322;5.62;0.05;0.03;
319;323;6.05;0.05;0.04;
319;324;6.6;0.05;0.04;
319;387;8.96;0.05;0.03;
319;388;7.83;0.05;0.03;
319;389;8.19;0.05;0.04;
320;321;3.85;0.03;0.02;
320;322;5.64;0.03;0.03;
320;323;8.13;0.03;0.04;
320;324;9.25;0.03;0.04;
320;387;6.56;0.03;0.03;
320;388;6.06;0.03;0.03;
320;389;8.2;0.03;0.04;
321;322;3.77;0.02;0.03;
321;323;7.09;0.02;0.04;
321;324;9.59;0.02;0.04;
321;387;8.43;0.02;0.03;
321;388;6.35;0.02;0.03;
321;389;8.34;0.02;0.04;
321;497;7.5;0.02;0.04;
322;323;3.81;0.03;0.04;
322;324;6.38;0.03;0.04;
322;326;8.74;0.03;0.05;
322;387;8.72;0.03;0.03;
322;388;5.5;0.03;0.03;
322;389;5.66;0.03;0.04;
322;391;9.47;0.03;0.06;
322;496;8.23;0.03;0.05;
322;497;5.26;0.03;0.04;
323;324;3.78;0.04;0.04;
323;326;5.34;0.04;0.05;
323;388;8.3;0.04;0.03;
323;389;6.68;0.04;0.04;
323;391;8.26;0.04;0.06;
323;441;9.86;0.04;0.06;
323;496;7.29;0.04;0.05;
323;497;6.01;0.04;0.04;
324;326;6.39;0.04;0.05;
324;388;8.65;0.04;0.03;
324;389;5.97;0.04;0.04;
324;391;7.06;0.04;0.06;
324;441;7.05;0.04;0.06;
324;443;9.1;0.04;0.05;
324;497;9.22;0.04;0.04;
326;391;8.23;0.05;0.06;
326;394;9.65;0.05;0.05;
326;496;6.35;0.05;0.05;
326;497;7.72;0.05;0.04;
387;388;3.83;0.03;0.03;
387;389;6.7;0.03;0.04;
387;443;6.37;0.03;0.05;
388;389;3.79;0.03;0.04;
388;391;9.83;0.03;0.06;
388;441;9.8;0.03;0.06;
388;443;6.12;0.03;0.05;
388;497;9.33;0.03;0.04;
389;391;6.28;0.04;0.06;
389;441;6.22;0.04;0.06;
389;443;4.75;0.04;0.05;
389;497;8.77;0.04;0.04;
391;393;5.6;0.06;0.05;
391;394;5.52;0.06;0.05;
391;439;6.85;0.06;0.06;
391;441;4.64;0.06;0.06;
391;443;8.65;0.06;0.05;
391;497;9.49;0.06;0.04;
393;394;3.8;0.05;0.05;
393;436;6.23;0.05;0.05;
393;439;4.87;0.05;0.06;
393;441;8.36;0.05;0.06;
394;436;7.88;0.05;0.05;
394;439;8.32;0.05;0.06;
394;441;9.75;0.05;0.06;
436;439;9.19;0.05;0.06;
439;441;6.79;0.06;0.06;
441;443;6.02;0.06;0.05;
441;453;8.76;0.06;0.35;
443;453;7.36;0.05;0.35;
496;497;3.89;0.05;0.04;
