1;2;19;393;6.99;5.58;0.63;
1;2;19;394;6.97;5.58;0.6;
1;2;19;494;8.75;5.58;0.66;
1;2;20;393;7.41;4.3;0.63;
1;2;20;394;8.87;4.3;0.6;
1;2;20;439;8.49;4.3;0.85;
1;2;22;391;8.61;1.1;0.53;
1;2;22;393;8.32;1.1;0.63;
1;2;22;394;9.53;1.1;0.6;
1;2;22;439;8.3;1.1;0.85;
1;2;22;440;9.46;1.1;0.63;
1;2;22;441;9.85;1.1;0.54;
1;2;67;391;9.14;0.58;0.53;
1;2;67;393;9.28;0.58;0.63;
1;2;67;439;5.97;0.58;0.85;
1;2;67;440;5.76;0.58;0.63;
1;2;67;441;7.28;0.58;0.54;
1;2;68;439;7.62;0.6;0.85;
1;2;68;440;5.53;0.6;0.63;
1;2;68;441;6.6;0.6;0.54;
1;2;68;456;9.69;0.6;0.59;
1;2;72;389;9.69;0.51;0.5;
1;2;72;441;9.65;0.51;0.54;
1;2;72;443;9.47;0.51;0.52;
1;2;74;297;9.59;0.63;0.7;
1;2;74;299;7.08;0.63;0.68;
1;2;74;300;8.74;0.63;0.56;
1;2;128;454;6.46;0.57;0.59;
1;2;128;455;5.15;0.57;0.58;
1;2;128;456;4.83;0.57;0.59;
1;2;128;457;6.97;0.57;0.67;
1;2;128;460;9.67;0.57;0.64;
1;2;129;440;9.63;0.57;0.63;
1;2;129;454;8.89;0.57;0.59;
1;2;129;455;6.42;0.57;0.58;
1;2;129;456;4.48;0.57;0.59;
1;2;129;457;6.54;0.57;0.67;
1;2;130;455;9.3;0.61;0.58;
1;2;130;456;6.15;0.61;0.59;
1;2;130;457;5.84;0.61;0.67;
1;2;150;151;9.59;1.29;1.57;
1;2;150;152;8.73;1.29;1.98;
1;2;150;153;6.97;1.29;1.44;
1;2;150;154;8.23;1.29;1.08;
1;2;151;151;7.88;1.57;1.57;
1;2;151;152;6.88;1.57;1.98;
1;2;151;153;6.95;1.57;1.44;
1;2;151;154;8.69;1.57;1.08;
1;2;152;151;8.72;1.98;1.57;
1;2;152;152;6.25;1.98;1.98;
1;2;152;153;7.52;1.98;1.44;
1;2;158;90;9.51;0.59;0.63;
1;2;158;94;9.31;0.59;0.67;
1;2;160;90;7.63;0.54;0.63;
1;2;160;91;9.59;0.54;0.56;
1;2;163;50;8.65;0.56;0.77;
1;2;174;108;8.62;0.71;6.99;
1;2;174;297;9.7;0.71;0.7;
1;2;174;299;9.39;0.71;0.68;
1;2;176;107;9.86;1.6;7.26;
1;2;176;108;8.35;1.6;6.99;
1;2;176;297;8.37;1.6;0.7;
1;2;180;387;9.85;0.57;0.52;
1;2;180;389;9.63;0.57;0.5;
1;2;180;441;8.21;0.57;0.54;
1;2;180;443;6.09;0.57;0.52;
1;2;180;455;7.93;0.57;0.58;
1;2;181;387;9.46;0.57;0.52;
1;2;181;443;7.55;0.57;0.52;
1;2;187;106;8.48;0.65;6.76;
1;2;187;107;7.13;0.65;7.26;
1;2;202;457;7.28;0.83;0.67;
1;2;202;460;6.52;0.83;0.64;
1;2;270;454;6.56;0.65;0.59;
1;2;270;455;9.73;0.65;0.58;
1;2;270;456;9.61;0.65;0.59;
1;2;270;457;8.85;0.65;0.67;
1;2;270;460;7.7;0.65;0.64;
1;2;271;454;5.28;0.63;0.59;
1;2;271;455;7.69;0.63;0.58;
1;2;271;456;8.36;0.63;0.59;
1;2;271;457;8.94;0.63;0.67;
1;2;271;460;8.93;0.63;0.64;
1;2;318;51;8.21;0.51;0.6;
1;2;318;54;8.77;0.51;0.56;
1;2;318;388;9.88;0.51;0.49;
1;2;318;389;8.91;0.51;0.5;
1;2;318;497;9.41;0.51;0.53;
1;2;319;51;8.85;0.53;0.6;
1;2;319;54;7.26;0.53;0.56;
1;2;319;299;8.99;0.53;0.68;
1;2;319;300;7.65;0.53;0.56;
1;2;319;387;8.71;0.53;0.52;
1;2;319;388;7.47;0.53;0.49;
1;2;319;389;7.59;0.53;0.5;
1;2;319;443;9.56;0.53;0.52;
1;2;320;51;8.13;0.56;0.6;
1;2;320;54;5.58;0.56;0.56;
1;2;320;299;7.98;0.56;0.68;
1;2;320;300;6.09;0.56;0.56;
1;2;320;387;6.47;0.56;0.52;
1;2;320;388;5.75;0.56;0.49;
1;2;320;389;7.79;0.56;0.5;
1;2;320;443;9.51;0.56;0.52;
1;2;321;50;8.29;0.53;0.77;
1;2;321;51;4.59;0.53;0.6;
1;2;321;54;5.24;0.53;0.56;
1;2;321;300;8.25;0.53;0.56;
1;2;321;387;8.68;0.53;0.52;
1;2;321;388;6.48;0.53;0.49;
1;2;321;389;8.32;0.53;0.5;
1;2;321;497;7.55;0.53;0.53;
1;2;322;50;9.24;0.52;0.77;
1;2;322;51;5.76;0.52;0.6;
1;2;322;54;8.46;0.52;0.56;
1;2;322;387;8.92;0.52;0.52;
1;2;322;388;5.65;0.52;0.49;
1;2;322;389;5.67;0.52;0.5;
1;2;322;391;9.59;0.52;0.53;
1;2;322;443;9.5;0.52;0.52;
1;2;322;496;8.05;0.52;0.56;
1;2;322;497;5.23;0.52;0.53;
1;2;323;51;7.64;0.51;0.6;
1;2;323;388;8.33;0.51;0.49;
1;2;323;389;6.55;0.51;0.5;
1;2;323;391;8.16;0.51;0.53;
1;2;323;441;9.61;0.51;0.54;
1;2;323;496;6.98;0.51;0.56;
1;2;323;497;5.92;0.51;0.53;
1;2;324;388;8.58;0.51;0.49;
1;2;324;389;5.6;0.51;0.5;
1;2;324;391;6.4;0.51;0.53;
1;2;324;440;9.33;0.51;0.63;
1;2;324;441;6.36;0.51;0.54;
1;2;324;443;8.41;0.51;0.52;
1;2;324;496;9.94;0.51;0.56;
1;2;324;497;8.95;0.51;0.53;
1;2;326;391;8.55;0.53;0.53;
1;2;326;494;9.28;0.53;0.66;
1;2;326;496;6.08;0.53;0.56;
1;2;326;497;7.91;0.53;0.53;
2;3;19;393;6.89;5.58;0.63;
2;3;19;394;6.85;5.58;0.6;
2;3;19;439;10.0;5.58;0.85;
2;3;20;393;7.38;4.3;0.63;
2;3;20;394;8.82;4.3;0.6;
2;3;20;439;8.46;4.3;0.85;
2;3;22;391;8.59;1.1;0.53;
2;3;22;393;8.31;1.1;0.63;
2;3;22;394;9.52;1.1;0.6;
2;3;22;439;8.25;1.1;0.85;
2;3;22;440;9.46;1.1;0.63;
2;3;22;441;9.82;1.1;0.54;
2;3;67;391;9.13;0.58;0.53;
2;3;67;393;9.3;0.58;0.63;
2;3;67;439;5.95;0.58;0.85;
2;3;67;440;5.76;0.58;0.63;
2;3;67;441;7.26;0.58;0.54;
2;3;68;439;7.63;0.6;0.85;
2;3;68;440;5.54;0.6;0.63;
2;3;68;441;6.59;0.6;0.54;
2;3;68;456;9.74;0.6;0.59;
2;3;72;389;9.68;0.51;0.5;
2;3;72;441;9.64;0.51;0.54;
2;3;72;443;9.47;0.51;0.52;
2;3;74;297;9.58;0.63;0.7;
2;3;74;299;7.08;0.63;0.68;
2;3;74;300;8.73;0.63;0.56;
2;3;128;454;6.51;0.57;0.59;
2;3;128;455;5.2;0.57;0.58;
2;3;128;456;4.85;0.57;0.59;
2;3;128;457;6.97;0.57;0.67;
2;3;128;460;9.68;0.57;0.64;
2;3;129;440;9.64;0.57;0.63;
2;3;129;454;8.95;0.57;0.59;
2;3;129;455;6.47;0.57;0.58;
2;3;129;456;4.53;0.57;0.59;
2;3;129;457;6.58;0.57;0.67;
2;3;150;151;9.54;1.29;1.57;
2;3;150;152;8.67;1.29;1.98;
2;3;150;153;6.97;1.29;1.44;
2;3;150;154;8.2;1.29;1.08;
2;3;151;151;7.84;1.57;1.57;
2;3;151;152;6.83;1.57;1.98;
2;3;151;153;6.97;1.57;1.44;
2;3;151;154;8.67;1.57;1.08;
2;3;152;151;8.69;1.98;1.57;
2;3;152;152;6.21;1.98;1.98;
2;3;152;153;7.53;1.98;1.44;
2;3;158;90;9.51;0.59;0.63;
2;3;158;94;9.33;0.59;0.67;
2;3;160;90;7.64;0.54;0.63;
2;3;160;91;9.6;0.54;0.56;
2;3;163;50;8.66;0.56;0.77;
2;3;174;108;8.6;0.71;6.99;
2;3;174;297;9.7;0.71;0.7;
2;3;174;299;9.4;0.71;0.68;
2;3;176;107;9.68;1.6;7.26;
2;3;176;108;8.33;1.6;6.99;
2;3;176;297;8.36;1.6;0.7;
2;3;180;387;9.88;0.57;0.52;
2;3;180;389;9.66;0.57;0.5;
2;3;180;441;8.24;0.57;0.54;
2;3;180;443;6.13;0.57;0.52;
2;3;180;455;7.96;0.57;0.58;
2;3;181;387;9.46;0.57;0.52;
2;3;181;443;7.56;0.57;0.52;
2;3;187;106;8.4;0.65;6.76;
2;3;187;107;7.13;0.65;7.26;
2;3;202;457;7.28;0.83;0.67;
2;3;202;460;6.56;0.83;0.64;
2;3;270;454;6.57;0.65;0.59;
2;3;270;455;9.74;0.65;0.58;
2;3;270;456;9.61;0.65;0.59;
2;3;270;457;8.85;0.65;0.67;
2;3;270;460;7.74;0.65;0.64;
2;3;271;454;5.32;0.63;0.59;
2;3;271;455;7.71;0.63;0.58;
2;3;271;456;8.37;0.63;0.59;
2;3;271;457;8.96;0.63;0.67;
2;3;271;460;8.98;0.63;0.64;
2;3;318;51;8.22;0.51;0.6;
2;3;318;54;8.77;0.51;0.56;
2;3;318;388;9.89;0.51;0.49;
2;3;318;389;8.9;0.51;0.5;
2;3;318;497;9.42;0.51;0.53;
2;3;319;51;8.85;0.53;0.6;
2;3;319;54;7.29;0.53;0.56;
2;3;319;299;9.04;0.53;0.68;
2;3;319;300;7.7;0.53;0.56;
2;3;319;387;8.65;0.53;0.52;
2;3;319;388;7.42;0.53;0.49;
2;3;319;389;7.53;0.53;0.5;
2;3;319;443;9.5;0.53;0.52;
2;3;320;51;8.1;0.56;0.6;
2;3;320;54;5.58;0.56;0.56;
2;3;320;299;8.02;0.56;0.68;
2;3;320;300;6.13;0.56;0.56;
2;3;320;387;6.47;0.56;0.52;
2;3;320;388;5.75;0.56;0.49;
2;3;320;389;7.78;0.56;0.5;
2;3;320;443;9.51;0.56;0.52;
2;3;321;50;8.28;0.53;0.77;
2;3;321;51;4.58;0.53;0.6;
2;3;321;54;5.24;0.53;0.56;
2;3;321;300;8.27;0.53;0.56;
2;3;321;387;8.67;0.53;0.52;
2;3;321;388;6.48;0.53;0.49;
2;3;321;389;8.32;0.53;0.5;
2;3;321;497;7.54;0.53;0.53;
2;3;322;50;9.25;0.52;0.77;
2;3;322;51;5.78;0.52;0.6;
2;3;322;54;8.46;0.52;0.56;
2;3;322;387;8.9;0.52;0.52;
2;3;322;388;5.64;0.52;0.49;
2;3;322;389;5.66;0.52;0.5;
2;3;322;391;9.6;0.52;0.53;
2;3;322;443;9.48;0.52;0.52;
2;3;322;496;8.07;0.52;0.56;
2;3;322;497;5.24;0.52;0.53;
2;3;323;51;7.68;0.51;0.6;
2;3;323;388;8.33;0.51;0.49;
2;3;323;389;6.53;0.51;0.5;
2;3;323;391;8.15;0.51;0.53;
2;3;323;441;9.59;0.51;0.54;
2;3;323;496;7.01;0.51;0.56;
2;3;323;497;5.94;0.51;0.53;
2;3;324;388;8.59;0.51;0.49;
2;3;324;389;5.6;0.51;0.5;
2;3;324;391;6.41;0.51;0.53;
2;3;324;440;9.34;0.51;0.63;
2;3;324;441;6.36;0.51;0.54;
2;3;324;443;8.41;0.51;0.52;
2;3;324;496;9.97;0.51;0.56;
2;3;324;497;8.97;0.51;0.53;
2;3;326;391;8.56;0.53;0.53;
2;3;326;496;6.12;0.53;0.56;
2;3;326;497;7.94;0.53;0.53;
3;4;19;393;6.91;5.58;0.63;
3;4;19;394;6.95;5.58;0.6;
3;4;19;439;9.96;5.58;0.85;
3;4;20;393;7.47;4.3;0.63;
3;4;20;394;8.94;4.3;0.6;
3;4;20;439;8.49;4.3;0.85;
3;4;22;391;8.63;1.1;0.53;
3;4;22;393;8.34;1.1;0.63;
3;4;22;394;9.55;1.1;0.6;
3;4;22;439;8.29;1.1;0.85;
3;4;22;440;9.48;1.1;0.63;
3;4;22;441;9.87;1.1;0.54;
3;4;67;391;9.11;0.58;0.53;
3;4;67;393;9.27;0.58;0.63;
3;4;67;439;5.95;0.58;0.85;
3;4;67;440;5.76;0.58;0.63;
3;4;67;441;7.28;0.58;0.54;
3;4;68;439;7.6;0.6;0.85;
3;4;68;440;5.52;0.6;0.63;
3;4;68;441;6.59;0.6;0.54;
3;4;68;456;9.69;0.6;0.59;
3;4;72;389;9.71;0.51;0.5;
3;4;72;441;9.66;0.51;0.54;
3;4;72;443;9.5;0.51;0.52;
3;4;74;297;9.58;0.63;0.7;
3;4;74;299;7.09;0.63;0.68;
3;4;74;300;8.76;0.63;0.56;
3;4;128;454;6.44;0.57;0.59;
3;4;128;455;5.15;0.57;0.58;
3;4;128;456;4.82;0.57;0.59;
3;4;128;457;6.95;0.57;0.67;
3;4;128;460;9.66;0.57;0.64;
3;4;129;440;9.63;0.57;0.63;
3;4;129;454;8.89;0.57;0.59;
3;4;129;455;6.43;0.57;0.58;
3;4;129;456;4.49;0.57;0.59;
3;4;129;457;6.55;0.57;0.67;
3;4;150;151;9.58;1.29;1.57;
3;4;150;152;8.72;1.29;1.98;
3;4;150;153;7.02;1.29;1.44;
3;4;150;154;8.23;1.29;1.08;
3;4;151;151;7.87;1.57;1.57;
3;4;151;152;6.87;1.57;1.98;
3;4;151;153;7.02;1.57;1.44;
3;4;151;154;8.7;1.57;1.08;
3;4;152;151;8.71;1.98;1.57;
3;4;152;152;6.24;1.98;1.98;
3;4;152;153;7.56;1.98;1.44;
3;4;158;90;9.51;0.59;0.63;
3;4;158;94;9.29;0.59;0.67;
3;4;160;90;7.61;0.54;0.63;
3;4;160;91;9.57;0.54;0.56;
3;4;163;50;8.68;0.56;0.77;
3;4;174;108;8.66;0.71;6.99;
3;4;174;297;9.69;0.71;0.7;
3;4;174;299;9.4;0.71;0.68;
3;4;176;107;9.84;1.6;7.26;
3;4;176;108;8.3;1.6;6.99;
3;4;176;297;8.38;1.6;0.7;
3;4;180;387;9.84;0.57;0.52;
3;4;180;389;9.63;0.57;0.5;
3;4;180;441;8.21;0.57;0.54;
3;4;180;443;6.09;0.57;0.52;
3;4;180;455;7.95;0.57;0.58;
3;4;181;387;9.45;0.57;0.52;
3;4;181;443;7.56;0.57;0.52;
3;4;187;106;8.5;0.65;6.76;
3;4;187;107;7.17;0.65;7.26;
3;4;202;457;7.28;0.83;0.67;
3;4;202;460;6.53;0.83;0.64;
3;4;270;454;6.54;0.65;0.59;
3;4;270;455;9.72;0.65;0.58;
3;4;270;456;9.6;0.65;0.59;
3;4;270;457;8.83;0.65;0.67;
3;4;270;460;7.71;0.65;0.64;
3;4;271;454;5.28;0.63;0.59;
3;4;271;455;7.69;0.63;0.58;
3;4;271;456;8.37;0.63;0.59;
3;4;271;457;8.95;0.63;0.67;
3;4;271;460;8.96;0.63;0.64;
3;4;318;51;8.21;0.51;0.6;
3;4;318;54;8.77;0.51;0.56;
3;4;318;388;9.88;0.51;0.49;
3;4;318;389;8.92;0.51;0.5;
3;4;318;497;9.41;0.51;0.53;
3;4;319;51;8.86;0.53;0.6;
3;4;319;54;7.26;0.53;0.56;
3;4;319;299;9.0;0.53;0.68;
3;4;319;300;7.66;0.53;0.56;
3;4;319;387;8.7;0.53;0.52;
3;4;319;388;7.47;0.53;0.49;
3;4;319;389;7.61;0.53;0.5;
3;4;319;443;9.59;0.53;0.52;
3;4;320;51;8.14;0.56;0.6;
3;4;320;54;5.58;0.56;0.56;
3;4;320;299;7.97;0.56;0.68;
3;4;320;300;6.1;0.56;0.56;
3;4;320;387;6.47;0.56;0.52;
3;4;320;388;5.76;0.56;0.49;
3;4;320;389;7.8;0.56;0.5;
3;4;320;443;9.53;0.56;0.52;
3;4;321;50;8.29;0.53;0.77;
3;4;321;51;4.61;0.53;0.6;
3;4;321;54;5.24;0.53;0.56;
3;4;321;300;8.25;0.53;0.56;
3;4;321;387;8.67;0.53;0.52;
3;4;321;388;6.48;0.53;0.49;
3;4;321;389;8.34;0.53;0.5;
3;4;321;497;7.55;0.53;0.53;
3;4;322;50;9.25;0.52;0.77;
3;4;322;51;5.78;0.52;0.6;
3;4;322;54;8.47;0.52;0.56;
3;4;322;387;8.91;0.52;0.52;
3;4;322;388;5.64;0.52;0.49;
3;4;322;389;5.68;0.52;0.5;
3;4;322;391;9.6;0.52;0.53;
3;4;322;443;9.51;0.52;0.52;
3;4;322;496;8.06;0.52;0.56;
3;4;322;497;5.24;0.52;0.53;
3;4;323;51;7.66;0.51;0.6;
3;4;323;388;8.33;0.51;0.49;
3;4;323;389;6.56;0.51;0.5;
3;4;323;391;8.17;0.51;0.53;
3;4;323;441;9.62;0.51;0.54;
3;4;323;496;6.99;0.51;0.56;
3;4;323;497;5.92;0.51;0.53;
3;4;324;388;8.58;0.51;0.49;
3;4;324;389;5.61;0.51;0.5;
3;4;324;391;6.41;0.51;0.53;
3;4;324;440;9.34;0.51;0.63;
3;4;324;441;6.38;0.51;0.54;
3;4;324;443;8.43;0.51;0.52;
3;4;324;496;9.94;0.51;0.56;
3;4;324;497;8.95;0.51;0.53;
3;4;326;391;8.56;0.53;0.53;
3;4;326;496;6.08;0.53;0.56;
3;4;326;497;7.91;0.53;0.53;
1;4;50;163;8.67;0.77;0.56;
1;4;50;321;8.27;0.77;0.53;
1;4;50;322;9.23;0.77;0.52;
1;4;51;318;8.2;0.6;0.51;
1;4;51;319;8.83;0.6;0.53;
1;4;51;320;8.08;0.6;0.56;
1;4;51;321;4.57;0.6;0.53;
1;4;51;322;5.76;0.6;0.52;
1;4;51;323;7.67;0.6;0.51;
1;4;54;318;8.76;0.56;0.51;
1;4;54;319;7.29;0.56;0.53;
1;4;54;320;5.57;0.56;0.56;
1;4;54;321;5.24;0.56;0.53;
1;4;54;322;8.45;0.56;0.52;
1;4;90;158;9.51;0.63;0.59;
1;4;90;160;7.64;0.63;0.54;
1;4;91;160;9.59;0.56;0.54;
1;4;94;158;9.31;0.67;0.59;
1;4;106;187;8.38;6.76;0.65;
1;4;107;176;9.66;7.26;1.6;
1;4;107;187;7.02;7.26;0.65;
1;4;108;174;8.59;6.99;0.71;
1;4;108;176;8.17;6.99;1.6;
1;4;151;150;9.57;1.57;1.29;
1;4;151;151;7.85;1.57;1.57;
1;4;151;152;8.7;1.57;1.98;
1;4;152;150;8.71;1.98;1.29;
1;4;152;151;6.84;1.98;1.57;
1;4;152;152;6.23;1.98;1.98;
1;4;153;150;6.97;1.44;1.29;
1;4;153;151;6.94;1.44;1.57;
1;4;153;152;7.51;1.44;1.98;
1;4;154;150;8.21;1.08;1.29;
1;4;154;151;8.67;1.08;1.57;
1;4;297;74;9.57;0.7;0.63;
1;4;297;174;9.69;0.7;0.71;
1;4;297;176;8.42;0.7;1.6;
1;4;299;74;7.08;0.68;0.63;
1;4;299;174;9.38;0.68;0.71;
1;4;299;319;9.05;0.68;0.53;
1;4;299;320;8.02;0.68;0.56;
1;4;300;74;8.76;0.56;0.63;
1;4;300;319;7.71;0.56;0.53;
1;4;300;320;6.12;0.56;0.56;
1;4;300;321;8.26;0.56;0.53;
1;4;387;180;9.86;0.52;0.57;
1;4;387;181;9.45;0.52;0.57;
1;4;387;319;8.65;0.52;0.53;
1;4;387;320;6.47;0.52;0.56;
1;4;387;321;8.66;0.52;0.53;
1;4;387;322;8.9;0.52;0.52;
1;4;388;318;9.87;0.49;0.51;
1;4;388;319;7.41;0.49;0.53;
1;4;388;320;5.74;0.49;0.56;
1;4;388;321;6.47;0.49;0.53;
1;4;388;322;5.64;0.49;0.52;
1;4;388;323;8.32;0.49;0.51;
1;4;388;324;8.57;0.49;0.51;
1;4;389;72;9.71;0.5;0.51;
1;4;389;180;9.65;0.5;0.57;
1;4;389;318;8.91;0.5;0.51;
1;4;389;319;7.53;0.5;0.53;
1;4;389;320;7.79;0.5;0.56;
1;4;389;321;8.33;0.5;0.53;
1;4;389;322;5.68;0.5;0.52;
1;4;389;323;6.54;0.5;0.51;
1;4;389;324;5.6;0.5;0.51;
1;4;391;22;8.6;0.53;1.1;
1;4;391;67;9.14;0.53;0.58;
1;4;391;322;9.61;0.53;0.52;
1;4;391;323;8.16;0.53;0.51;
1;4;391;324;6.42;0.53;0.51;
1;4;391;326;8.56;0.53;0.53;
1;4;393;19;6.82;0.63;5.58;
1;4;393;20;7.41;0.63;4.3;
1;4;393;22;8.33;0.63;1.1;
1;4;393;67;9.3;0.63;0.58;
1;4;394;19;6.87;0.6;5.58;
1;4;394;20;8.89;0.6;4.3;
1;4;394;22;9.55;0.6;1.1;
1;4;439;19;9.89;0.85;5.58;
1;4;439;20;8.44;0.85;4.3;
1;4;439;22;8.29;0.85;1.1;
1;4;439;67;5.98;0.85;0.58;
1;4;439;68;7.65;0.85;0.6;
1;4;440;22;9.45;0.63;1.1;
1;4;440;67;5.77;0.63;0.58;
1;4;440;68;5.55;0.63;0.6;
1;4;440;129;9.64;0.63;0.57;
1;4;440;324;9.34;0.63;0.51;
1;4;441;22;9.82;0.54;1.1;
1;4;441;67;7.27;0.54;0.58;
1;4;441;68;6.61;0.54;0.6;
1;4;441;72;9.67;0.54;0.51;
1;4;441;180;8.23;0.54;0.57;
1;4;441;323;9.59;0.54;0.51;
1;4;441;324;6.36;0.54;0.51;
1;4;443;72;9.5;0.52;0.51;
1;4;443;180;6.13;0.52;0.57;
1;4;443;181;7.57;0.52;0.57;
1;4;443;319;9.52;0.52;0.53;
1;4;443;320;9.53;0.52;0.56;
1;4;443;322;9.5;0.52;0.52;
1;4;443;324;8.42;0.52;0.51;
1;4;454;128;6.48;0.59;0.57;
1;4;454;129;8.92;0.59;0.57;
1;4;454;270;6.58;0.59;0.65;
1;4;454;271;5.32;0.59;0.63;
1;4;455;128;5.18;0.58;0.57;
1;4;455;129;6.45;0.58;0.57;
1;4;455;180;7.96;0.58;0.57;
1;4;455;270;9.74;0.58;0.65;
1;4;455;271;7.71;0.58;0.63;
1;4;456;68;9.73;0.59;0.6;
1;4;456;128;4.84;0.59;0.57;
1;4;456;129;4.52;0.59;0.57;
1;4;456;270;9.61;0.59;0.65;
1;4;456;271;8.37;0.59;0.63;
1;4;457;128;6.96;0.67;0.57;
1;4;457;129;6.56;0.67;0.57;
1;4;457;202;7.31;0.67;0.83;
1;4;457;270;8.86;0.67;0.65;
1;4;457;271;8.96;0.67;0.63;
1;4;460;128;9.67;0.64;0.57;
1;4;460;202;6.56;0.64;0.83;
1;4;460;270;7.74;0.64;0.65;
1;4;460;271;8.96;0.64;0.63;
1;4;496;322;8.06;0.56;0.52;
1;4;496;323;7.0;0.56;0.51;
1;4;496;324;9.96;0.56;0.51;
1;4;496;326;6.11;0.56;0.53;
1;4;497;318;9.41;0.53;0.51;
1;4;497;321;7.55;0.53;0.53;
1;4;497;322;5.24;0.53;0.52;
1;4;497;323;5.93;0.53;0.51;
1;4;497;324;8.95;0.53;0.51;
1;4;497;326;7.92;0.53;0.53;
