18;20;5.62;0.12;0.14;
18;494;7.95;0.12;0.05;
20;22;6.56;0.14;0.1;
20;393;6.94;0.14;0.03;
20;394;8.1;0.14;0.04;
20;436;9.33;0.14;0.03;
20;439;8.74;0.14;0.02;
22;67;6.09;0.1;0.08;
22;68;9.6;0.1;0.06;
22;324;8.59;0.1;0.07;
22;326;6.41;0.1;0.1;
22;391;8.52;0.1;0.03;
22;393;8.25;0.1;0.03;
22;394;9.55;0.1;0.04;
22;439;8.08;0.1;0.02;
22;440;9.37;0.1;0.02;
22;441;9.74;0.1;0.03;
50;51;3.8;0.07;0.06;
50;54;9.47;0.07;0.04;
50;163;8.89;0.07;0.07;
50;321;8.3;0.07;0.08;
50;322;9.29;0.07;0.08;
50;496;8.2;0.07;0.07;
50;497;7.89;0.07;0.05;
51;54;6.79;0.06;0.04;
51;318;8.15;0.06;0.06;
51;319;8.89;0.06;0.05;
51;320;8.15;0.06;0.05;
51;321;4.6;0.06;0.08;
51;322;5.79;0.06;0.08;
51;323;7.62;0.06;0.09;
51;496;7.91;0.06;0.07;
51;497;6.28;0.06;0.05;
54;91;9.12;0.04;0.01;
54;299;8.33;0.04;0.03;
54;300;4.64;0.04;0.03;
54;318;8.68;0.04;0.06;
54;319;7.22;0.04;0.05;
54;320;5.53;0.04;0.05;
54;321;5.22;0.04;0.08;
54;322;8.49;0.04;0.08;
67;68;3.79;0.08;0.06;
67;324;9.04;0.08;0.07;
67;391;9.13;0.08;0.03;
67;393;9.43;0.08;0.03;
67;439;5.9;0.08;0.02;
67;440;5.8;0.08;0.02;
67;441;7.28;0.08;0.03;
68;72;9.4;0.06;0.05;
68;129;8.47;0.06;0.03;
68;180;9.4;0.06;0.03;
68;324;9.53;0.06;0.07;
68;439;7.62;0.06;0.02;
68;440;5.63;0.06;0.02;
68;441;6.7;0.06;0.03;
68;456;9.9;0.06;0.01;
72;74;6.28;0.05;0.03;
72;76;7.7;0.05;0.05;
72;174;8.56;0.05;0.03;
72;180;8.09;0.05;0.03;
72;181;5.6;0.05;0.04;
72;318;7.95;0.05;0.06;
72;319;6.77;0.05;0.05;
72;320;9.82;0.05;0.05;
72;323;9.91;0.05;0.09;
72;324;7.48;0.05;0.07;
72;389;9.87;0.05;0.04;
72;441;9.83;0.05;0.03;
72;443;9.82;0.05;0.03;
74;76;6.94;0.03;0.05;
74;147;7.84;0.03;0.04;
74;174;4.43;0.03;0.03;
74;176;8.75;0.03;0.05;
74;181;8.61;0.03;0.04;
74;297;9.73;0.03;0.02;
74;299;6.9;0.03;0.03;
74;300;8.51;0.03;0.03;
74;318;9.53;0.03;0.06;
74;319;7.56;0.03;0.05;
74;320;9.61;0.03;0.05;
76;147;9.69;0.05;0.04;
76;158;9.91;0.05;0.03;
76;169;5.8;0.05;0.04;
76;318;4.99;0.05;0.06;
76;319;6.4;0.05;0.05;
76;320;9.77;0.05;0.05;
76;323;9.13;0.05;0.09;
76;324;9.44;0.05;0.07;
90;91;3.77;0.02;0.01;
90;94;6.47;0.02;0.01;
90;158;9.38;0.02;0.03;
90;160;7.65;0.02;0.03;
90;300;9.65;0.02;0.03;
91;94;5.07;0.01;0.01;
91;160;9.72;0.01;0.03;
91;299;6.9;0.01;0.03;
91;300;6.42;0.01;0.03;
94;158;9.45;0.01;0.03;
94;299;8.71;0.01;0.03;
128;129;3.79;0.03;0.03;
128;180;8.69;0.03;0.03;
128;198;9.48;0.03;0.05;
128;270;6.3;0.03;0.04;
128;454;6.77;0.03;0.02;
128;455;5.41;0.03;0.01;
128;456;4.99;0.03;0.01;
128;457;7.1;0.03;0.03;
129;180;8.88;0.03;0.03;
129;198;9.59;0.03;0.05;
129;270;9.92;0.03;0.04;
129;440;9.62;0.03;0.02;
129;454;9.05;0.03;0.02;
129;455;6.52;0.03;0.01;
129;456;4.62;0.03;0.01;
129;457;6.73;0.03;0.03;
147;158;5.67;0.04;0.03;
147;174;7.09;0.04;0.03;
150;151;3.77;0.05;0.05;
150;152;7.85;0.05;0.07;
150;153;6.29;0.05;0.05;
150;154;7.98;0.05;0.04;
150;158;9.71;0.05;0.03;
151;152;6.09;0.05;0.07;
151;153;6.6;0.05;0.05;
151;154;8.52;0.05;0.04;
152;153;3.8;0.07;0.05;
152;154;6.02;0.07;0.04;
153;154;3.72;0.05;0.04;
158;160;7.25;0.03;0.03;
158;169;8.52;0.03;0.04;
160;167;8.34;0.03;0.05;
160;169;5.4;0.03;0.04;
163;167;5.83;0.07;0.05;
167;169;6.46;0.05;0.04;
169;318;8.87;0.04;0.06;
174;176;6.31;0.03;0.05;
174;181;9.26;0.03;0.04;
174;297;9.84;0.03;0.02;
174;299;9.22;0.03;0.03;
176;181;7.43;0.05;0.04;
176;297;8.22;0.05;0.02;
180;181;3.88;0.03;0.04;
180;387;9.7;0.03;0.03;
180;389;9.63;0.03;0.04;
180;441;8.27;0.03;0.03;
180;443;6.18;0.03;0.03;
180;455;8.24;0.03;0.01;
181;319;9.73;0.04;0.05;
181;387;9.51;0.04;0.03;
181;443;7.87;0.04;0.03;
198;202;8.15;0.05;0.07;
198;456;9.87;0.05;0.01;
198;457;7.34;0.05;0.03;
202;454;8.96;0.07;0.02;
202;456;9.72;0.07;0.01;
202;457;7.14;0.07;0.03;
202;460;6.5;0.07;0.02;
236;418;7.87;0.11;0.04;
270;454;5.63;0.04;0.02;
270;455;6.9;0.04;0.01;
270;456;9.03;0.04;0.01;
297;299;5.34;0.02;0.03;
297;300;8.81;0.02;0.03;
299;300;3.77;0.03;0.03;
299;319;9.0;0.03;0.05;
299;320;8.05;0.03;0.05;
300;319;7.67;0.03;0.05;
300;320;6.18;0.03;0.05;
300;321;8.34;0.03;0.08;
318;319;3.86;0.06;0.05;
318;320;7.08;0.06;0.05;
318;321;7.21;0.06;0.08;
318;322;5.83;0.06;0.08;
318;323;4.24;0.06;0.09;
318;324;5.64;0.06;0.07;
318;326;8.13;0.06;0.1;
318;388;9.94;0.06;0.05;
318;389;9.03;0.06;0.04;
318;497;9.42;0.06;0.05;
319;320;3.87;0.05;0.05;
319;321;5.89;0.05;0.08;
319;322;5.62;0.05;0.08;
319;323;6.13;0.05;0.09;
319;324;6.64;0.05;0.07;
319;387;8.8;0.05;0.03;
319;388;7.52;0.05;0.05;
319;389;7.67;0.05;0.04;
319;443;9.78;0.05;0.03;
320;321;3.83;0.05;0.08;
320;322;5.56;0.05;0.08;
320;323;8.07;0.05;0.09;
320;324;9.24;0.05;0.07;
320;387;6.53;0.05;0.03;
320;388;5.72;0.05;0.05;
320;389;7.76;0.05;0.04;
320;443;9.63;0.05;0.03;
321;322;3.78;0.08;0.08;
321;323;7.02;0.08;0.09;
321;324;9.57;0.08;0.07;
321;387;8.76;0.08;0.03;
321;388;6.48;0.08;0.05;
321;389;8.29;0.08;0.04;
321;497;7.54;0.08;0.05;
322;323;3.73;0.08;0.09;
322;324;6.3;0.08;0.07;
322;326;8.87;0.08;0.1;
322;387;9.02;0.08;0.03;
322;388;5.69;0.08;0.05;
322;389;5.67;0.08;0.04;
322;391;9.43;0.08;0.03;
322;443;9.64;0.08;0.03;
322;496;8.13;0.08;0.07;
322;497;5.23;0.08;0.05;
323;324;3.78;0.09;0.07;
323;326;5.49;0.09;0.1;
323;388;8.38;0.09;0.05;
323;389;6.64;0.09;0.04;
323;391;8.12;0.09;0.03;
323;441;9.59;0.09;0.03;
323;496;7.15;0.09;0.07;
323;497;5.94;0.09;0.05;
324;326;6.43;0.07;0.1;
324;388;8.61;0.07;0.05;
324;389;5.71;0.07;0.04;
324;391;6.43;0.07;0.03;
324;440;9.32;0.07;0.02;
324;441;6.39;0.07;0.03;
324;443;8.61;0.07;0.03;
324;497;9.0;0.07;0.05;
326;391;8.4;0.1;0.03;
326;394;9.83;0.1;0.04;
326;494;9.2;0.1;0.05;
326;496;6.34;0.1;0.07;
326;497;7.9;0.1;0.05;
387;388;3.85;0.03;0.05;
387;389;6.65;0.03;0.04;
387;443;5.67;0.03;0.03;
388;389;3.77;0.05;0.04;
388;391;9.86;0.05;0.03;
388;441;9.84;0.05;0.03;
388;443;5.54;0.05;0.03;
388;497;9.44;0.05;0.05;
389;391;6.31;0.04;0.03;
389;440;9.94;0.04;0.02;
389;441;6.28;0.04;0.03;
389;443;4.37;0.04;0.03;
389;497;8.79;0.04;0.05;
391;393;5.59;0.03;0.03;
391;394;5.58;0.03;0.04;
391;439;7.5;0.03;0.02;
391;440;6.36;0.03;0.02;
391;441;4.61;0.03;0.03;
391;443;8.66;0.03;0.03;
391;497;9.55;0.03;0.05;
393;394;3.8;0.03;0.04;
393;436;5.86;0.03;0.03;
393;439;5.07;0.03;0.02;
393;440;7.05;0.03;0.02;
393;441;8.25;0.03;0.03;
394;436;7.27;0.04;0.03;
394;439;8.72;0.04;0.02;
394;440;9.88;0.04;0.02;
394;441;9.77;0.04;0.03;
394;494;7.77;0.04;0.05;
436;439;8.69;0.03;0.02;
439;440;3.9;0.02;0.02;
439;441;7.05;0.02;0.03;
440;441;3.75;0.02;0.03;
440;443;9.58;0.02;0.03;
440;455;8.06;0.02;0.01;
440;456;8.24;0.02;0.01;
441;443;6.35;0.03;0.03;
441;455;8.74;0.03;0.01;
443;455;9.4;0.03;0.01;
454;455;3.76;0.02;0.01;
454;456;5.64;0.02;0.01;
454;457;7.37;0.02;0.03;
454;460;5.99;0.02;0.02;
455;456;3.79;0.01;0.01;
455;457;7.13;0.01;0.03;
455;460;7.49;0.01;0.02;
456;457;3.74;0.01;0.03;
456;460;6.27;0.01;0.02;
457;460;5.08;0.03;0.02;
494;496;7.12;0.05;0.07;
494;497;9.34;0.05;0.05;
496;497;3.88;0.07;0.05;
