1;2;19;393;8.94;5.7;0.57;
1;2;19;394;7.9;5.7;0.55;
1;2;19;494;7.03;5.7;0.63;
1;2;20;393;7.22;4.14;0.57;
1;2;20;394;7.92;4.14;0.55;
1;2;20;436;9.9;4.14;0.65;
1;2;20;439;8.93;4.14;0.64;
1;2;20;494;9.97;4.14;0.63;
1;2;22;391;8.63;0.98;0.51;
1;2;22;393;8.6;0.98;0.57;
1;2;22;394;9.68;0.98;0.55;
1;2;22;439;8.52;0.98;0.64;
1;2;22;440;9.41;0.98;0.56;
1;2;22;441;9.76;0.98;0.51;
1;2;67;391;9.06;0.53;0.51;
1;2;67;393;9.19;0.53;0.57;
1;2;67;439;6.07;0.53;0.64;
1;2;67;440;5.8;0.53;0.56;
1;2;67;441;7.29;0.53;0.51;
1;2;68;439;7.56;0.54;0.64;
1;2;68;440;5.52;0.54;0.56;
1;2;68;441;6.61;0.54;0.51;
1;2;68;456;9.77;0.54;0.56;
1;2;72;389;9.63;0.5;0.49;
1;2;72;441;9.59;0.5;0.51;
1;2;72;443;9.4;0.5;0.5;
1;2;74;299;7.3;0.59;0.66;
1;2;74;300;8.72;0.59;0.55;
1;2;128;454;6.5;0.54;0.6;
1;2;128;455;5.13;0.54;0.56;
1;2;128;456;4.77;0.54;0.56;
1;2;128;457;6.9;0.54;0.65;
1;2;128;460;9.66;0.54;0.66;
1;2;129;440;9.6;0.53;0.56;
1;2;129;454;8.9;0.53;0.6;
1;2;129;455;6.35;0.53;0.56;
1;2;129;456;4.41;0.53;0.56;
1;2;129;457;6.45;0.53;0.65;
1;2;130;455;9.23;0.57;0.56;
1;2;130;456;6.08;0.57;0.56;
1;2;130;457;5.74;0.57;0.65;
1;2;150;152;9.16;1.23;1.83;
1;2;150;153;7.62;1.23;1.42;
1;2;152;152;6.78;1.83;1.83;
1;2;152;153;8.08;1.83;1.42;
1;2;158;90;9.63;0.6;0.65;
1;2;158;94;9.88;0.6;0.68;
1;2;160;90;7.9;0.55;0.65;
1;2;160;91;9.82;0.55;0.57;
1;2;163;50;8.9;0.59;0.69;
1;2;174;299;9.47;0.66;0.66;
1;2;180;387;9.96;0.55;0.51;
1;2;180;389;9.7;0.55;0.49;
1;2;180;441;8.29;0.55;0.51;
1;2;180;443;6.14;0.55;0.5;
1;2;180;455;7.84;0.55;0.56;
1;2;181;387;9.56;0.54;0.51;
1;2;181;443;7.53;0.54;0.5;
1;2;202;456;9.99;0.81;0.56;
1;2;202;457;6.98;0.81;0.65;
1;2;202;460;6.44;0.81;0.66;
1;2;236;418;7.97;0.88;0.81;
1;2;270;454;6.83;0.68;0.6;
1;2;270;455;9.9;0.68;0.56;
1;2;270;456;9.71;0.68;0.56;
1;2;270;457;8.93;0.68;0.65;
1;2;270;460;7.97;0.68;0.66;
1;2;318;51;8.27;0.5;0.56;
1;2;318;54;8.83;0.5;0.56;
1;2;318;388;9.82;0.5;0.49;
1;2;318;389;8.86;0.5;0.49;
1;2;318;497;9.46;0.5;0.53;
1;2;319;51;8.96;0.52;0.56;
1;2;319;54;7.21;0.52;0.56;
1;2;319;299;9.34;0.52;0.66;
1;2;319;300;7.79;0.52;0.55;
1;2;319;387;8.71;0.52;0.51;
1;2;319;388;7.48;0.52;0.49;
1;2;319;389;7.63;0.52;0.49;
1;2;319;443;9.57;0.52;0.5;
1;2;320;51;8.2;0.53;0.56;
1;2;320;54;5.5;0.53;0.56;
1;2;320;299;8.33;0.53;0.66;
1;2;320;300;6.26;0.53;0.55;
1;2;320;387;6.51;0.53;0.51;
1;2;320;388;5.79;0.53;0.49;
1;2;320;389;7.83;0.53;0.49;
1;2;320;443;9.54;0.53;0.5;
1;2;321;50;8.32;0.53;0.69;
1;2;321;51;4.62;0.53;0.56;
1;2;321;54;5.37;0.53;0.56;
1;2;321;300;8.54;0.53;0.55;
1;2;321;387;8.74;0.53;0.51;
1;2;321;388;6.54;0.53;0.49;
1;2;321;389;8.35;0.53;0.49;
1;2;321;497;7.55;0.53;0.53;
1;2;322;50;9.28;0.5;0.69;
1;2;322;51;5.85;0.5;0.56;
1;2;322;54;8.6;0.5;0.56;
1;2;322;387;8.91;0.5;0.51;
1;2;322;388;5.64;0.5;0.49;
1;2;322;389;5.68;0.5;0.49;
1;2;322;391;9.55;0.5;0.51;
1;2;322;443;9.5;0.5;0.5;
1;2;322;496;8.06;0.5;0.55;
1;2;322;497;5.29;0.5;0.53;
1;2;323;51;7.69;0.5;0.56;
1;2;323;388;8.28;0.5;0.49;
1;2;323;389;6.54;0.5;0.49;
1;2;323;391;8.13;0.5;0.51;
1;2;323;441;9.56;0.5;0.51;
1;2;323;496;7.02;0.5;0.55;
1;2;323;497;5.97;0.5;0.53;
1;2;324;388;8.61;0.5;0.49;
1;2;324;389;5.65;0.5;0.49;
1;2;324;391;6.38;0.5;0.51;
1;2;324;440;9.33;0.5;0.56;
1;2;324;441;6.36;0.5;0.51;
1;2;324;443;8.51;0.5;0.5;
1;2;324;496;9.88;0.5;0.55;
1;2;324;497;8.95;0.5;0.53;
1;2;326;391;8.7;0.51;0.51;
1;2;326;494;9.29;0.51;0.63;
1;2;326;496;6.05;0.51;0.55;
1;2;326;497;7.94;0.51;0.53;
2;3;19;393;8.94;5.7;0.57;
2;3;19;394;7.91;5.7;0.55;
2;3;19;494;7.07;5.7;0.63;
2;3;20;393;7.22;4.14;0.57;
2;3;20;394;7.93;4.14;0.55;
2;3;20;436;9.94;4.14;0.65;
2;3;20;439;8.88;4.14;0.64;
2;3;20;494;9.98;4.14;0.63;
2;3;22;391;8.65;0.98;0.51;
2;3;22;393;8.62;0.98;0.57;
2;3;22;394;9.69;0.98;0.55;
2;3;22;439;8.53;0.98;0.64;
2;3;22;440;9.43;0.98;0.56;
2;3;22;441;9.79;0.98;0.51;
2;3;67;391;9.07;0.53;0.51;
2;3;67;393;9.2;0.53;0.57;
2;3;67;439;6.08;0.53;0.64;
2;3;67;440;5.82;0.53;0.56;
2;3;67;441;7.33;0.53;0.51;
2;3;68;439;7.58;0.54;0.64;
2;3;68;440;5.54;0.54;0.56;
2;3;68;441;6.64;0.54;0.51;
2;3;68;456;9.75;0.54;0.56;
2;3;72;389;9.64;0.5;0.49;
2;3;72;441;9.59;0.5;0.51;
2;3;72;443;9.4;0.5;0.5;
2;3;74;299;7.29;0.59;0.66;
2;3;74;300;8.71;0.59;0.55;
2;3;128;454;6.49;0.54;0.6;
2;3;128;455;5.13;0.54;0.56;
2;3;128;456;4.75;0.54;0.56;
2;3;128;457;6.88;0.54;0.65;
2;3;128;460;9.62;0.54;0.66;
2;3;129;440;9.61;0.53;0.56;
2;3;129;454;8.89;0.53;0.6;
2;3;129;455;6.35;0.53;0.56;
2;3;129;456;4.38;0.53;0.56;
2;3;129;457;6.43;0.53;0.65;
2;3;130;455;9.25;0.57;0.56;
2;3;130;456;6.08;0.57;0.56;
2;3;130;457;5.73;0.57;0.65;
2;3;150;152;9.19;1.23;1.83;
2;3;150;153;7.66;1.23;1.42;
2;3;152;152;6.74;1.83;1.83;
2;3;152;153;8.05;1.83;1.42;
2;3;158;90;9.58;0.6;0.65;
2;3;158;94;9.84;0.6;0.68;
2;3;160;90;7.88;0.55;0.65;
2;3;160;91;9.8;0.55;0.57;
2;3;163;50;8.91;0.59;0.69;
2;3;163;53;9.57;0.59;0.59;
2;3;174;299;9.4;0.66;0.66;
2;3;180;387;9.91;0.55;0.51;
2;3;180;389;9.65;0.55;0.49;
2;3;180;441;8.26;0.55;0.51;
2;3;180;443;6.08;0.55;0.5;
2;3;180;455;7.82;0.55;0.56;
2;3;181;387;9.54;0.54;0.51;
2;3;181;443;7.52;0.54;0.5;
2;3;202;457;7.0;0.81;0.65;
2;3;202;460;6.4;0.81;0.66;
2;3;236;418;7.89;0.88;0.81;
2;3;270;454;6.83;0.68;0.6;
2;3;270;455;9.91;0.68;0.56;
2;3;270;456;9.74;0.68;0.56;
2;3;270;457;8.96;0.68;0.65;
2;3;270;460;7.96;0.68;0.66;
2;3;318;51;8.26;0.5;0.56;
2;3;318;54;8.83;0.5;0.56;
2;3;318;388;9.81;0.5;0.49;
2;3;318;389;8.86;0.5;0.49;
2;3;318;497;9.44;0.5;0.53;
2;3;319;51;8.96;0.52;0.56;
2;3;319;54;7.22;0.52;0.56;
2;3;319;299;9.33;0.52;0.66;
2;3;319;300;7.8;0.52;0.55;
2;3;319;387;8.71;0.52;0.51;
2;3;319;388;7.46;0.52;0.49;
2;3;319;389;7.62;0.52;0.49;
2;3;319;443;9.56;0.52;0.5;
2;3;320;51;8.22;0.53;0.56;
2;3;320;53;8.48;0.53;0.59;
2;3;320;54;5.52;0.53;0.56;
2;3;320;299;8.32;0.53;0.66;
2;3;320;300;6.26;0.53;0.55;
2;3;320;387;6.51;0.53;0.51;
2;3;320;388;5.78;0.53;0.49;
2;3;320;389;7.81;0.53;0.49;
2;3;320;443;9.52;0.53;0.5;
2;3;321;50;8.35;0.53;0.69;
2;3;321;51;4.65;0.53;0.56;
2;3;321;53;6.5;0.53;0.59;
2;3;321;54;5.37;0.53;0.56;
2;3;321;300;8.51;0.53;0.55;
2;3;321;387;8.73;0.53;0.51;
2;3;321;388;6.52;0.53;0.49;
2;3;321;389;8.34;0.53;0.49;
2;3;321;497;7.58;0.53;0.53;
2;3;322;50;9.29;0.5;0.69;
2;3;322;51;5.86;0.5;0.56;
2;3;322;53;9.7;0.5;0.59;
2;3;322;54;8.62;0.5;0.56;
2;3;322;387;8.91;0.5;0.51;
2;3;322;388;5.63;0.5;0.49;
2;3;322;389;5.67;0.5;0.49;
2;3;322;391;9.54;0.5;0.51;
2;3;322;443;9.48;0.5;0.5;
2;3;322;496;8.07;0.5;0.55;
2;3;322;497;5.3;0.5;0.53;
2;3;323;51;7.68;0.5;0.56;
2;3;323;388;8.29;0.5;0.49;
2;3;323;389;6.55;0.5;0.49;
2;3;323;391;8.13;0.5;0.51;
2;3;323;441;9.55;0.5;0.51;
2;3;323;496;6.99;0.5;0.55;
2;3;323;497;5.95;0.5;0.53;
2;3;324;388;8.62;0.5;0.49;
2;3;324;389;5.66;0.5;0.49;
2;3;324;391;6.37;0.5;0.51;
2;3;324;440;9.31;0.5;0.56;
2;3;324;441;6.35;0.5;0.51;
2;3;324;443;8.51;0.5;0.5;
2;3;324;496;9.86;0.5;0.55;
2;3;324;497;8.94;0.5;0.53;
2;3;326;391;8.72;0.51;0.51;
2;3;326;494;9.28;0.51;0.63;
2;3;326;496;6.02;0.51;0.55;
2;3;326;497;7.92;0.51;0.53;
3;4;19;393;8.92;5.7;0.57;
3;4;19;394;7.86;5.7;0.55;
3;4;19;494;7.03;5.7;0.63;
3;4;20;393;7.26;4.14;0.57;
3;4;20;394;7.96;4.14;0.55;
3;4;20;436;9.93;4.14;0.65;
3;4;20;439;8.92;4.14;0.64;
3;4;22;391;8.63;0.98;0.51;
3;4;22;393;8.6;0.98;0.57;
3;4;22;394;9.66;0.98;0.55;
3;4;22;439;8.51;0.98;0.64;
3;4;22;440;9.42;0.98;0.56;
3;4;22;441;9.77;0.98;0.51;
3;4;67;391;9.05;0.53;0.51;
3;4;67;393;9.18;0.53;0.57;
3;4;67;439;6.04;0.53;0.64;
3;4;67;440;5.79;0.53;0.56;
3;4;67;441;7.29;0.53;0.51;
3;4;68;439;7.55;0.54;0.64;
3;4;68;440;5.52;0.54;0.56;
3;4;68;441;6.61;0.54;0.51;
3;4;68;456;9.75;0.54;0.56;
3;4;72;389;9.62;0.5;0.49;
3;4;72;441;9.58;0.5;0.51;
3;4;72;443;9.38;0.5;0.5;
3;4;74;299;7.29;0.59;0.66;
3;4;74;300;8.72;0.59;0.55;
3;4;128;454;6.48;0.54;0.6;
3;4;128;455;5.13;0.54;0.56;
3;4;128;456;4.77;0.54;0.56;
3;4;128;457;6.9;0.54;0.65;
3;4;128;460;9.65;0.54;0.66;
3;4;129;440;9.59;0.53;0.56;
3;4;129;454;8.88;0.53;0.6;
3;4;129;455;6.34;0.53;0.56;
3;4;129;456;4.38;0.53;0.56;
3;4;129;457;6.43;0.53;0.65;
3;4;130;455;9.24;0.57;0.56;
3;4;130;456;6.08;0.57;0.56;
3;4;130;457;5.72;0.57;0.65;
3;4;150;152;9.19;1.23;1.83;
3;4;150;153;7.65;1.23;1.42;
3;4;152;152;6.76;1.83;1.83;
3;4;152;153;8.07;1.83;1.42;
3;4;158;90;9.59;0.6;0.65;
3;4;158;94;9.86;0.6;0.68;
3;4;160;90;7.89;0.55;0.65;
3;4;160;91;9.82;0.55;0.57;
3;4;163;50;8.89;0.59;0.69;
3;4;163;53;9.57;0.59;0.59;
3;4;174;299;9.42;0.66;0.66;
3;4;180;387;9.92;0.55;0.51;
3;4;180;389;9.66;0.55;0.49;
3;4;180;441;8.27;0.55;0.51;
3;4;180;443;6.09;0.55;0.5;
3;4;180;455;7.81;0.55;0.56;
3;4;181;387;9.54;0.54;0.51;
3;4;181;443;7.51;0.54;0.5;
3;4;202;456;9.99;0.81;0.56;
3;4;202;457;6.98;0.81;0.65;
3;4;202;460;6.39;0.81;0.66;
3;4;236;418;7.86;0.88;0.81;
3;4;270;454;6.82;0.68;0.6;
3;4;270;455;9.91;0.68;0.56;
3;4;270;456;9.73;0.68;0.56;
3;4;270;457;8.95;0.68;0.65;
3;4;270;460;7.97;0.68;0.66;
3;4;318;51;8.25;0.5;0.56;
3;4;318;54;8.81;0.5;0.56;
3;4;318;388;9.8;0.5;0.49;
3;4;318;389;8.85;0.5;0.49;
3;4;318;497;9.43;0.5;0.53;
3;4;319;51;8.94;0.52;0.56;
3;4;319;54;7.21;0.52;0.56;
3;4;319;299;9.34;0.52;0.66;
3;4;319;300;7.79;0.52;0.55;
3;4;319;387;8.71;0.52;0.51;
3;4;319;388;7.46;0.52;0.49;
3;4;319;389;7.61;0.52;0.49;
3;4;319;443;9.56;0.52;0.5;
3;4;320;51;8.21;0.53;0.56;
3;4;320;53;8.47;0.53;0.59;
3;4;320;54;5.52;0.53;0.56;
3;4;320;299;8.34;0.53;0.66;
3;4;320;300;6.26;0.53;0.55;
3;4;320;387;6.51;0.53;0.51;
3;4;320;388;5.77;0.53;0.49;
3;4;320;389;7.8;0.53;0.49;
3;4;320;443;9.52;0.53;0.5;
3;4;321;50;8.34;0.53;0.69;
3;4;321;51;4.64;0.53;0.56;
3;4;321;53;6.49;0.53;0.59;
3;4;321;54;5.37;0.53;0.56;
3;4;321;300;8.53;0.53;0.55;
3;4;321;387;8.74;0.53;0.51;
3;4;321;388;6.52;0.53;0.49;
3;4;321;389;8.34;0.53;0.49;
3;4;321;497;7.55;0.53;0.53;
3;4;322;50;9.3;0.5;0.69;
3;4;322;51;5.86;0.5;0.56;
3;4;322;53;9.69;0.5;0.59;
3;4;322;54;8.61;0.5;0.56;
3;4;322;387;8.91;0.5;0.51;
3;4;322;388;5.63;0.5;0.49;
3;4;322;389;5.67;0.5;0.49;
3;4;322;391;9.54;0.5;0.51;
3;4;322;443;9.49;0.5;0.5;
3;4;322;496;8.07;0.5;0.55;
3;4;322;497;5.29;0.5;0.53;
3;4;323;51;7.67;0.5;0.56;
3;4;323;388;8.29;0.5;0.49;
3;4;323;389;6.55;0.5;0.49;
3;4;323;391;8.14;0.5;0.51;
3;4;323;441;9.56;0.5;0.51;
3;4;323;496;6.99;0.5;0.55;
3;4;323;497;5.94;0.5;0.53;
3;4;324;388;8.6;0.5;0.49;
3;4;324;389;5.65;0.5;0.49;
3;4;324;391;6.37;0.5;0.51;
3;4;324;440;9.31;0.5;0.56;
3;4;324;441;6.35;0.5;0.51;
3;4;324;443;8.5;0.5;0.5;
3;4;324;496;9.87;0.5;0.55;
3;4;324;497;8.94;0.5;0.53;
3;4;326;391;8.71;0.51;0.51;
3;4;326;494;9.26;0.51;0.63;
3;4;326;496;6.02;0.51;0.55;
3;4;326;497;7.92;0.51;0.53;
1;4;50;163;8.92;0.69;0.59;
1;4;50;321;8.35;0.69;0.53;
1;4;50;322;9.3;0.69;0.5;
1;4;51;318;8.27;0.56;0.5;
1;4;51;319;8.96;0.56;0.52;
1;4;51;320;8.22;0.56;0.53;
1;4;51;321;4.66;0.56;0.53;
1;4;51;322;5.86;0.56;0.5;
1;4;51;323;7.69;0.56;0.5;
1;4;53;163;9.56;0.59;0.59;
1;4;53;320;8.48;0.59;0.53;
1;4;53;321;6.5;0.59;0.53;
1;4;53;322;9.7;0.59;0.5;
1;4;54;318;8.83;0.56;0.5;
1;4;54;319;7.23;0.56;0.52;
1;4;54;320;5.52;0.56;0.53;
1;4;54;321;5.37;0.56;0.53;
1;4;54;322;8.62;0.56;0.5;
1;4;90;158;9.59;0.65;0.6;
1;4;90;160;7.87;0.65;0.55;
1;4;91;160;9.8;0.57;0.55;
1;4;94;158;9.85;0.68;0.6;
1;4;152;150;9.21;1.83;1.23;
1;4;152;152;6.76;1.83;1.83;
1;4;153;150;7.62;1.42;1.23;
1;4;153;152;8.03;1.42;1.83;
1;4;299;74;7.3;0.66;0.59;
1;4;299;174;9.43;0.66;0.66;
1;4;299;319;9.33;0.66;0.52;
1;4;299;320;8.31;0.66;0.53;
1;4;300;74;8.72;0.55;0.59;
1;4;300;319;7.8;0.55;0.52;
1;4;300;320;6.25;0.55;0.53;
1;4;300;321;8.51;0.55;0.53;
1;4;387;180;9.91;0.51;0.55;
1;4;387;181;9.54;0.51;0.54;
1;4;387;319;8.7;0.51;0.52;
1;4;387;320;6.5;0.51;0.53;
1;4;387;321;8.72;0.51;0.53;
1;4;387;322;8.9;0.51;0.5;
1;4;388;318;9.8;0.49;0.5;
1;4;388;319;7.46;0.49;0.52;
1;4;388;320;5.78;0.49;0.53;
1;4;388;321;6.52;0.49;0.53;
1;4;388;322;5.64;0.49;0.5;
1;4;388;323;8.29;0.49;0.5;
1;4;388;324;8.62;0.49;0.5;
1;4;389;72;9.62;0.49;0.5;
1;4;389;180;9.65;0.49;0.55;
1;4;389;318;8.86;0.49;0.5;
1;4;389;319;7.61;0.49;0.52;
1;4;389;320;7.82;0.49;0.53;
1;4;389;321;8.35;0.49;0.53;
1;4;389;322;5.68;0.49;0.5;
1;4;389;323;6.55;0.49;0.5;
1;4;389;324;5.66;0.49;0.5;
1;4;391;22;8.64;0.51;0.98;
1;4;391;67;9.05;0.51;0.53;
1;4;391;322;9.55;0.51;0.5;
1;4;391;323;8.14;0.51;0.5;
1;4;391;324;6.37;0.51;0.5;
1;4;391;326;8.72;0.51;0.51;
1;4;393;19;8.93;0.57;5.7;
1;4;393;20;7.23;0.57;4.14;
1;4;393;22;8.62;0.57;0.98;
1;4;393;67;9.17;0.57;0.53;
1;4;394;19;7.87;0.55;5.7;
1;4;394;20;7.92;0.55;4.14;
1;4;394;22;9.66;0.55;0.98;
1;4;418;236;7.87;0.81;0.88;
1;4;436;20;9.95;0.65;4.14;
1;4;439;20;8.9;0.64;4.14;
1;4;439;22;8.53;0.64;0.98;
1;4;439;67;6.04;0.64;0.53;
1;4;439;68;7.55;0.64;0.54;
1;4;440;22;9.43;0.56;0.98;
1;4;440;67;5.79;0.56;0.53;
1;4;440;68;5.52;0.56;0.54;
1;4;440;129;9.61;0.56;0.53;
1;4;440;324;9.3;0.56;0.5;
1;4;441;22;9.8;0.51;0.98;
1;4;441;67;7.3;0.51;0.53;
1;4;441;68;6.63;0.51;0.54;
1;4;441;72;9.57;0.51;0.5;
1;4;441;180;8.26;0.51;0.55;
1;4;441;323;9.56;0.51;0.5;
1;4;441;324;6.35;0.51;0.5;
1;4;443;72;9.39;0.5;0.5;
1;4;443;180;6.09;0.5;0.55;
1;4;443;181;7.51;0.5;0.54;
1;4;443;319;9.56;0.5;0.52;
1;4;443;320;9.53;0.5;0.53;
1;4;443;322;9.5;0.5;0.5;
1;4;443;324;8.52;0.5;0.5;
1;4;454;128;6.47;0.6;0.54;
1;4;454;129;8.88;0.6;0.53;
1;4;454;270;6.82;0.6;0.68;
1;4;455;128;5.11;0.56;0.54;
1;4;455;129;6.35;0.56;0.53;
1;4;455;130;9.24;0.56;0.57;
1;4;455;180;7.82;0.56;0.55;
1;4;455;270;9.9;0.56;0.68;
1;4;456;68;9.75;0.56;0.54;
1;4;456;128;4.75;0.56;0.54;
1;4;456;129;4.38;0.56;0.53;
1;4;456;130;6.07;0.56;0.57;
1;4;456;270;9.74;0.56;0.68;
1;4;457;128;6.89;0.65;0.54;
1;4;457;129;6.43;0.65;0.53;
1;4;457;130;5.72;0.65;0.57;
1;4;457;202;7.01;0.65;0.81;
1;4;457;270;8.97;0.65;0.68;
1;4;460;128;9.65;0.66;0.54;
1;4;460;202;6.41;0.66;0.81;
1;4;460;270;7.98;0.66;0.68;
1;4;494;19;7.01;0.63;5.7;
1;4;494;20;9.94;0.63;4.14;
1;4;494;326;9.27;0.63;0.51;
1;4;496;322;8.07;0.55;0.5;
1;4;496;323;7.0;0.55;0.5;
1;4;496;324;9.87;0.55;0.5;
1;4;496;326;6.02;0.55;0.51;
1;4;497;318;9.45;0.53;0.5;
1;4;497;321;7.59;0.53;0.53;
1;4;497;322;5.3;0.53;0.5;
1;4;497;323;5.96;0.53;0.5;
1;4;497;324;8.95;0.53;0.5;
1;4;497;326;7.92;0.53;0.51;
