1;2;20;393;6.45;4.27;0.87;
1;2;20;394;8.62;4.27;0.7;
1;2;20;436;9.48;4.27;1.13;
1;2;20;439;6.66;4.27;1.59;
1;2;22;391;8.88;1.21;0.79;
1;2;22;393;8.74;1.21;0.87;
1;2;22;439;6.9;1.21;1.59;
1;2;22;441;9.9;1.21;1.09;
1;2;67;439;7.14;0.79;1.59;
1;2;67;441;8.61;0.79;1.09;
1;2;74;297;9.28;0.68;0.77;
1;2;74;299;6.87;0.68;0.79;
1;2;74;300;8.75;0.68;0.62;
1;2;147;94;9.98;0.61;0.77;
1;2;149;94;9.36;0.96;0.77;
1;2;149;153;7.86;0.96;1.53;
1;2;149;154;7.85;0.96;1.04;
1;2;150;152;7.77;1.18;1.88;
1;2;150;153;5.54;1.18;1.53;
1;2;150;154;7.27;1.18;1.04;
1;2;151;152;5.57;1.58;1.88;
1;2;151;153;5.45;1.58;1.53;
1;2;151;154;7.6;1.58;1.04;
1;2;152;152;5.21;1.88;1.88;
1;2;152;153;6.74;1.88;1.53;
1;2;152;154;9.85;1.88;1.04;
1;2;158;90;9.33;0.62;0.76;
1;2;158;91;9.97;0.62;0.6;
1;2;158;94;8.97;0.62;0.77;
1;2;160;90;7.28;0.57;0.76;
1;2;160;91;9.34;0.57;0.6;
1;2;163;50;7.12;0.55;0.64;
1;2;167;50;9.93;0.5;0.64;
1;2;174;297;9.62;0.77;0.77;
1;2;174;299;9.38;0.77;0.79;
1;2;176;297;8.01;1.18;0.77;
1;2;180;441;9.88;1.0;1.09;
1;2;180;443;8.11;1.0;0.97;
1;2;180;453;9.6;1.0;5.49;
1;2;270;453;8.17;1.52;5.49;
1;2;318;51;7.75;0.54;0.56;
1;2;318;54;8.74;0.54;0.53;
1;2;318;389;9.4;0.54;0.74;
1;2;318;496;9.99;0.54;0.58;
1;2;318;497;9.11;0.54;0.56;
1;2;319;51;8.53;0.61;0.56;
1;2;319;54;7.51;0.61;0.53;
1;2;319;56;8.89;0.61;0.59;
1;2;319;299;8.62;0.61;0.79;
1;2;319;300;7.67;0.61;0.62;
1;2;319;387;8.96;0.61;0.7;
1;2;319;388;7.83;0.61;0.64;
1;2;319;389;8.19;0.61;0.74;
1;2;320;51;7.92;0.64;0.56;
1;2;320;54;5.82;0.64;0.53;
1;2;320;56;5.65;0.64;0.59;
1;2;320;299;7.44;0.64;0.79;
1;2;320;300;5.98;0.64;0.62;
1;2;320;387;6.56;0.64;0.7;
1;2;320;388;6.06;0.64;0.64;
1;2;320;389;8.2;0.64;0.74;
1;2;321;50;8.23;0.59;0.64;
1;2;321;51;4.48;0.59;0.56;
1;2;321;54;5.13;0.59;0.53;
1;2;321;56;7.99;0.59;0.59;
1;2;321;300;7.83;0.59;0.62;
1;2;321;387;8.43;0.59;0.7;
1;2;321;388;6.35;0.59;0.64;
1;2;321;389;8.34;0.59;0.74;
1;2;321;497;7.5;0.59;0.56;
1;2;322;50;9.37;0.58;0.64;
1;2;322;51;5.78;0.58;0.56;
1;2;322;54;8.43;0.58;0.53;
1;2;322;387;8.72;0.58;0.7;
1;2;322;388;5.5;0.58;0.64;
1;2;322;389;5.66;0.58;0.74;
1;2;322;391;9.47;0.58;0.79;
1;2;322;496;8.23;0.58;0.58;
1;2;322;497;5.26;0.58;0.56;
1;2;323;51;7.71;0.57;0.56;
1;2;323;388;8.3;0.57;0.64;
1;2;323;389;6.68;0.57;0.74;
1;2;323;391;8.26;0.57;0.79;
1;2;323;441;9.86;0.57;1.09;
1;2;323;496;7.29;0.57;0.58;
1;2;323;497;6.01;0.57;0.56;
1;2;324;388;8.65;0.65;0.64;
1;2;324;389;5.97;0.65;0.74;
1;2;324;391;7.06;0.65;0.79;
1;2;324;441;7.05;0.65;1.09;
1;2;324;443;9.1;0.65;0.97;
1;2;324;497;9.22;0.65;0.56;
1;2;326;391;8.23;0.58;0.79;
1;2;326;394;9.65;0.58;0.7;
1;2;326;496;6.35;0.58;0.58;
1;2;326;497;7.72;0.58;0.56;
2;3;20;393;6.48;4.27;0.87;
2;3;20;394;8.68;4.27;0.7;
2;3;20;436;9.53;4.27;1.13;
2;3;20;439;6.66;4.27;1.59;
2;3;22;391;8.89;1.21;0.79;
2;3;22;393;8.74;1.21;0.87;
2;3;22;439;6.9;1.21;1.59;
2;3;22;441;9.89;1.21;1.09;
2;3;67;439;7.1;0.79;1.59;
2;3;67;441;8.61;0.79;1.09;
2;3;74;297;9.32;0.68;0.77;
2;3;74;299;6.89;0.68;0.79;
2;3;74;300;8.75;0.68;0.62;
2;3;147;94;9.98;0.61;0.77;
2;3;149;94;9.39;0.96;0.77;
2;3;149;153;7.93;0.96;1.53;
2;3;149;154;7.94;0.96;1.04;
2;3;150;152;7.86;1.18;1.88;
2;3;150;153;5.61;1.18;1.53;
2;3;150;154;7.34;1.18;1.04;
2;3;151;152;5.72;1.58;1.88;
2;3;151;153;5.55;1.58;1.53;
2;3;151;154;7.68;1.58;1.04;
2;3;152;152;5.27;1.88;1.88;
2;3;152;153;6.75;1.88;1.53;
2;3;152;154;9.86;1.88;1.04;
2;3;158;90;9.36;0.62;0.76;
2;3;158;94;8.99;0.62;0.77;
2;3;160;90;7.35;0.57;0.76;
2;3;160;91;9.37;0.57;0.6;
2;3;163;50;7.12;0.55;0.64;
2;3;167;50;9.94;0.5;0.64;
2;3;174;297;9.65;0.77;0.77;
2;3;174;299;9.39;0.77;0.79;
2;3;176;297;8.01;1.18;0.77;
2;3;180;441;9.84;1.0;1.09;
2;3;180;443;8.1;1.0;0.97;
2;3;180;453;9.83;1.0;5.49;
2;3;318;51;7.73;0.54;0.56;
2;3;318;54;8.72;0.54;0.53;
2;3;318;389;9.37;0.54;0.74;
2;3;318;496;9.96;0.54;0.58;
2;3;318;497;9.09;0.54;0.56;
2;3;319;51;8.51;0.61;0.56;
2;3;319;54;7.48;0.61;0.53;
2;3;319;56;8.9;0.61;0.59;
2;3;319;299;8.62;0.61;0.79;
2;3;319;300;7.66;0.61;0.62;
2;3;319;387;8.96;0.61;0.7;
2;3;319;388;7.81;0.61;0.64;
2;3;319;389;8.16;0.61;0.74;
2;3;320;51;7.91;0.64;0.56;
2;3;320;54;5.79;0.64;0.53;
2;3;320;56;5.64;0.64;0.59;
2;3;320;299;7.41;0.64;0.79;
2;3;320;300;5.95;0.64;0.62;
2;3;320;387;6.58;0.64;0.7;
2;3;320;388;6.06;0.64;0.64;
2;3;320;389;8.2;0.64;0.74;
2;3;321;50;8.22;0.59;0.64;
2;3;321;51;4.49;0.59;0.56;
2;3;321;54;5.13;0.59;0.53;
2;3;321;56;8.0;0.59;0.59;
2;3;321;300;7.84;0.59;0.62;
2;3;321;387;8.42;0.59;0.7;
2;3;321;388;6.32;0.59;0.64;
2;3;321;389;8.31;0.59;0.74;
2;3;321;497;7.48;0.59;0.56;
2;3;322;50;9.36;0.58;0.64;
2;3;322;51;5.8;0.58;0.56;
2;3;322;54;8.43;0.58;0.53;
2;3;322;387;8.69;0.58;0.7;
2;3;322;388;5.47;0.58;0.64;
2;3;322;389;5.62;0.58;0.74;
2;3;322;391;9.43;0.58;0.79;
2;3;322;496;8.24;0.58;0.58;
2;3;322;497;5.27;0.58;0.56;
2;3;323;51;7.7;0.57;0.56;
2;3;323;388;8.26;0.57;0.64;
2;3;323;389;6.64;0.57;0.74;
2;3;323;391;8.24;0.57;0.79;
2;3;323;441;9.81;0.57;1.09;
2;3;323;496;7.29;0.57;0.58;
2;3;323;497;6.0;0.57;0.56;
2;3;324;388;8.64;0.65;0.64;
2;3;324;389;5.94;0.65;0.74;
2;3;324;391;7.05;0.65;0.79;
2;3;324;441;7.02;0.65;1.09;
2;3;324;443;9.09;0.65;0.97;
2;3;324;497;9.23;0.65;0.56;
2;3;326;391;8.23;0.58;0.79;
2;3;326;394;9.63;0.58;0.7;
2;3;326;496;6.36;0.58;0.58;
2;3;326;497;7.74;0.58;0.56;
3;4;20;393;6.41;4.27;0.87;
3;4;20;394;8.6;4.27;0.7;
3;4;20;436;9.45;4.27;1.13;
3;4;20;439;6.63;4.27;1.59;
3;4;22;391;8.83;1.21;0.79;
3;4;22;393;8.72;1.21;0.87;
3;4;22;439;6.89;1.21;1.59;
3;4;22;441;9.89;1.21;1.09;
3;4;67;439;7.1;0.79;1.59;
3;4;67;441;8.6;0.79;1.09;
3;4;68;439;9.63;0.81;1.59;
3;4;68;441;8.81;0.81;1.09;
3;4;74;297;9.27;0.68;0.77;
3;4;74;299;6.87;0.68;0.79;
3;4;74;300;8.73;0.68;0.62;
3;4;147;94;9.97;0.61;0.77;
3;4;149;94;9.35;0.96;0.77;
3;4;149;153;7.89;0.96;1.53;
3;4;149;154;7.88;0.96;1.04;
3;4;150;152;7.79;1.18;1.88;
3;4;150;153;5.56;1.18;1.53;
3;4;150;154;7.28;1.18;1.04;
3;4;151;152;5.63;1.58;1.88;
3;4;151;153;5.5;1.58;1.53;
3;4;151;154;7.63;1.58;1.04;
3;4;152;152;5.21;1.88;1.88;
3;4;152;153;6.75;1.88;1.53;
3;4;152;154;9.84;1.88;1.04;
3;4;158;90;9.34;0.62;0.76;
3;4;158;91;9.97;0.62;0.6;
3;4;158;94;8.98;0.62;0.77;
3;4;160;90;7.3;0.57;0.76;
3;4;160;91;9.34;0.57;0.6;
3;4;163;50;7.1;0.55;0.64;
3;4;167;50;9.91;0.5;0.64;
3;4;174;297;9.6;0.77;0.77;
3;4;174;299;9.37;0.77;0.79;
3;4;176;297;7.99;1.18;0.77;
3;4;180;441;9.84;1.0;1.09;
3;4;180;443;8.08;1.0;0.97;
3;4;180;453;9.59;1.0;5.49;
3;4;202;457;7.23;1.07;5.97;
3;4;270;453;8.32;1.52;5.49;
3;4;318;51;7.71;0.54;0.56;
3;4;318;54;8.7;0.54;0.53;
3;4;318;389;9.36;0.54;0.74;
3;4;318;496;9.97;0.54;0.58;
3;4;318;497;9.09;0.54;0.56;
3;4;319;51;8.5;0.61;0.56;
3;4;319;54;7.47;0.61;0.53;
3;4;319;56;8.86;0.61;0.59;
3;4;319;299;8.6;0.61;0.79;
3;4;319;300;7.64;0.61;0.62;
3;4;319;387;8.94;0.61;0.7;
3;4;319;388;7.78;0.61;0.64;
3;4;319;389;8.16;0.61;0.74;
3;4;320;51;7.92;0.64;0.56;
3;4;320;54;5.81;0.64;0.53;
3;4;320;56;5.61;0.64;0.59;
3;4;320;299;7.4;0.64;0.79;
3;4;320;300;5.95;0.64;0.62;
3;4;320;387;6.56;0.64;0.7;
3;4;320;388;6.04;0.64;0.64;
3;4;320;389;8.2;0.64;0.74;
3;4;321;50;8.23;0.59;0.64;
3;4;321;51;4.49;0.59;0.56;
3;4;321;54;5.14;0.59;0.53;
3;4;321;56;7.98;0.59;0.59;
3;4;321;300;7.83;0.59;0.62;
3;4;321;387;8.42;0.59;0.7;
3;4;321;388;6.31;0.59;0.64;
3;4;321;389;8.32;0.59;0.74;
3;4;321;497;7.5;0.59;0.56;
3;4;322;50;9.37;0.58;0.64;
3;4;322;51;5.79;0.58;0.56;
3;4;322;54;8.44;0.58;0.53;
3;4;322;387;8.68;0.58;0.7;
3;4;322;388;5.46;0.58;0.64;
3;4;322;389;5.63;0.58;0.74;
3;4;322;391;9.44;0.58;0.79;
3;4;322;496;8.25;0.58;0.58;
3;4;322;497;5.28;0.58;0.56;
3;4;323;51;7.69;0.57;0.56;
3;4;323;388;8.25;0.57;0.64;
3;4;323;389;6.63;0.57;0.74;
3;4;323;391;8.22;0.57;0.79;
3;4;323;441;9.83;0.57;1.09;
3;4;323;496;7.28;0.57;0.58;
3;4;323;497;6.0;0.57;0.56;
3;4;324;388;8.61;0.65;0.64;
3;4;324;389;5.92;0.65;0.74;
3;4;324;391;7.02;0.65;0.79;
3;4;324;441;7.03;0.65;1.09;
3;4;324;443;9.07;0.65;0.97;
3;4;324;497;9.22;0.65;0.56;
3;4;326;391;8.22;0.58;0.79;
3;4;326;394;9.65;0.58;0.7;
3;4;326;496;6.32;0.58;0.58;
3;4;326;497;7.7;0.58;0.56;
1;4;50;163;7.12;0.64;0.55;
1;4;50;167;9.94;0.64;0.5;
1;4;50;321;8.22;0.64;0.59;
1;4;50;322;9.36;0.64;0.58;
1;4;51;318;7.73;0.56;0.54;
1;4;51;319;8.5;0.56;0.61;
1;4;51;320;7.92;0.56;0.64;
1;4;51;321;4.49;0.56;0.59;
1;4;51;322;5.79;0.56;0.58;
1;4;51;323;7.69;0.56;0.57;
1;4;54;318;8.72;0.53;0.54;
1;4;54;319;7.46;0.53;0.61;
1;4;54;320;5.79;0.53;0.64;
1;4;54;321;5.12;0.53;0.59;
1;4;54;322;8.42;0.53;0.58;
1;4;56;319;8.88;0.59;0.61;
1;4;56;320;5.63;0.59;0.64;
1;4;56;321;8.0;0.59;0.59;
1;4;90;158;9.35;0.76;0.62;
1;4;90;160;7.35;0.76;0.57;
1;4;91;158;10.0;0.6;0.62;
1;4;91;160;9.37;0.6;0.57;
1;4;94;147;9.98;0.77;0.61;
1;4;94;149;9.37;0.77;0.96;
1;4;94;158;9.01;0.77;0.62;
1;4;152;150;7.88;1.88;1.18;
1;4;152;151;5.71;1.88;1.58;
1;4;152;152;5.3;1.88;1.88;
1;4;153;149;7.95;1.53;0.96;
1;4;153;150;5.65;1.53;1.18;
1;4;153;151;5.54;1.53;1.58;
1;4;153;152;6.77;1.53;1.88;
1;4;154;149;7.95;1.04;0.96;
1;4;154;150;7.36;1.04;1.18;
1;4;154;151;7.68;1.04;1.58;
1;4;154;152;9.89;1.04;1.88;
1;4;297;74;9.32;0.77;0.68;
1;4;297;174;9.64;0.77;0.77;
1;4;297;176;8.02;0.77;1.18;
1;4;299;74;6.89;0.79;0.68;
1;4;299;174;9.38;0.79;0.77;
1;4;299;319;8.62;0.79;0.61;
1;4;299;320;7.43;0.79;0.64;
1;4;300;74;8.75;0.62;0.68;
1;4;300;319;7.65;0.62;0.61;
1;4;300;320;5.97;0.62;0.64;
1;4;300;321;7.83;0.62;0.59;
1;4;387;319;8.93;0.7;0.61;
1;4;387;320;6.55;0.7;0.64;
1;4;387;321;8.43;0.7;0.59;
1;4;387;322;8.7;0.7;0.58;
1;4;388;319;7.77;0.64;0.61;
1;4;388;320;6.03;0.64;0.64;
1;4;388;321;6.32;0.64;0.59;
1;4;388;322;5.46;0.64;0.58;
1;4;388;323;8.25;0.64;0.57;
1;4;388;324;8.6;0.64;0.65;
1;4;389;318;9.36;0.74;0.54;
1;4;389;319;8.16;0.74;0.61;
1;4;389;320;8.2;0.74;0.64;
1;4;389;321;8.32;0.74;0.59;
1;4;389;322;5.64;0.74;0.58;
1;4;389;323;6.65;0.74;0.57;
1;4;389;324;5.93;0.74;0.65;
1;4;391;22;8.85;0.79;1.21;
1;4;391;322;9.45;0.79;0.58;
1;4;391;323;8.24;0.79;0.57;
1;4;391;324;7.04;0.79;0.65;
1;4;391;326;8.2;0.79;0.58;
1;4;393;20;6.5;0.87;4.27;
1;4;393;22;8.7;0.87;1.21;
1;4;394;20;8.7;0.7;4.27;
1;4;394;326;9.6;0.7;0.58;
1;4;436;20;9.49;1.13;4.27;
1;4;439;20;6.66;1.59;4.27;
1;4;439;22;6.85;1.59;1.21;
1;4;439;67;7.07;1.59;0.79;
1;4;441;22;9.87;1.09;1.21;
1;4;441;67;8.58;1.09;0.79;
1;4;441;180;9.84;1.09;1.0;
1;4;441;323;9.83;1.09;0.57;
1;4;441;324;7.02;1.09;0.65;
1;4;443;180;8.1;0.97;1.0;
1;4;443;324;9.06;0.97;0.65;
1;4;453;180;9.77;5.49;1.0;
1;4;496;318;9.96;0.58;0.54;
1;4;496;322;8.24;0.58;0.58;
1;4;496;323;7.29;0.58;0.57;
1;4;496;326;6.35;0.58;0.58;
1;4;497;318;9.09;0.56;0.54;
1;4;497;321;7.49;0.56;0.59;
1;4;497;322;5.27;0.56;0.58;
1;4;497;323;6.0;0.56;0.57;
1;4;497;324;9.22;0.56;0.65;
1;4;497;326;7.73;0.56;0.58;
