19;20;4.0;0.15;0.07;
19;22;8.72;0.15;0.05;
19;393;6.99;0.15;0.04;
19;394;6.97;0.15;0.03;
19;494;8.75;0.15;0.04;
20;22;6.16;0.07;0.05;
20;67;9.89;0.07;0.03;
20;393;7.41;0.07;0.04;
20;394;8.87;0.07;0.03;
20;439;8.49;0.07;0.04;
22;67;6.23;0.05;0.03;
22;68;9.77;0.05;0.05;
22;324;8.76;0.05;0.03;
22;326;6.57;0.05;0.01;
22;391;8.61;0.05;0.03;
22;393;8.32;0.05;0.04;
22;394;9.53;0.05;0.03;
22;439;8.3;0.05;0.04;
22;440;9.46;0.05;0.04;
22;441;9.85;0.05;0.04;
50;51;3.79;0.03;0.03;
50;54;9.44;0.03;0.03;
50;163;8.65;0.03;0.05;
50;321;8.29;0.03;0.03;
50;322;9.24;0.03;0.03;
50;496;8.3;0.03;0.02;
50;497;7.88;0.03;0.03;
51;54;6.74;0.03;0.03;
51;318;8.21;0.03;0.03;
51;319;8.85;0.03;0.05;
51;320;8.13;0.03;0.04;
51;321;4.59;0.03;0.03;
51;322;5.76;0.03;0.03;
51;323;7.64;0.03;0.02;
51;496;7.99;0.03;0.02;
51;497;6.32;0.03;0.03;
54;91;9.03;0.03;0.02;
54;299;8.32;0.03;0.02;
54;300;4.61;0.03;0.01;
54;318;8.77;0.03;0.03;
54;319;7.26;0.03;0.05;
54;320;5.58;0.03;0.04;
54;321;5.24;0.03;0.03;
54;322;8.46;0.03;0.03;
67;68;3.85;0.03;0.05;
67;324;9.2;0.03;0.03;
67;391;9.14;0.03;0.03;
67;393;9.28;0.03;0.04;
67;439;5.97;0.03;0.04;
67;440;5.76;0.03;0.04;
67;441;7.28;0.03;0.04;
68;72;9.43;0.05;0.02;
68;129;8.39;0.05;0.01;
68;180;9.44;0.05;0.02;
68;324;9.64;0.05;0.03;
68;439;7.62;0.05;0.04;
68;440;5.53;0.05;0.04;
68;441;6.6;0.05;0.04;
68;456;9.69;0.05;0.02;
72;74;6.3;0.02;0.01;
72;76;7.72;0.02;0.03;
72;173;8.39;0.02;0.04;
72;174;8.66;0.02;0.04;
72;180;8.2;0.02;0.02;
72;181;5.7;0.02;0.02;
72;318;7.93;0.02;0.03;
72;319;6.87;0.02;0.05;
72;320;9.88;0.02;0.04;
72;323;9.86;0.02;0.02;
72;324;7.42;0.02;0.03;
72;389;9.69;0.02;0.03;
72;441;9.65;0.02;0.04;
72;443;9.47;0.02;0.03;
74;76;7.0;0.01;0.03;
74;147;7.84;0.01;0.04;
74;173;5.17;0.01;0.04;
74;174;4.36;0.01;0.04;
74;176;8.47;0.01;0.15;
74;181;8.62;0.01;0.02;
74;297;9.59;0.01;0.01;
74;299;7.08;0.01;0.02;
74;300;8.74;0.01;0.01;
74;318;9.6;0.01;0.03;
74;319;7.63;0.01;0.05;
74;320;9.64;0.01;0.04;
76;147;9.7;0.03;0.04;
76;158;9.87;0.03;0.04;
76;160;9.99;0.03;0.02;
76;169;5.8;0.03;0.02;
76;173;9.06;0.03;0.04;
76;318;4.96;0.03;0.03;
76;319;6.33;0.03;0.05;
76;320;9.68;0.03;0.04;
76;323;9.1;0.03;0.02;
76;324;9.42;0.03;0.03;
90;91;3.76;0.02;0.02;
90;94;6.44;0.02;0.02;
90;158;9.51;0.02;0.04;
90;160;7.63;0.02;0.02;
90;300;9.63;0.02;0.01;
91;94;5.06;0.02;0.02;
91;160;9.59;0.02;0.02;
91;299;6.87;0.02;0.02;
91;300;6.4;0.02;0.01;
94;158;9.31;0.02;0.04;
94;299;8.65;0.02;0.02;
104;106;6.56;0.16;0.13;
104;107;9.13;0.16;0.17;
104;108;8.51;0.16;0.09;
104;153;9.41;0.16;0.03;
106;107;3.95;0.13;0.17;
106;108;5.48;0.13;0.09;
106;187;8.48;0.13;0.04;
107;108;3.65;0.17;0.09;
107;176;9.86;0.17;0.15;
107;187;7.13;0.17;0.04;
108;174;8.62;0.09;0.04;
108;176;8.35;0.09;0.15;
128;129;3.78;0.02;0.01;
128;130;6.16;0.02;0.02;
128;180;8.51;0.02;0.02;
128;270;9.05;0.02;0.01;
128;271;6.26;0.02;0.02;
128;454;6.46;0.02;0.02;
128;455;5.15;0.02;0.03;
128;456;4.83;0.02;0.02;
128;457;6.97;0.02;0.03;
128;460;9.67;0.02;0.02;
129;130;3.8;0.01;0.02;
129;180;8.81;0.01;0.02;
129;271;9.77;0.01;0.02;
129;440;9.63;0.01;0.04;
129;454;8.89;0.01;0.02;
129;455;6.42;0.01;0.03;
129;456;4.48;0.01;0.02;
129;457;6.54;0.01;0.03;
130;455;9.3;0.02;0.03;
130;456;6.15;0.02;0.02;
130;457;5.84;0.02;0.03;
147;158;5.69;0.04;0.04;
147;173;4.35;0.04;0.04;
147;174;7.08;0.04;0.04;
150;151;9.59;0.02;0.04;
150;152;8.73;0.02;0.04;
150;153;6.97;0.02;0.03;
150;154;8.23;0.02;0.02;
150;158;9.56;0.02;0.04;
151;152;3.81;0.04;0.04;
151;153;5.44;0.04;0.03;
151;154;5.08;0.04;0.02;
152;153;3.82;0.04;0.03;
152;154;6.14;0.04;0.02;
153;154;3.78;0.03;0.02;
158;160;7.28;0.04;0.02;
158;169;8.47;0.04;0.02;
158;173;9.47;0.04;0.04;
160;167;8.38;0.02;0.03;
160;169;5.31;0.02;0.02;
163;167;5.79;0.05;0.03;
167;169;6.48;0.03;0.02;
169;318;8.83;0.02;0.03;
173;174;3.79;0.04;0.04;
173;176;9.63;0.04;0.15;
174;176;6.22;0.04;0.15;
174;181;9.38;0.04;0.02;
174;297;9.7;0.04;0.01;
174;299;9.39;0.04;0.02;
176;181;7.21;0.15;0.02;
176;297;8.37;0.15;0.01;
180;181;3.93;0.02;0.02;
180;387;9.85;0.02;0.03;
180;389;9.63;0.02;0.03;
180;441;8.21;0.02;0.04;
180;443;6.09;0.02;0.03;
180;455;7.93;0.02;0.03;
181;319;9.88;0.02;0.05;
181;387;9.46;0.02;0.03;
181;443;7.55;0.02;0.03;
202;270;6.75;0.03;0.01;
202;271;9.68;0.03;0.02;
202;457;7.28;0.03;0.03;
202;460;6.52;0.03;0.02;
270;271;3.79;0.01;0.02;
270;454;6.56;0.01;0.02;
270;455;9.73;0.01;0.03;
270;456;9.61;0.01;0.02;
270;457;8.85;0.01;0.03;
270;460;7.7;0.01;0.02;
271;454;5.28;0.02;0.02;
271;455;7.69;0.02;0.03;
271;456;8.36;0.02;0.02;
271;457;8.94;0.02;0.03;
271;460;8.93;0.02;0.02;
297;299;5.32;0.01;0.02;
297;300;8.84;0.01;0.01;
299;300;3.78;0.02;0.01;
299;319;8.99;0.02;0.05;
299;320;7.98;0.02;0.04;
300;319;7.65;0.01;0.05;
300;320;6.09;0.01;0.04;
300;321;8.25;0.01;0.03;
318;319;3.85;0.03;0.05;
318;320;7.09;0.03;0.04;
318;321;7.3;0.03;0.03;
318;322;5.82;0.03;0.03;
318;323;4.22;0.03;0.02;
318;324;5.62;0.03;0.03;
318;326;8.08;0.03;0.01;
318;388;9.88;0.03;0.02;
318;389;8.91;0.03;0.03;
318;497;9.41;0.03;0.03;
319;320;3.85;0.05;0.04;
319;321;5.9;0.05;0.03;
319;322;5.55;0.05;0.03;
319;323;6.1;0.05;0.02;
319;324;6.7;0.05;0.03;
319;387;8.71;0.05;0.03;
319;388;7.47;0.05;0.02;
319;389;7.59;0.05;0.03;
319;443;9.56;0.05;0.03;
320;321;3.84;0.04;0.03;
320;322;5.51;0.04;0.03;
320;323;8.09;0.04;0.02;
320;324;9.31;0.04;0.03;
320;387;6.47;0.04;0.03;
320;388;5.75;0.04;0.02;
320;389;7.79;0.04;0.03;
320;443;9.51;0.04;0.03;
321;322;3.76;0.03;0.03;
321;323;7.08;0.03;0.02;
321;324;9.66;0.03;0.03;
321;387;8.68;0.03;0.03;
321;388;6.48;0.03;0.02;
321;389;8.32;0.03;0.03;
321;497;7.55;0.03;0.03;
322;323;3.77;0.03;0.02;
322;324;6.36;0.03;0.03;
322;326;8.95;0.03;0.01;
322;387;8.92;0.03;0.03;
322;388;5.65;0.03;0.02;
322;389;5.67;0.03;0.03;
322;391;9.59;0.03;0.03;
322;443;9.5;0.03;0.03;
322;496;8.05;0.03;0.02;
322;497;5.23;0.03;0.03;
323;324;3.78;0.02;0.03;
323;326;5.53;0.02;0.01;
323;388;8.33;0.02;0.02;
323;389;6.55;0.02;0.03;
323;391;8.16;0.02;0.03;
323;441;9.61;0.02;0.04;
323;496;6.98;0.02;0.02;
323;497;5.92;0.02;0.03;
324;326;6.5;0.03;0.01;
324;388;8.58;0.03;0.02;
324;389;5.6;0.03;0.03;
324;391;6.4;0.03;0.03;
324;440;9.33;0.03;0.04;
324;441;6.36;0.03;0.04;
324;443;8.41;0.03;0.03;
324;496;9.94;0.03;0.02;
324;497;8.95;0.03;0.03;
326;391;8.55;0.01;0.03;
326;494;9.28;0.01;0.04;
326;496;6.08;0.01;0.02;
326;497;7.91;0.01;0.03;
387;388;3.82;0.03;0.02;
387;389;6.67;0.03;0.03;
387;443;5.69;0.03;0.03;
388;389;3.8;0.02;0.03;
388;391;9.95;0.02;0.03;
388;441;9.97;0.02;0.04;
388;443;5.47;0.02;0.03;
388;497;9.35;0.02;0.03;
389;391;6.38;0.03;0.03;
389;441;6.37;0.03;0.04;
389;443;4.27;0.03;0.03;
389;497;8.71;0.03;0.03;
391;393;5.57;0.03;0.04;
391;394;5.53;0.03;0.03;
391;439;7.49;0.03;0.04;
391;440;6.32;0.03;0.04;
391;441;4.62;0.03;0.04;
391;443;8.68;0.03;0.03;
391;497;9.58;0.03;0.03;
393;394;3.79;0.04;0.03;
393;439;4.87;0.04;0.04;
393;440;6.85;0.04;0.04;
393;441;8.16;0.04;0.04;
394;439;8.53;0.03;0.04;
394;440;9.7;0.03;0.04;
394;441;9.7;0.03;0.04;
394;494;7.89;0.03;0.04;
439;440;3.87;0.04;0.04;
439;441;7.07;0.04;0.04;
440;441;3.75;0.04;0.04;
440;443;9.72;0.04;0.03;
440;455;8.14;0.04;0.03;
440;456;8.23;0.04;0.02;
441;443;6.43;0.04;0.03;
441;455;8.78;0.04;0.03;
443;455;9.61;0.03;0.03;
454;455;3.77;0.02;0.03;
454;456;5.66;0.02;0.02;
454;457;7.43;0.02;0.03;
454;460;5.88;0.02;0.02;
455;456;3.83;0.03;0.02;
455;457;7.2;0.03;0.03;
455;460;7.46;0.03;0.02;
456;457;3.75;0.02;0.03;
456;460;6.22;0.02;0.02;
457;460;5.13;0.03;0.02;
494;496;7.11;0.04;0.02;
494;497;9.38;0.04;0.03;
496;497;3.87;0.02;0.03;
