15;18;8.38;0.25;0.26;
15;456;7.77;0.25;0.02;
18;20;6.67;0.26;0.17;
18;21;8.37;0.26;0.11;
18;439;7.11;0.26;0.02;
18;440;4.76;0.26;0.02;
18;441;7.01;0.26;0.02;
18;456;7.73;0.26;0.02;
20;21;3.72;0.17;0.11;
20;324;9.59;0.17;0.01;
20;391;8.53;0.17;0.03;
20;439;4.04;0.17;0.02;
20;440;5.61;0.17;0.02;
20;441;7.7;0.17;0.02;
21;323;9.36;0.11;0.02;
21;324;6.2;0.11;0.01;
21;326;8.01;0.11;0.03;
21;391;7.85;0.11;0.03;
21;439;6.62;0.11;0.02;
21;440;7.04;0.11;0.02;
21;441;7.22;0.11;0.02;
50;51;3.78;0.03;0.02;
50;54;8.06;0.03;0.02;
50;163;7.05;0.03;0.01;
50;167;9.74;0.03;0.01;
50;321;8.22;0.03;0.02;
50;322;9.5;0.03;0.03;
50;496;8.59;0.03;0.05;
50;497;8.08;0.03;0.04;
51;54;5.85;0.02;0.02;
51;300;9.96;0.02;0.02;
51;318;7.81;0.02;0.04;
51;320;7.98;0.02;0.04;
51;321;4.52;0.02;0.02;
51;322;5.96;0.02;0.03;
51;323;7.87;0.02;0.02;
51;496;8.15;0.02;0.05;
51;497;6.32;0.02;0.04;
54;56;6.97;0.02;0.02;
54;91;8.92;0.02;0.01;
54;299;8.08;0.02;0.02;
54;300;4.4;0.02;0.02;
54;318;8.84;0.02;0.04;
54;320;5.96;0.02;0.04;
54;321;5.23;0.02;0.02;
54;322;8.56;0.02;0.03;
56;297;7.66;0.02;0.01;
56;299;5.05;0.02;0.02;
56;300;4.69;0.02;0.02;
56;320;5.68;0.02;0.04;
56;321;8.12;0.02;0.02;
56;387;8.65;0.02;0.02;
72;74;6.37;0.04;0.03;
72;76;7.87;0.04;0.03;
72;173;8.43;0.04;0.04;
72;174;8.66;0.04;0.03;
72;180;7.93;0.04;0.06;
72;318;8.04;0.04;0.04;
72;320;9.88;0.04;0.04;
72;324;8.5;0.04;0.01;
74;76;6.98;0.03;0.03;
74;147;8.16;0.03;0.03;
74;173;5.22;0.03;0.04;
74;174;4.35;0.03;0.03;
74;176;8.17;0.03;0.05;
74;297;9.03;0.03;0.01;
74;299;6.85;0.03;0.02;
74;300;8.7;0.03;0.02;
74;318;9.6;0.03;0.04;
74;320;9.57;0.03;0.04;
76;147;9.9;0.03;0.03;
76;169;5.75;0.03;0.02;
76;173;9.11;0.03;0.04;
76;300;9.92;0.03;0.02;
76;318;5.03;0.03;0.04;
76;320;9.71;0.03;0.04;
76;323;9.22;0.03;0.02;
90;91;3.77;0.03;0.01;
90;94;6.47;0.03;0.01;
90;158;9.35;0.03;0.02;
90;160;7.2;0.03;0.02;
90;300;9.64;0.03;0.02;
91;94;5.04;0.01;0.01;
91;158;9.96;0.01;0.02;
91;160;9.15;0.01;0.02;
91;299;7.12;0.01;0.02;
91;300;6.4;0.01;0.02;
94;147;9.74;0.01;0.03;
94;149;9.59;0.01;0.04;
94;158;8.88;0.01;0.02;
94;299;8.89;0.01;0.02;
107;108;3.83;0.07;0.05;
107;109;6.14;0.07;0.13;
107;141;9.03;0.07;0.04;
107;143;5.81;0.07;0.04;
107;147;8.61;0.07;0.03;
107;148;8.49;0.07;0.03;
107;173;9.18;0.07;0.04;
108;109;3.93;0.05;0.13;
108;143;7.42;0.05;0.04;
108;147;7.03;0.05;0.03;
108;148;6.62;0.05;0.03;
108;149;7.96;0.05;0.04;
108;150;8.42;0.05;0.03;
108;153;8.86;0.05;0.04;
108;154;9.21;0.05;0.03;
108;173;8.38;0.05;0.04;
108;174;9.11;0.05;0.03;
109;143;9.15;0.13;0.04;
109;147;7.56;0.13;0.03;
109;148;8.84;0.13;0.03;
109;173;6.87;0.13;0.04;
109;174;6.06;0.13;0.03;
109;176;9.59;0.13;0.05;
114;297;6.49;0.01;0.01;
141;143;5.37;0.04;0.04;
143;147;6.22;0.04;0.03;
143;148;6.92;0.04;0.03;
143;173;7.32;0.04;0.04;
147;148;3.86;0.03;0.03;
147;149;7.19;0.03;0.04;
147;150;9.98;0.03;0.03;
147;158;5.55;0.03;0.02;
147;173;4.61;0.03;0.04;
147;174;7.34;0.03;0.03;
148;149;3.84;0.03;0.04;
148;150;6.3;0.03;0.03;
148;151;9.82;0.03;0.03;
148;158;5.16;0.03;0.02;
148;173;8.3;0.03;0.04;
149;150;3.75;0.04;0.03;
149;151;9.84;0.04;0.03;
149;153;8.51;0.04;0.04;
149;154;8.08;0.04;0.03;
149;158;6.18;0.04;0.02;
150;151;8.37;0.03;0.03;
150;152;7.54;0.03;0.04;
150;153;6.44;0.03;0.04;
150;154;7.64;0.03;0.03;
150;158;9.7;0.03;0.02;
151;152;3.84;0.03;0.04;
151;153;5.48;0.03;0.04;
151;154;5.04;0.03;0.03;
152;153;3.82;0.04;0.04;
152;154;6.12;0.04;0.03;
153;154;3.78;0.04;0.03;
158;160;7.26;0.02;0.02;
158;169;8.51;0.02;0.02;
158;173;9.51;0.02;0.04;
160;167;8.42;0.02;0.01;
160;169;5.4;0.02;0.02;
163;167;5.81;0.01;0.01;
167;169;6.47;0.01;0.02;
169;318;8.91;0.02;0.04;
173;174;3.78;0.04;0.03;
173;176;9.43;0.04;0.05;
174;176;6.01;0.03;0.05;
174;297;9.31;0.03;0.01;
174;299;9.33;0.03;0.02;
176;297;7.63;0.05;0.01;
180;443;9.23;0.06;0.02;
297;299;5.23;0.01;0.02;
297;300;8.82;0.01;0.02;
299;300;3.78;0.02;0.02;
299;320;7.5;0.02;0.04;
300;320;6.13;0.02;0.04;
300;321;7.92;0.02;0.02;
318;320;7.11;0.04;0.04;
318;321;7.04;0.04;0.02;
318;322;5.72;0.04;0.03;
318;323;4.28;0.04;0.02;
318;324;6.18;0.04;0.01;
318;326;9.27;0.04;0.03;
318;389;9.85;0.04;0.03;
318;497;9.38;0.04;0.04;
320;321;3.85;0.04;0.02;
320;322;5.66;0.04;0.03;
320;323;8.27;0.04;0.02;
320;324;9.92;0.04;0.01;
320;387;6.69;0.04;0.02;
320;388;6.36;0.04;0.02;
320;389;8.65;0.04;0.03;
321;322;3.75;0.02;0.03;
321;323;7.07;0.02;0.02;
321;324;9.89;0.02;0.01;
321;387;8.49;0.02;0.02;
321;388;6.49;0.02;0.02;
321;389;8.53;0.02;0.03;
321;497;7.46;0.02;0.04;
322;323;3.77;0.03;0.02;
322;324;6.51;0.03;0.01;
322;326;9.24;0.03;0.03;
322;387;8.64;0.03;0.02;
322;388;5.57;0.03;0.02;
322;389;5.84;0.03;0.03;
322;391;9.81;0.03;0.03;
322;443;9.86;0.03;0.02;
322;496;8.36;0.03;0.05;
322;497;5.47;0.03;0.04;
323;324;3.75;0.02;0.01;
323;326;6.15;0.02;0.03;
323;388;8.37;0.02;0.02;
323;389;6.94;0.02;0.03;
323;391;8.86;0.02;0.03;
323;496;7.49;0.02;0.05;
323;497;6.27;0.02;0.04;
324;326;6.83;0.01;0.03;
324;388;9.04;0.01;0.02;
324;389;6.47;0.01;0.03;
324;391;7.57;0.01;0.03;
324;441;7.51;0.01;0.02;
324;443;9.36;0.01;0.02;
324;497;9.3;0.01;0.04;
326;391;8.59;0.03;0.03;
326;496;5.97;0.03;0.05;
326;497;7.71;0.03;0.04;
387;388;3.82;0.02;0.02;
387;389;6.67;0.02;0.03;
387;443;6.09;0.02;0.02;
388;389;3.76;0.02;0.03;
388;391;9.77;0.02;0.03;
388;441;9.75;0.02;0.02;
388;443;5.8;0.02;0.02;
388;497;9.27;0.02;0.04;
389;391;6.28;0.03;0.03;
389;440;9.86;0.03;0.02;
389;441;6.2;0.03;0.02;
389;443;4.5;0.03;0.02;
389;497;8.78;0.03;0.04;
391;439;6.7;0.03;0.02;
391;440;6.29;0.03;0.02;
391;441;4.73;0.03;0.02;
391;443;8.62;0.03;0.02;
391;497;9.62;0.03;0.04;
439;440;3.85;0.02;0.02;
439;441;6.71;0.02;0.02;
440;441;3.75;0.02;0.02;
440;443;9.47;0.02;0.02;
440;456;9.39;0.02;0.02;
441;443;6.04;0.02;0.02;
496;497;3.88;0.05;0.04;
