1;2;73;297;8.82;0.8;1.13;
1;2;73;299;9.48;0.8;1.29;
1;2;74;56;9.25;1.19;1.03;
1;2;74;296;9.28;1.19;1.03;
1;2;74;297;7.29;1.19;1.13;
1;2;74;299;6.19;1.19;1.29;
1;2;74;300;8.72;1.19;1.19;
1;2;163;48;9.0;1.1;2.95;
1;2;163;50;5.28;1.1;2.61;
1;2;163;51;8.36;1.1;2.28;
1;2;167;50;8.64;0.72;2.61;
1;2;167;51;9.74;0.72;2.28;
1;2;174;297;7.75;1.21;1.13;
1;2;174;299;8.65;1.21;1.29;
1;2;176;114;8.65;1.81;0.8;
1;2;176;296;8.21;1.81;1.03;
1;2;176;297;6.21;1.81;1.13;
1;2;181;296;9.46;0.98;1.03;
1;2;181;297;9.78;0.98;1.13;
1;2;318;51;8.38;1.12;2.28;
1;2;318;54;9.81;1.12;1.28;
1;2;320;43;8.13;2.03;1.86;
1;2;320;51;8.4;2.03;2.28;
1;2;320;54;7.03;2.03;1.28;
1;2;320;56;4.39;2.03;1.03;
1;2;320;58;7.73;2.03;1.1;
1;2;320;296;8.92;2.03;1.03;
1;2;320;299;8.01;2.03;1.29;
1;2;320;300;6.94;2.03;1.19;
1;2;321;43;6.69;2.37;1.86;
1;2;321;48;8.81;2.37;2.95;
1;2;321;50;8.74;2.37;2.61;
1;2;321;51;5.08;2.37;2.28;
1;2;321;54;6.41;2.37;1.28;
1;2;321;56;7.33;2.37;1.03;
1;2;321;300;8.57;2.37;1.19;
2;3;73;296;9.76;0.8;1.03;
2;3;73;297;8.49;0.8;1.13;
2;3;73;299;9.6;0.8;1.29;
2;3;74;56;9.08;1.19;1.03;
2;3;74;296;8.71;1.19;1.03;
2;3;74;297;6.78;1.19;1.13;
2;3;74;299;6.18;1.19;1.29;
2;3;74;300;8.89;1.19;1.19;
2;3;76;299;10.0;0.73;1.29;
2;3;163;48;8.39;1.1;2.95;
2;3;163;50;4.69;1.1;2.61;
2;3;163;51;7.64;1.1;2.28;
2;3;167;50;8.41;0.72;2.61;
2;3;167;51;9.19;0.72;2.28;
2;3;169;51;9.89;0.75;2.28;
2;3;174;297;7.39;1.21;1.13;
2;3;174;299;8.74;1.21;1.29;
2;3;176;114;8.43;1.81;0.8;
2;3;176;296;8.16;1.81;1.03;
2;3;176;297;6.32;1.81;1.13;
2;3;181;58;9.83;0.98;1.1;
2;3;181;296;9.24;0.98;1.03;
2;3;181;297;9.73;0.98;1.13;
2;3;318;51;8.75;1.12;2.28;
2;3;318;54;9.99;1.12;1.28;
2;3;320;43;8.08;2.03;1.86;
2;3;320;51;8.98;2.03;2.28;
2;3;320;54;7.46;2.03;1.28;
2;3;320;56;4.14;2.03;1.03;
2;3;320;58;7.02;2.03;1.1;
2;3;320;296;8.39;2.03;1.03;
2;3;320;299;7.98;2.03;1.29;
2;3;320;300;7.16;2.03;1.19;
2;3;321;43;6.3;2.37;1.86;
2;3;321;48;9.35;2.37;2.95;
2;3;321;50;9.37;2.37;2.61;
2;3;321;51;5.74;2.37;2.28;
2;3;321;54;6.7;2.37;1.28;
2;3;321;56;6.95;2.37;1.03;
2;3;321;300;8.59;2.37;1.19;
2;3;322;43;6.14;1.78;1.86;
2;3;322;51;8.31;1.78;2.28;
2;3;322;56;9.37;1.78;1.03;
3;4;73;296;9.75;0.8;1.03;
3;4;73;297;8.35;0.8;1.13;
3;4;73;299;9.38;0.8;1.29;
3;4;74;56;9.1;1.19;1.03;
3;4;74;296;8.84;1.19;1.03;
3;4;74;297;6.79;1.19;1.13;
3;4;74;299;6.01;1.19;1.29;
3;4;74;300;8.73;1.19;1.19;
3;4;76;299;9.94;0.73;1.29;
3;4;76;300;9.99;0.73;1.19;
3;4;163;48;8.49;1.1;2.95;
3;4;163;50;4.85;1.1;2.61;
3;4;163;51;7.8;1.1;2.28;
3;4;167;50;8.52;0.72;2.61;
3;4;167;51;9.33;0.72;2.28;
3;4;169;51;10.0;0.75;2.28;
3;4;174;297;7.45;1.21;1.13;
3;4;174;299;8.65;1.21;1.29;
3;4;176;114;8.1;1.81;0.8;
3;4;176;296;8.17;1.81;1.03;
3;4;176;297;6.14;1.81;1.13;
3;4;181;58;9.8;0.98;1.1;
3;4;181;296;9.01;0.98;1.03;
3;4;181;297;9.37;0.98;1.13;
3;4;318;51;8.69;1.12;2.28;
3;4;318;54;9.84;1.12;1.28;
3;4;320;43;8.18;2.03;1.86;
3;4;320;51;8.93;2.03;2.28;
3;4;320;54;7.28;2.03;1.28;
3;4;320;56;3.99;2.03;1.03;
3;4;320;58;7.11;2.03;1.1;
3;4;320;296;8.39;2.03;1.03;
3;4;320;297;9.95;2.03;1.13;
3;4;320;299;7.81;2.03;1.29;
3;4;320;300;6.94;2.03;1.19;
3;4;321;43;6.42;2.37;1.86;
3;4;321;48;9.37;2.37;2.95;
3;4;321;50;9.28;2.37;2.61;
3;4;321;51;5.66;2.37;2.28;
3;4;321;54;6.51;2.37;1.28;
3;4;321;56;6.86;2.37;1.03;
3;4;321;300;8.42;2.37;1.19;
3;4;322;43;6.19;1.78;1.86;
3;4;322;51;8.19;1.78;2.28;
3;4;322;56;9.2;1.78;1.03;
4;5;73;296;9.0;0.8;1.03;
4;5;73;297;7.6;0.8;1.13;
4;5;73;299;8.74;0.8;1.29;
4;5;74;56;8.6;1.19;1.03;
4;5;74;296;8.32;1.19;1.03;
4;5;74;297;6.2;1.19;1.13;
4;5;74;299;5.34;1.19;1.29;
4;5;74;300;8.19;1.19;1.19;
4;5;76;54;9.59;0.73;1.28;
4;5;76;299;9.32;0.73;1.29;
4;5;76;300;9.29;0.73;1.19;
4;5;163;48;8.57;1.1;2.95;
4;5;163;50;4.7;1.1;2.61;
4;5;163;51;7.85;1.1;2.28;
4;5;167;50;8.02;0.72;2.61;
4;5;167;51;8.98;0.72;2.28;
4;5;169;51;9.66;0.75;2.28;
4;5;169;54;9.75;0.75;1.28;
4;5;174;114;9.75;1.21;0.8;
4;5;174;296;9.98;1.21;1.03;
4;5;174;297;6.84;1.21;1.13;
4;5;174;299;8.16;1.21;1.29;
4;5;176;114;7.38;1.81;0.8;
4;5;176;296;7.7;1.81;1.03;
4;5;176;297;5.65;1.81;1.13;
4;5;181;58;9.02;0.98;1.1;
4;5;181;296;8.19;0.98;1.03;
4;5;181;297;8.73;0.98;1.13;
4;5;318;51;8.15;1.12;2.28;
4;5;318;54;9.14;1.12;1.28;
4;5;318;56;9.44;1.12;1.03;
4;5;318;300;9.94;1.12;1.19;
4;5;320;43;8.13;2.03;1.86;
4;5;320;51;8.86;2.03;2.28;
4;5;320;54;6.93;2.03;1.28;
4;5;320;56;3.36;2.03;1.03;
4;5;320;58;6.96;2.03;1.1;
4;5;320;296;8.16;2.03;1.03;
4;5;320;297;9.8;2.03;1.13;
4;5;320;299;7.57;2.03;1.29;
4;5;320;300;6.53;2.03;1.19;
4;5;321;43;6.35;2.37;1.86;
4;5;321;47;7.82;2.37;3.37;
4;5;321;48;9.26;2.37;2.95;
4;5;321;50;9.08;2.37;2.61;
4;5;321;51;5.56;2.37;2.28;
4;5;321;54;6.1;2.37;1.28;
4;5;321;56;6.5;2.37;1.03;
4;5;321;300;8.08;2.37;1.19;
4;5;322;43;5.62;1.78;1.86;
4;5;322;47;7.92;1.78;3.37;
4;5;322;51;7.84;1.78;2.28;
4;5;322;54;9.59;1.78;1.28;
4;5;322;56;8.64;1.78;1.03;
4;5;323;43;8.76;1.27;1.86;
4;5;323;47;9.24;1.27;3.37;
4;5;323;51;9.03;1.27;2.28;
5;6;73;296;9.12;0.8;1.03;
5;6;73;297;7.93;0.8;1.13;
5;6;73;299;9.46;0.8;1.29;
5;6;74;56;8.79;1.19;1.03;
5;6;74;296;8.0;1.19;1.03;
5;6;74;297;6.06;1.19;1.13;
5;6;74;299;5.93;1.19;1.29;
5;6;74;300;8.86;1.19;1.19;
5;6;76;299;9.36;0.73;1.29;
5;6;76;300;9.59;0.73;1.19;
5;6;160;54;9.55;1.02;1.28;
5;6;162;50;5.41;1.23;2.61;
5;6;162;51;7.31;1.23;2.28;
5;6;162;54;8.68;1.23;1.28;
5;6;163;48;7.59;1.1;2.95;
5;6;163;50;3.84;1.1;2.61;
5;6;163;51;6.84;1.1;2.28;
5;6;167;50;7.76;0.72;2.61;
5;6;167;51;8.36;0.72;2.28;
5;6;169;51;9.44;0.75;2.28;
5;6;169;54;9.59;0.75;1.28;
5;6;174;114;9.82;1.21;0.8;
5;6;174;296;9.86;1.21;1.03;
5;6;174;297;6.89;1.21;1.13;
5;6;174;299;8.66;1.21;1.29;
5;6;176;114;8.0;1.81;0.8;
5;6;176;296;8.14;1.81;1.03;
5;6;176;297;6.41;1.81;1.13;
5;6;181;58;9.55;0.98;1.1;
5;6;181;296;8.88;0.98;1.03;
5;6;181;297;9.49;0.98;1.13;
5;6;318;51;8.94;1.12;2.28;
5;6;318;54;9.88;1.12;1.28;
5;6;318;56;9.53;1.12;1.03;
5;6;319;54;9.38;1.06;1.28;
5;6;319;56;6.55;1.06;1.03;
5;6;319;58;8.19;1.06;1.1;
5;6;319;296;9.05;1.06;1.03;
5;6;319;299;8.6;1.06;1.29;
5;6;319;300;8.74;1.06;1.19;
5;6;320;43;8.04;2.03;1.86;
5;6;320;51;9.65;2.03;2.28;
5;6;320;54;7.93;2.03;1.28;
5;6;320;56;3.76;2.03;1.03;
5;6;320;58;6.1;2.03;1.1;
5;6;320;296;7.72;2.03;1.03;
5;6;320;297;9.62;2.03;1.13;
5;6;320;299;7.96;2.03;1.29;
5;6;320;300;7.33;2.03;1.19;
5;6;321;43;5.82;2.37;1.86;
5;6;321;48;9.93;2.37;2.95;
5;6;321;51;6.47;2.37;2.28;
5;6;321;54;6.96;2.37;1.28;
5;6;321;56;6.4;2.37;1.03;
5;6;321;58;9.38;2.37;1.1;
5;6;321;300;8.52;2.37;1.19;
5;6;322;43;5.64;1.78;1.86;
5;6;322;51;8.87;1.78;2.28;
5;6;322;56;8.92;1.78;1.03;
5;6;322;58;9.66;1.78;1.1;
1;6;43;320;7.7;1.86;2.03;
1;6;43;321;6.23;1.86;2.37;
1;6;43;322;6.2;1.86;1.78;
1;6;48;163;8.37;2.95;1.1;
1;6;48;321;8.85;2.95;2.37;
1;6;50;163;5.05;2.61;1.1;
1;6;50;167;8.62;2.61;0.72;
1;6;50;321;9.08;2.61;2.37;
1;6;51;163;7.99;2.28;1.1;
1;6;51;167;9.49;2.28;0.72;
1;6;51;169;9.84;2.28;0.75;
1;6;51;318;8.65;2.28;1.12;
1;6;51;320;8.58;2.28;2.03;
1;6;51;321;5.42;2.28;2.37;
1;6;51;322;8.17;2.28;1.78;
1;6;54;320;7.45;1.28;2.03;
1;6;54;321;6.91;1.28;2.37;
1;6;56;74;9.13;1.03;1.19;
1;6;56;320;4.67;1.03;2.03;
1;6;56;321;7.51;1.03;2.37;
1;6;56;322;9.87;1.03;1.78;
1;6;58;181;9.94;1.1;0.98;
1;6;58;320;7.51;1.1;2.03;
1;6;114;176;8.82;0.8;1.81;
1;6;296;74;9.12;1.03;1.19;
1;6;296;176;8.0;1.03;1.81;
1;6;296;181;9.53;1.03;0.98;
1;6;296;320;9.02;1.03;2.03;
1;6;297;73;8.94;1.13;0.8;
1;6;297;74;7.34;1.13;1.19;
1;6;297;174;7.61;1.13;1.21;
1;6;297;176;6.18;1.13;1.81;
1;6;299;73;9.75;1.29;0.8;
1;6;299;74;6.41;1.29;1.19;
1;6;299;174;8.65;1.29;1.21;
1;6;299;320;8.44;1.29;2.03;
1;6;300;74;8.86;1.19;1.19;
1;6;300;320;7.45;1.19;2.03;
1;6;300;321;9.0;1.19;2.37;
