1;2;72;296;8.51;0.95;1.26;
1;2;72;297;7.64;0.95;1.62;
1;2;72;299;8.44;0.95;2.09;
1;2;73;114;9.92;1.15;1.15;
1;2;73;296;8.22;1.15;1.26;
1;2;73;297;5.81;1.15;1.62;
1;2;73;299;7.59;1.15;2.09;
1;2;74;56;9.19;1.75;1.34;
1;2;74;91;9.45;1.75;1.57;
1;2;74;94;8.84;1.75;1.64;
1;2;74;114;8.73;1.75;1.15;
1;2;74;296;7.95;1.75;1.26;
1;2;74;297;4.71;1.75;1.62;
1;2;74;299;4.69;1.75;2.09;
1;2;74;300;8.31;1.75;1.93;
1;2;76;54;8.67;0.96;2.19;
1;2;76;56;9.45;0.96;1.34;
1;2;76;91;9.96;0.96;1.57;
1;2;76;299;6.72;0.96;2.09;
1;2;76;300;7.04;0.96;1.93;
1;2;80;50;8.46;0.7;3.4;
1;2;80;51;8.49;0.7;3.19;
1;2;147;94;8.98;1.09;1.64;
1;2;147;99;7.98;1.09;2.15;
1;2;147;111;8.99;1.09;3.4;
1;2;148;94;9.98;1.22;1.64;
1;2;148;99;7.92;1.22;2.15;
1;2;148;100;9.26;1.22;2.81;
1;2;150;99;9.36;2.45;2.15;
1;2;150;100;8.16;2.45;2.81;
1;2;150;153;8.31;2.45;2.97;
1;2;158;90;9.99;1.5;2.36;
1;2;158;91;9.63;1.5;1.57;
1;2;158;94;8.5;1.5;1.64;
1;2;160;90;7.8;1.46;2.36;
1;2;160;91;8.52;1.46;1.57;
1;2;163;50;4.66;1.69;3.4;
1;2;163;51;7.82;1.69;3.19;
1;2;163;54;9.3;1.69;2.19;
1;2;167;50;7.28;0.92;3.4;
1;2;167;51;8.27;0.92;3.19;
1;2;167;54;9.81;0.92;2.19;
1;2;169;54;8.68;1.01;2.19;
1;2;169;91;9.95;1.01;1.57;
1;2;169;300;9.0;1.01;1.93;
1;2;173;99;9.17;1.19;2.15;
1;2;173;110;9.29;1.19;4.18;
1;2;173;111;7.98;1.19;3.4;
1;2;173;297;9.51;1.19;1.62;
1;2;173;299;9.76;1.19;2.09;
1;2;174;94;9.4;1.68;1.64;
1;2;174;99;8.64;1.68;2.15;
1;2;174;109;9.92;1.68;3.69;
1;2;174;110;7.58;1.68;4.18;
1;2;174;111;6.35;1.68;3.4;
1;2;174;114;7.48;1.68;1.15;
1;2;174;297;6.9;1.68;1.62;
1;2;174;299;8.79;1.68;2.09;
1;2;176;109;6.36;2.86;3.69;
1;2;176;110;7.08;2.86;4.18;
1;2;176;111;8.52;2.86;3.4;
1;2;176;114;6.18;2.86;1.15;
1;2;176;294;8.68;2.86;0.88;
1;2;176;297;8.06;2.86;1.62;
1;2;177;109;8.63;2.66;3.69;
1;2;177;114;8.67;2.66;1.15;
1;2;177;294;8.97;2.66;0.88;
1;2;177;297;9.49;2.66;1.62;
1;2;181;58;9.3;1.15;1.18;
1;2;181;294;9.58;1.15;0.88;
1;2;181;296;6.95;1.15;1.26;
1;2;181;297;7.05;1.15;1.62;
1;2;318;51;8.73;1.49;3.19;
1;2;318;54;7.12;1.49;2.19;
1;2;318;56;6.93;1.49;1.34;
1;2;318;299;7.44;1.49;2.09;
1;2;318;300;6.78;1.49;1.93;
1;2;319;54;7.81;1.9;2.19;
1;2;319;56;4.09;1.9;1.34;
1;2;319;58;7.75;1.9;1.18;
1;2;319;296;7.01;1.9;1.26;
1;2;319;297;7.46;1.9;1.62;
1;2;319;299;4.98;1.9;2.09;
1;2;319;300;5.71;1.9;1.93;
1;2;320;54;7.47;3.22;2.19;
1;2;320;56;0.66;3.22;1.34;
1;2;320;58;5.9;3.22;1.18;
1;2;320;296;5.88;3.22;1.26;
1;2;320;297;7.44;3.22;1.62;
1;2;320;299;5.39;3.22;2.09;
1;2;320;300;5.37;3.22;1.93;
1;2;321;43;7.55;3.32;2.1;
1;2;321;51;7.98;3.32;3.19;
1;2;321;54;5.24;3.32;2.19;
1;2;321;56;3.75;3.32;1.34;
1;2;321;58;8.54;3.32;1.18;
1;2;321;296;9.77;3.32;1.26;
1;2;321;299;8.0;3.32;2.09;
1;2;321;300;5.84;3.32;1.93;
1;2;322;43;6.18;2.09;2.1;
1;2;322;51;8.71;2.09;3.19;
1;2;322;54;7.98;2.09;2.19;
1;2;322;56;5.68;2.09;1.34;
1;2;322;58;7.95;2.09;1.18;
1;2;322;299;9.64;2.09;2.09;
1;2;322;300;8.48;2.09;1.93;
1;2;323;43;8.43;1.68;2.1;
1;2;323;51;8.67;1.68;3.19;
1;2;323;54;9.18;1.68;2.19;
1;2;323;56;8.28;1.68;1.34;
1;2;323;300;9.85;1.68;1.93;
2;3;73;296;8.76;1.15;1.26;
2;3;73;297;6.73;1.15;1.62;
2;3;73;299;9.11;1.15;2.09;
2;3;74;56;9.77;1.75;1.34;
2;3;74;114;8.76;1.75;1.15;
2;3;74;296;7.71;1.75;1.26;
2;3;74;297;4.65;1.75;1.62;
2;3;74;299;5.88;1.75;2.09;
2;3;74;300;9.58;1.75;1.93;
2;3;76;54;9.83;0.96;2.19;
2;3;76;56;9.5;0.96;1.34;
2;3;76;297;9.97;0.96;1.62;
2;3;76;299;7.02;0.96;2.09;
2;3;76;300;7.99;0.96;1.93;
2;3;80;50;9.24;0.7;3.4;
2;3;80;51;8.39;0.7;3.19;
2;3;147;94;9.98;1.09;1.64;
2;3;147;99;8.38;1.09;2.15;
2;3;150;99;9.08;2.45;2.15;
2;3;150;100;7.93;2.45;2.81;
2;3;158;94;8.85;1.5;1.64;
2;3;160;54;9.68;1.46;2.19;
2;3;160;91;8.31;1.46;1.57;
2;3;160;300;9.68;1.46;1.93;
2;3;162;50;6.33;1.98;3.4;
2;3;162;51;7.69;1.98;3.19;
2;3;162;54;7.11;1.98;2.19;
2;3;162;300;9.89;1.98;1.93;
2;3;163;50;2.98;1.69;3.4;
2;3;163;51;5.75;1.69;3.19;
2;3;163;54;7.93;1.69;2.19;
2;3;167;50;7.33;0.92;3.4;
2;3;167;51;7.39;0.92;3.19;
2;3;167;54;9.3;0.92;2.19;
2;3;169;54;8.76;1.01;2.19;
2;3;169;299;9.93;1.01;2.09;
2;3;169;300;8.78;1.01;1.93;
2;3;173;99;9.91;1.19;2.15;
2;3;173;110;8.85;1.19;4.18;
2;3;173;297;9.73;1.19;1.62;
2;3;174;99;9.38;1.68;2.15;
2;3;174;110;6.99;1.68;4.18;
2;3;174;114;7.93;1.68;1.15;
2;3;174;297;7.3;1.68;1.62;
2;3;174;299;9.75;1.68;2.09;
2;3;176;108;7.82;2.86;3.16;
2;3;176;110;7.11;2.86;4.18;
2;3;176;114;7.56;2.86;1.15;
2;3;176;297;9.26;2.86;1.62;
2;3;181;296;8.49;1.15;1.26;
2;3;181;297;8.63;1.15;1.62;
2;3;318;54;8.99;1.49;2.19;
2;3;318;56;7.43;1.49;1.34;
2;3;318;299;8.06;1.49;2.09;
2;3;318;300;8.22;1.49;1.93;
2;3;319;54;9.73;1.9;2.19;
2;3;319;56;5.28;1.9;1.34;
2;3;319;58;7.03;1.9;1.18;
2;3;319;296;6.49;1.9;1.26;
2;3;319;297;7.27;1.9;1.62;
2;3;319;299;6.13;1.9;2.09;
2;3;319;300;7.57;1.9;1.93;
2;3;320;54;9.24;3.22;2.19;
2;3;320;56;2.64;3.22;1.34;
2;3;320;58;4.35;3.22;1.18;
2;3;320;296;4.72;3.22;1.26;
2;3;320;297;6.9;3.22;1.62;
2;3;320;299;6.1;3.22;2.09;
2;3;320;300;7.03;3.22;1.93;
2;3;321;43;7.13;3.32;2.1;
2;3;321;51;9.26;3.32;3.19;
2;3;321;54;7.06;3.32;2.19;
2;3;321;56;3.55;3.32;1.34;
2;3;321;58;6.89;3.32;1.18;
2;3;321;296;8.65;3.32;1.26;
2;3;321;299;8.07;3.32;2.09;
2;3;321;300;6.91;3.32;1.93;
2;3;322;43;6.82;2.09;2.1;
2;3;322;54;9.99;2.09;2.19;
2;3;322;56;6.57;2.09;1.34;
2;3;322;58;7.01;2.09;1.18;
2;3;322;296;9.63;2.09;1.26;
2;3;322;300;9.9;2.09;1.93;
2;3;323;43;9.1;1.68;2.1;
2;3;323;56;9.12;1.68;1.34;
2;3;323;58;9.97;1.68;1.18;
3;4;72;296;8.3;0.95;1.26;
3;4;72;297;7.63;0.95;1.62;
3;4;72;299;9.24;0.95;2.09;
3;4;73;114;9.64;1.15;1.15;
3;4;73;296;8.03;1.15;1.26;
3;4;73;297;5.82;1.15;1.62;
3;4;73;299;8.4;1.15;2.09;
3;4;74;56;9.32;1.75;1.34;
3;4;74;94;9.63;1.75;1.64;
3;4;74;114;8.1;1.75;1.15;
3;4;74;294;9.25;1.75;0.88;
3;4;74;296;7.28;1.75;1.26;
3;4;74;297;3.98;1.75;1.62;
3;4;74;299;5.27;1.75;2.09;
3;4;74;300;9.07;1.75;1.93;
3;4;76;54;9.13;0.96;2.19;
3;4;76;56;8.86;0.96;1.34;
3;4;76;297;9.46;0.96;1.62;
3;4;76;299;6.23;0.96;2.09;
3;4;76;300;7.16;0.96;1.93;
3;4;80;50;8.5;0.7;3.4;
3;4;80;51;7.79;0.7;3.19;
3;4;147;94;9.13;1.09;1.64;
3;4;147;99;7.79;1.09;2.15;
3;4;147;111;8.34;1.09;3.4;
3;4;148;94;9.82;1.22;1.64;
3;4;148;99;7.44;1.22;2.15;
3;4;148;100;9.02;1.22;2.81;
3;4;148;111;9.68;1.22;3.4;
3;4;150;99;8.77;2.45;2.15;
3;4;150;100;7.65;2.45;2.81;
3;4;158;91;9.34;1.5;1.57;
3;4;158;94;8.14;1.5;1.64;
3;4;160;54;9.54;1.46;2.19;
3;4;160;91;7.83;1.46;1.57;
3;4;160;300;9.57;1.46;1.93;
3;4;162;50;6.44;1.98;3.4;
3;4;162;51;8.0;1.98;3.19;
3;4;162;54;7.13;1.98;2.19;
3;4;162;300;9.93;1.98;1.93;
3;4;163;48;8.46;1.69;3.62;
3;4;163;50;3.18;1.69;3.4;
3;4;163;51;6.17;1.69;3.19;
3;4;163;54;7.97;1.69;2.19;
3;4;167;50;6.82;0.92;3.4;
3;4;167;51;7.11;0.92;3.19;
3;4;167;54;8.83;0.92;2.19;
3;4;169;54;8.19;1.01;2.19;
3;4;169;91;9.84;1.01;1.57;
3;4;169;299;9.54;1.01;2.09;
3;4;169;300;8.24;1.01;1.93;
3;4;173;99;9.35;1.19;2.15;
3;4;173;110;8.59;1.19;4.18;
3;4;173;111;7.64;1.19;3.4;
3;4;173;297;9.07;1.19;1.62;
3;4;173;299;9.91;1.19;2.09;
3;4;174;99;9.05;1.68;2.15;
3;4;174;109;9.16;1.68;3.69;
3;4;174;110;7.03;1.68;4.18;
3;4;174;111;6.29;1.68;3.4;
3;4;174;114;7.02;1.68;1.15;
3;4;174;297;6.77;1.68;1.62;
3;4;174;299;9.33;1.68;2.09;
3;4;176;108;7.39;2.86;3.16;
3;4;176;109;6.12;2.86;3.69;
3;4;176;110;7.35;2.86;4.18;
3;4;176;111;9.13;2.86;3.4;
3;4;176;114;6.7;2.86;1.15;
3;4;176;294;8.99;2.86;0.88;
3;4;176;297;8.88;2.86;1.62;
3;4;181;58;9.83;1.15;1.18;
3;4;181;294;9.66;1.15;0.88;
3;4;181;296;7.58;1.15;1.26;
3;4;181;297;7.83;1.15;1.62;
3;4;318;51;9.87;1.49;3.19;
3;4;318;54;8.22;1.49;2.19;
3;4;318;56;6.59;1.49;1.34;
3;4;318;58;9.75;1.49;1.18;
3;4;318;296;9.74;1.49;1.26;
3;4;318;299;7.43;1.49;2.09;
3;4;318;300;7.4;1.49;1.93;
3;4;319;54;9.16;1.9;2.19;
3;4;319;56;4.36;1.9;1.34;
3;4;319;58;6.6;1.9;1.18;
3;4;319;296;5.99;1.9;1.26;
3;4;319;297;6.88;1.9;1.62;
3;4;319;299;5.56;1.9;2.09;
3;4;319;300;6.88;1.9;1.93;
3;4;320;54;9.0;3.22;2.19;
3;4;320;56;2.13;3.22;1.34;
3;4;320;58;4.4;3.22;1.18;
3;4;320;294;9.39;3.22;0.88;
3;4;320;296;4.77;3.22;1.26;
3;4;320;297;7.0;3.22;1.62;
3;4;320;299;6.11;3.22;2.09;
3;4;320;300;6.76;3.22;1.93;
3;4;321;43;7.18;3.32;2.1;
3;4;321;51;9.29;3.32;3.19;
3;4;321;54;6.78;3.32;2.19;
3;4;321;56;3.3;3.32;1.34;
3;4;321;58;7.0;3.32;1.18;
3;4;321;296;8.71;3.32;1.26;
3;4;321;299;8.09;3.32;2.09;
3;4;321;300;6.66;3.32;1.93;
3;4;322;43;6.38;2.09;2.1;
3;4;322;54;9.45;2.09;2.19;
3;4;322;56;5.92;2.09;1.34;
3;4;322;58;6.67;2.09;1.18;
3;4;322;296;9.37;2.09;1.26;
3;4;322;299;9.98;2.09;2.09;
3;4;322;300;9.39;2.09;1.93;
3;4;323;43;8.44;1.68;2.1;
3;4;323;56;8.31;1.68;1.34;
3;4;323;58;9.4;1.68;1.18;
4;5;72;296;8.39;0.95;1.26;
4;5;72;297;7.86;0.95;1.62;
4;5;72;299;9.23;0.95;2.09;
4;5;73;114;9.92;1.15;1.15;
4;5;73;296;7.91;1.15;1.26;
4;5;73;297;5.85;1.15;1.62;
4;5;73;299;8.27;1.15;2.09;
4;5;74;56;9.07;1.75;1.34;
4;5;74;94;9.78;1.75;1.64;
4;5;74;114;8.36;1.75;1.15;
4;5;74;294;9.3;1.75;0.88;
4;5;74;296;7.14;1.75;1.26;
4;5;74;297;3.98;1.75;1.62;
4;5;74;299;5.07;1.75;2.09;
4;5;74;300;8.85;1.75;1.93;
4;5;76;54;9.04;0.96;2.19;
4;5;76;56;8.94;0.96;1.34;
4;5;76;297;9.74;0.96;1.62;
4;5;76;299;6.45;0.96;2.09;
4;5;76;300;7.21;0.96;1.93;
4;5;80;50;8.53;0.7;3.4;
4;5;80;51;8.0;0.7;3.19;
4;5;147;94;9.15;1.09;1.64;
4;5;147;99;8.01;1.09;2.15;
4;5;148;94;9.78;1.22;1.64;
4;5;148;99;7.5;1.22;2.15;
4;5;148;100;9.1;1.22;2.81;
4;5;150;99;8.5;2.45;2.15;
4;5;150;100;7.42;2.45;2.81;
4;5;158;91;9.31;1.5;1.57;
4;5;158;94;8.15;1.5;1.64;
4;5;160;54;9.61;1.46;2.19;
4;5;160;91;7.92;1.46;1.57;
4;5;160;300;9.7;1.46;1.93;
4;5;162;50;6.52;1.98;3.4;
4;5;162;51;8.18;1.98;3.19;
4;5;162;54;7.42;1.98;2.19;
4;5;163;48;8.61;1.69;3.62;
4;5;163;50;3.43;1.69;3.4;
4;5;163;51;6.49;1.69;3.19;
4;5;163;54;8.3;1.69;2.19;
4;5;167;50;6.91;0.92;3.4;
4;5;167;51;7.38;0.92;3.19;
4;5;167;54;9.1;0.92;2.19;
4;5;169;54;8.26;1.01;2.19;
4;5;169;91;9.95;1.01;1.57;
4;5;169;299;9.79;1.01;2.09;
4;5;169;300;8.42;1.01;1.93;
4;5;173;99;9.68;1.19;2.15;
4;5;173;110;8.9;1.19;4.18;
4;5;173;297;8.99;1.19;1.62;
4;5;173;299;9.78;1.19;2.09;
4;5;174;99;9.43;1.68;2.15;
4;5;174;110;7.38;1.68;4.18;
4;5;174;114;7.14;1.68;1.15;
4;5;174;297;6.53;1.68;1.62;
4;5;174;299;9.08;1.68;2.09;
4;5;176;110;7.73;2.86;4.18;
4;5;176;114;6.78;2.86;1.15;
4;5;176;294;8.74;2.86;0.88;
4;5;176;297;8.56;2.86;1.62;
4;5;181;58;9.49;1.15;1.18;
4;5;181;294;9.86;1.15;0.88;
4;5;181;296;7.48;1.15;1.26;
4;5;181;297;7.91;1.15;1.62;
4;5;318;51;9.56;1.49;3.19;
4;5;318;54;8.09;1.49;2.19;
4;5;318;56;6.79;1.49;1.34;
4;5;318;299;7.67;1.49;2.09;
4;5;318;300;7.47;1.49;1.93;
4;5;319;54;8.95;1.9;2.19;
4;5;319;56;4.4;1.9;1.34;
4;5;319;58;6.77;1.9;1.18;
4;5;319;296;6.39;1.9;1.26;
4;5;319;297;7.29;1.9;1.62;
4;5;319;299;5.71;1.9;2.09;
4;5;319;300;6.83;1.9;1.93;
4;5;320;54;8.73;3.22;2.19;
4;5;320;56;1.99;3.22;1.34;
4;5;320;58;4.56;3.22;1.18;
4;5;320;294;9.81;3.22;0.88;
4;5;320;296;5.19;3.22;1.26;
4;5;320;297;7.34;3.22;1.62;
4;5;320;299;6.15;3.22;2.09;
4;5;320;300;6.63;3.22;1.93;
4;5;321;43;6.94;3.32;2.1;
4;5;321;51;8.92;3.32;3.19;
4;5;321;54;6.57;3.32;2.19;
4;5;321;56;3.61;3.32;1.34;
4;5;321;58;7.37;3.32;1.18;
4;5;321;296;9.13;3.32;1.26;
4;5;321;299;8.27;3.32;2.09;
4;5;321;300;6.69;3.32;1.93;
4;5;322;43;6.09;2.09;2.1;
4;5;322;51;9.96;2.09;3.19;
4;5;322;54;9.3;2.09;2.19;
4;5;322;56;6.16;2.09;1.34;
4;5;322;58;7.16;2.09;1.18;
4;5;322;296;9.84;2.09;1.26;
4;5;322;300;9.44;2.09;1.93;
4;5;323;43;8.32;1.68;2.1;
4;5;323;51;9.89;1.68;3.19;
4;5;323;56;8.57;1.68;1.34;
4;5;323;58;9.83;1.68;1.18;
5;6;72;296;8.39;0.95;1.26;
5;6;72;297;7.75;0.95;1.62;
5;6;72;299;9.15;0.95;2.09;
5;6;73;114;9.84;1.15;1.15;
5;6;73;296;8.07;1.15;1.26;
5;6;73;297;5.9;1.15;1.62;
5;6;73;299;8.3;1.15;2.09;
5;6;74;56;9.29;1.75;1.34;
5;6;74;94;9.64;1.75;1.64;
5;6;74;114;8.29;1.75;1.15;
5;6;74;294;9.44;1.75;0.88;
5;6;74;296;7.38;1.75;1.26;
5;6;74;297;4.15;1.75;1.62;
5;6;74;299;5.21;1.75;2.09;
5;6;74;300;8.97;1.75;1.93;
5;6;76;54;8.98;0.96;2.19;
5;6;76;56;8.95;0.96;1.34;
5;6;76;297;9.69;0.96;1.62;
5;6;76;299;6.37;0.96;2.09;
5;6;76;300;7.13;0.96;1.93;
5;6;80;50;8.24;0.7;3.4;
5;6;80;51;7.75;0.7;3.19;
5;6;147;94;9.19;1.09;1.64;
5;6;147;99;7.92;1.09;2.15;
5;6;147;111;8.52;1.09;3.4;
5;6;148;94;9.88;1.22;1.64;
5;6;148;99;7.58;1.22;2.15;
5;6;148;100;9.1;1.22;2.81;
5;6;148;111;9.82;1.22;3.4;
5;6;150;99;8.81;2.45;2.15;
5;6;150;100;7.67;2.45;2.81;
5;6;158;91;9.37;1.5;1.57;
5;6;158;94;8.19;1.5;1.64;
5;6;160;54;9.69;1.46;2.19;
5;6;160;91;7.88;1.46;1.57;
5;6;160;300;9.72;1.46;1.93;
5;6;162;50;6.58;1.98;3.4;
5;6;162;51;8.26;1.98;3.19;
5;6;162;54;7.38;1.98;2.19;
5;6;163;48;8.67;1.69;3.62;
5;6;163;50;3.48;1.69;3.4;
5;6;163;51;6.55;1.69;3.19;
5;6;163;54;8.18;1.69;2.19;
5;6;167;50;6.72;0.92;3.4;
5;6;167;51;7.26;0.92;3.19;
5;6;167;54;8.94;0.92;2.19;
5;6;169;54;8.19;1.01;2.19;
5;6;169;91;9.82;1.01;1.57;
5;6;169;299;9.74;1.01;2.09;
5;6;169;300;8.33;1.01;1.93;
5;6;173;99;9.44;1.19;2.15;
5;6;173;110;8.87;1.19;4.18;
5;6;173;111;7.87;1.19;3.4;
5;6;173;297;9.17;1.19;1.62;
5;6;173;299;9.91;1.19;2.09;
5;6;174;99;9.04;1.68;2.15;
5;6;174;110;7.24;1.68;4.18;
5;6;174;111;6.42;1.68;3.4;
5;6;174;114;7.26;1.68;1.15;
5;6;174;297;6.79;1.68;1.62;
5;6;174;299;9.23;1.68;2.09;
5;6;176;108;7.64;2.86;3.16;
5;6;176;110;7.4;2.86;4.18;
5;6;176;111;9.1;2.86;3.4;
5;6;176;114;6.8;2.86;1.15;
5;6;176;294;9.02;2.86;0.88;
5;6;176;297;8.74;2.86;1.62;
5;6;181;58;9.7;1.15;1.18;
5;6;181;294;9.78;1.15;0.88;
5;6;181;296;7.53;1.15;1.26;
5;6;181;297;7.8;1.15;1.62;
5;6;318;51;9.57;1.49;3.19;
5;6;318;54;7.95;1.49;2.19;
5;6;318;56;6.63;1.49;1.34;
5;6;318;58;9.96;1.49;1.18;
5;6;318;296;9.95;1.49;1.26;
5;6;318;299;7.45;1.49;2.09;
5;6;318;300;7.28;1.49;1.93;
5;6;319;54;8.88;1.9;2.19;
5;6;319;56;4.29;1.9;1.34;
5;6;319;58;6.79;1.9;1.18;
5;6;319;296;6.21;1.9;1.26;
5;6;319;297;7.06;1.9;1.62;
5;6;319;299;5.48;1.9;2.09;
5;6;319;300;6.7;1.9;1.93;
5;6;320;54;8.73;3.22;2.19;
5;6;320;56;1.89;3.22;1.34;
5;6;320;58;4.63;3.22;1.18;
5;6;320;294;9.54;3.22;0.88;
5;6;320;296;4.96;3.22;1.26;
5;6;320;297;7.08;3.22;1.62;
5;6;320;299;5.96;3.22;2.09;
5;6;320;300;6.56;3.22;1.93;
5;6;321;43;7.19;3.32;2.1;
5;6;321;51;9.03;3.32;3.19;
5;6;321;54;6.48;3.32;2.19;
5;6;321;56;3.35;3.32;1.34;
5;6;321;58;7.29;3.32;1.18;
5;6;321;296;8.91;3.32;1.26;
5;6;321;299;8.05;3.32;2.09;
5;6;321;300;6.51;3.32;1.93;
5;6;322;43;6.23;2.09;2.1;
5;6;322;51;9.98;2.09;3.19;
5;6;322;54;9.14;2.09;2.19;
5;6;322;56;5.88;2.09;1.34;
5;6;322;58;6.95;2.09;1.18;
5;6;322;296;9.56;2.09;1.26;
5;6;322;299;9.93;2.09;2.09;
5;6;322;300;9.24;2.09;1.93;
5;6;323;43;8.29;1.68;2.1;
5;6;323;51;9.82;1.68;3.19;
5;6;323;56;8.32;1.68;1.34;
5;6;323;58;9.63;1.68;1.18;
1;6;43;321;7.64;2.1;3.32;
1;6;43;322;6.9;2.1;2.09;
1;6;43;323;8.73;2.1;1.68;
1;6;50;80;8.55;3.4;0.7;
1;6;50;162;6.61;3.4;1.98;
1;6;50;163;3.16;3.4;1.69;
1;6;50;167;6.92;3.4;0.92;
1;6;51;80;7.63;3.19;0.7;
1;6;51;162;7.98;3.19;1.98;
1;6;51;163;5.91;3.19;1.69;
1;6;51;167;7.01;3.19;0.92;
1;6;51;321;9.84;3.19;3.32;
1;6;54;76;9.42;2.19;0.96;
1;6;54;160;9.58;2.19;1.46;
1;6;54;162;6.81;2.19;1.98;
1;6;54;163;7.47;2.19;1.69;
1;6;54;167;8.45;2.19;0.92;
1;6;54;169;8.22;2.19;1.01;
1;6;54;318;8.42;2.19;1.49;
1;6;54;319;9.54;2.19;1.9;
1;6;54;320;9.41;2.19;3.22;
1;6;54;321;7.02;2.19;3.32;
1;6;54;322;9.61;2.19;2.09;
1;6;56;74;9.69;1.34;1.75;
1;6;56;76;8.78;1.34;0.96;
1;6;56;318;6.27;1.34;1.49;
1;6;56;319;4.39;1.34;1.9;
1;6;56;320;2.45;1.34;3.22;
1;6;56;321;2.77;1.34;3.32;
1;6;56;322;5.51;1.34;2.09;
1;6;56;323;7.89;1.34;1.68;
1;6;58;318;9.32;1.18;1.49;
1;6;58;319;6.35;1.18;1.9;
1;6;58;320;4.23;1.18;3.22;
1;6;58;321;6.49;1.18;3.32;
1;6;58;322;5.98;1.18;2.09;
1;6;58;323;8.76;1.18;1.68;
1;6;60;320;8.54;0.77;3.22;
1;6;90;160;7.39;2.36;1.46;
1;6;91;158;9.24;1.57;1.5;
1;6;91;160;7.46;1.57;1.46;
1;6;91;169;9.47;1.57;1.01;
1;6;94;74;9.46;1.64;1.75;
1;6;94;147;8.92;1.64;1.09;
1;6;94;148;9.64;1.64;1.22;
1;6;94;149;9.68;1.64;1.98;
1;6;94;158;7.77;1.64;1.5;
1;6;99;147;7.2;2.15;1.09;
1;6;99;148;6.95;2.15;1.22;
1;6;99;149;6.95;2.15;1.98;
1;6;99;150;8.65;2.15;2.45;
1;6;99;173;8.8;2.15;1.19;
1;6;99;174;8.64;2.15;1.68;
1;6;100;147;9.83;2.81;1.09;
1;6;100;148;8.48;2.81;1.22;
1;6;100;149;7.52;2.81;1.98;
1;6;100;150;7.42;2.81;2.45;
1;6;108;176;6.71;3.16;2.86;
1;6;108;177;8.72;3.16;2.66;
1;6;109;174;8.78;3.69;1.68;
1;6;109;176;5.92;3.69;2.86;
1;6;109;177;8.57;3.69;2.66;
1;6;110;173;7.91;4.18;1.19;
1;6;110;174;6.49;4.18;1.68;
1;6;110;176;7.18;4.18;2.86;
1;6;111;74;9.75;3.4;1.75;
1;6;111;147;7.76;3.4;1.09;
1;6;111;148;9.29;3.4;1.22;
1;6;111;173;6.96;3.4;1.19;
1;6;111;174;5.73;3.4;1.68;
1;6;111;176;8.96;3.4;2.86;
1;6;112;173;9.29;2.02;1.19;
1;6;112;174;6.49;2.02;1.68;
1;6;112;176;7.62;2.02;2.86;
1;6;114;73;9.07;1.15;1.15;
1;6;114;74;7.5;1.15;1.75;
1;6;114;174;6.65;1.15;1.68;
1;6;114;176;6.58;1.15;2.86;
1;6;114;177;9.25;1.15;2.66;
1;6;116;176;8.51;0.82;2.86;
1;6;116;177;9.26;0.82;2.66;
1;6;153;149;9.22;2.97;1.98;
1;6;153;150;8.0;2.97;2.45;
1;6;154;149;8.55;2.13;1.98;
1;6;154;150;8.97;2.13;2.45;
1;6;294;73;9.95;0.88;1.15;
1;6;294;74;8.9;0.88;1.75;
1;6;294;176;9.15;0.88;2.86;
1;6;294;177;9.77;0.88;2.66;
1;6;294;181;9.31;0.88;1.15;
1;6;294;320;8.71;0.88;3.22;
1;6;296;73;8.06;1.26;1.15;
1;6;296;74;7.33;1.26;1.75;
1;6;296;181;7.71;1.26;1.15;
1;6;296;318;9.11;1.26;1.49;
1;6;296;319;5.36;1.26;1.9;
1;6;296;320;4.15;1.26;3.22;
1;6;296;321;8.1;1.26;3.32;
1;6;296;322;8.67;1.26;2.09;
1;6;297;73;5.7;1.62;1.15;
1;6;297;74;3.85;1.62;1.75;
1;6;297;76;8.92;1.62;0.96;
1;6;297;173;9.08;1.62;1.19;
1;6;297;174;7.04;1.62;1.68;
1;6;297;176;9.35;1.62;2.86;
1;6;297;181;7.81;1.62;1.15;
1;6;297;318;9.44;1.62;1.49;
1;6;297;319;6.22;1.62;1.9;
1;6;297;320;6.45;1.62;3.22;
1;6;299;73;8.62;2.09;1.15;
1;6;299;74;5.63;2.09;1.75;
1;6;299;76;5.89;2.09;0.96;
1;6;299;169;9.13;2.09;1.01;
1;6;299;174;9.75;2.09;1.68;
1;6;299;318;6.92;2.09;1.49;
1;6;299;319;5.27;2.09;1.9;
1;6;299;320;5.92;2.09;3.22;
1;6;299;321;7.68;2.09;3.32;
1;6;299;322;9.56;2.09;2.09;
1;6;300;74;9.48;1.93;1.75;
1;6;300;76;7.15;1.93;0.96;
1;6;300;160;9.38;1.93;1.46;
1;6;300;162;9.48;1.93;1.98;
1;6;300;169;7.96;1.93;1.01;
1;6;300;318;7.25;1.93;1.49;
1;6;300;319;7.01;1.93;1.9;
1;6;300;320;6.95;1.93;3.22;
1;6;300;321;6.54;1.93;3.32;
1;6;300;322;9.26;1.93;2.09;
