1;2;74;297;9.2;1.19;1.31;
1;2;74;299;7.5;1.19;1.4;
1;2;74;300;9.68;1.19;1.39;
1;2;162;50;7.33;1.49;3.04;
1;2;162;51;9.37;1.49;2.95;
1;2;162;54;9.99;1.49;1.6;
1;2;167;50;8.67;0.94;3.04;
1;2;167;51;9.74;0.94;2.95;
1;2;320;43;9.8;2.66;3.24;
1;2;320;51;8.66;2.66;2.95;
1;2;320;54;6.5;2.66;1.6;
1;2;320;56;4.36;2.66;1.26;
1;2;320;297;9.78;2.66;1.31;
1;2;320;299;6.68;2.66;1.4;
1;2;320;300;5.78;2.66;1.39;
1;2;321;43;8.15;2.6;3.24;
1;2;321;47;8.66;2.6;5.19;
1;2;321;48;9.7;2.6;4.83;
1;2;321;50;8.56;2.6;3.04;
1;2;321;51;4.94;2.6;2.95;
1;2;321;54;5.38;2.6;1.6;
1;2;321;56;6.98;2.6;1.26;
1;2;321;299;9.76;2.6;1.4;
1;2;321;300;7.35;2.6;1.39;
1;2;323;47;9.65;1.45;5.19;
1;2;323;51;8.67;1.45;2.95;
2;3;74;297;8.66;1.19;1.31;
2;3;74;299;8.41;1.19;1.4;
2;3;162;50;5.97;1.49;3.04;
2;3;162;51;7.04;1.49;2.95;
2;3;162;54;8.82;1.49;1.6;
2;3;163;50;5.97;1.66;3.04;
2;3;163;51;8.74;1.66;2.95;
2;3;164;48;9.98;1.37;4.83;
2;3;164;50;6.74;1.37;3.04;
2;3;164;51;9.67;1.37;2.95;
2;3;167;50;9.02;0.94;3.04;
2;3;167;51;8.84;0.94;2.95;
2;3;174;297;9.71;1.16;1.31;
2;3;320;43;8.66;2.66;3.24;
2;3;320;54;8.9;2.66;1.6;
2;3;320;56;5.35;2.66;1.26;
2;3;320;58;7.02;2.66;1.32;
2;3;320;299;8.47;2.66;1.4;
2;3;320;300;8.21;2.66;1.39;
2;3;321;43;6.51;2.6;3.24;
2;3;321;47;8.45;2.6;5.19;
2;3;321;51;6.95;2.6;2.95;
2;3;321;54;8.0;2.6;1.6;
2;3;321;56;7.52;2.6;1.26;
2;3;321;300;9.28;2.6;1.39;
3;4;73;297;9.84;0.99;1.31;
3;4;74;296;9.6;1.19;1.29;
3;4;74;297;7.82;1.19;1.31;
3;4;74;299;7.15;1.19;1.4;
3;4;74;300;9.74;1.19;1.39;
3;4;162;50;5.73;1.49;3.04;
3;4;162;51;7.3;1.49;2.95;
3;4;162;54;8.8;1.49;1.6;
3;4;164;50;6.88;1.37;3.04;
3;4;167;50;8.23;0.94;3.04;
3;4;167;51;8.38;0.94;2.95;
3;4;169;51;9.78;0.89;2.95;
3;4;174;297;8.94;1.16;1.31;
3;4;174;299;9.86;1.16;1.4;
3;4;320;43;8.7;2.66;3.24;
3;4;320;51;9.76;2.66;2.95;
3;4;320;54;7.86;2.66;1.6;
3;4;320;56;4.05;2.66;1.26;
3;4;320;58;6.86;2.66;1.32;
3;4;320;296;8.01;2.66;1.29;
3;4;320;297;9.62;2.66;1.31;
3;4;320;299;7.49;2.66;1.4;
3;4;320;300;6.99;2.66;1.39;
3;4;321;43;6.45;2.6;3.24;
3;4;321;47;8.6;2.6;5.19;
3;4;321;51;6.44;2.6;2.95;
3;4;321;54;6.86;2.6;1.6;
3;4;321;56;6.63;2.6;1.26;
3;4;321;58;9.92;2.6;1.32;
3;4;321;300;8.26;2.6;1.39;
3;4;322;43;6.33;1.9;3.24;
3;4;322;47;9.1;1.9;5.19;
3;4;322;51;9.08;1.9;2.95;
3;4;322;56;9.18;1.9;1.26;
3;4;323;43;9.45;1.45;3.24;
4;5;73;296;9.87;0.99;1.29;
4;5;73;297;8.58;0.99;1.31;
4;5;73;299;9.95;0.99;1.4;
4;5;74;56;9.71;1.19;1.26;
4;5;74;296;8.63;1.19;1.29;
4;5;74;297;6.49;1.19;1.31;
4;5;74;299;6.51;1.19;1.4;
4;5;74;300;9.59;1.19;1.39;
4;5;76;299;9.11;0.79;1.4;
4;5;76;300;9.46;0.79;1.39;
4;5;80;51;9.55;0.76;2.95;
4;5;160;54;9.67;1.06;1.6;
4;5;162;50;5.85;1.49;3.04;
4;5;162;51;7.14;1.49;2.95;
4;5;162;54;7.93;1.49;1.6;
4;5;163;50;6.38;1.66;3.04;
4;5;163;51;9.21;1.66;2.95;
4;5;163;54;9.93;1.66;1.6;
4;5;164;50;6.25;1.37;3.04;
4;5;164;51;9.44;1.37;2.95;
4;5;167;50;7.79;0.94;3.04;
4;5;167;51;7.63;0.94;2.95;
4;5;169;51;9.78;0.89;2.95;
4;5;169;54;9.6;0.89;1.6;
4;5;174;297;8.18;1.16;1.31;
4;5;174;299;9.75;1.16;1.4;
4;5;181;296;9.4;1.14;1.29;
4;5;181;297;9.93;1.14;1.31;
4;5;320;43;9.33;2.66;3.24;
4;5;320;54;8.05;2.66;1.6;
4;5;320;56;2.91;2.66;1.26;
4;5;320;58;5.88;2.66;1.32;
4;5;320;296;6.76;2.66;1.29;
4;5;320;297;8.5;2.66;1.31;
4;5;320;299;6.7;2.66;1.4;
4;5;320;300;6.57;2.66;1.39;
4;5;321;43;6.67;2.6;3.24;
4;5;321;47;9.68;2.6;5.19;
4;5;321;51;7.26;2.6;2.95;
4;5;321;54;6.55;2.6;1.6;
4;5;321;56;5.35;2.6;1.26;
4;5;321;58;8.83;2.6;1.32;
4;5;321;299;9.27;2.6;1.4;
4;5;321;300;7.44;2.6;1.39;
4;5;322;43;6.18;1.9;3.24;
4;5;322;47;9.96;1.9;5.19;
4;5;322;51;9.52;1.9;2.95;
4;5;322;56;7.99;1.9;1.26;
4;5;322;58;8.75;1.9;1.32;
4;5;323;43;8.92;1.45;3.24;
5;6;73;296;9.17;0.99;1.29;
5;6;73;297;8.12;0.99;1.31;
5;6;73;299;9.74;0.99;1.4;
5;6;74;56;9.08;1.19;1.26;
5;6;74;296;7.8;1.19;1.29;
5;6;74;297;5.83;1.19;1.31;
5;6;74;299;6.17;1.19;1.4;
5;6;74;300;9.33;1.19;1.39;
5;6;76;54;9.92;0.79;1.6;
5;6;76;56;9.73;0.79;1.26;
5;6;76;299;8.61;0.79;1.4;
5;6;76;300;8.93;0.79;1.39;
5;6;80;48;9.92;0.76;4.83;
5;6;80;50;9.56;0.76;3.04;
5;6;80;51;8.59;0.76;2.95;
5;6;160;54;8.6;1.06;1.6;
5;6;160;300;9.37;1.06;1.39;
5;6;162;50;4.76;1.49;3.04;
5;6;162;51;6.2;1.49;2.95;
5;6;162;54;7.13;1.49;1.6;
5;6;163;50;5.55;1.66;3.04;
5;6;163;51;8.58;1.66;2.95;
5;6;163;54;9.35;1.66;1.6;
5;6;164;48;9.11;1.37;4.83;
5;6;164;50;5.36;1.37;3.04;
5;6;164;51;8.81;1.37;2.95;
5;6;167;48;9.41;0.94;4.83;
5;6;167;50;6.75;0.94;3.04;
5;6;167;51;6.51;0.94;2.95;
5;6;169;51;8.82;0.89;2.95;
5;6;169;54;8.68;0.89;1.6;
5;6;169;300;9.54;0.89;1.39;
5;6;174;297;7.42;1.16;1.31;
5;6;174;299;9.27;1.16;1.4;
5;6;181;296;9.18;1.14;1.29;
5;6;181;297;9.98;1.14;1.31;
5;6;319;54;9.78;1.59;1.6;
5;6;319;56;5.97;1.59;1.26;
5;6;319;58;7.33;1.59;1.32;
5;6;319;296;8.04;1.59;1.29;
5;6;319;297;9.33;1.59;1.31;
5;6;319;299;7.99;1.59;1.4;
5;6;319;300;8.48;1.59;1.39;
5;6;320;43;8.84;2.66;3.24;
5;6;320;54;8.61;2.66;1.6;
5;6;320;56;3.04;2.66;1.26;
5;6;320;58;5.04;2.66;1.32;
5;6;320;296;6.53;2.66;1.29;
5;6;320;297;8.7;2.66;1.31;
5;6;320;299;7.37;2.66;1.4;
5;6;320;300;7.25;2.66;1.39;
5;6;321;43;5.88;2.6;3.24;
5;6;321;47;9.65;2.6;5.19;
5;6;321;51;7.87;2.6;2.95;
5;6;321;54;7.18;2.6;1.6;
5;6;321;56;5.35;2.6;1.26;
5;6;321;58;8.24;2.6;1.32;
5;6;321;299;9.74;2.6;1.4;
5;6;321;300;8.01;2.6;1.39;
5;6;322;43;5.49;1.9;3.24;
5;6;322;56;8.08;1.9;1.26;
5;6;322;58;8.23;1.9;1.32;
5;6;323;43;8.11;1.45;3.24;
1;6;43;320;9.7;3.24;2.66;
1;6;43;321;6.41;3.24;2.6;
1;6;43;322;6.68;3.24;1.9;
1;6;48;162;9.85;4.83;1.49;
1;6;48;163;9.93;4.83;1.66;
1;6;48;164;8.08;4.83;1.37;
1;6;48;166;9.24;4.83;0.98;
1;6;48;167;9.88;4.83;0.94;
1;6;50;162;5.18;3.04;1.49;
1;6;50;163;4.6;3.04;1.66;
1;6;50;164;4.45;3.04;1.37;
1;6;50;166;7.66;3.04;0.98;
1;6;50;167;7.99;3.04;0.94;
1;6;51;80;9.35;2.95;0.76;
1;6;51;162;5.46;2.95;1.49;
1;6;51;163;7.17;2.95;1.66;
1;6;51;164;7.41;2.95;1.37;
1;6;51;166;8.12;2.95;0.98;
1;6;51;167;6.82;2.95;0.94;
1;6;51;169;9.79;2.95;0.89;
1;6;51;321;9.11;2.95;2.6;
1;6;53;162;6.91;1.43;1.49;
1;6;53;163;6.84;1.43;1.66;
1;6;53;164;9.04;1.43;1.37;
1;6;54;160;8.97;1.6;1.06;
1;6;54;162;6.69;1.6;1.49;
1;6;54;163;8.28;1.6;1.66;
1;6;54;169;9.71;1.6;0.89;
1;6;54;320;9.86;1.6;2.66;
1;6;54;321;8.25;1.6;2.6;
1;6;56;320;3.97;1.26;2.66;
1;6;56;321;5.22;1.26;2.6;
1;6;56;322;8.44;1.26;1.9;
1;6;58;320;4.26;1.32;2.66;
1;6;58;321;7.14;1.32;2.6;
1;6;58;322;7.5;1.32;1.9;
1;6;296;73;9.92;1.29;0.99;
1;6;296;74;8.18;1.29;1.19;
1;6;296;320;5.71;1.29;2.66;
1;6;296;321;9.49;1.29;2.6;
1;6;297;73;9.0;1.31;0.99;
1;6;297;74;6.35;1.31;1.19;
1;6;297;174;8.36;1.31;1.16;
1;6;297;320;8.08;1.31;2.66;
1;6;299;74;7.6;1.4;1.19;
1;6;299;76;9.3;1.4;0.79;
1;6;299;320;7.56;1.4;2.66;
1;6;299;321;9.52;1.4;2.6;
1;6;300;160;9.34;1.39;1.06;
1;6;300;162;9.94;1.39;1.49;
1;6;300;320;8.1;1.39;2.66;
1;6;300;321;8.39;1.39;2.6;
