43;320;8.13;0.52;0.22;
43;321;6.69;0.52;0.27;
48;50;5.38;0.56;0.55;
48;51;5.57;0.56;0.55;
48;163;9.0;0.56;0.1;
48;321;8.81;0.56;0.27;
50;51;3.73;0.55;0.55;
50;54;7.54;0.55;0.4;
50;163;5.28;0.55;0.1;
50;167;8.64;0.55;0.1;
50;321;8.74;0.55;0.27;
51;54;5.86;0.55;0.4;
51;163;8.36;0.55;0.1;
51;167;9.74;0.55;0.1;
51;300;9.84;0.55;0.34;
51;318;8.38;0.55;0.17;
51;320;8.4;0.55;0.22;
51;321;5.08;0.55;0.27;
54;56;6.91;0.4;0.38;
54;299;8.08;0.4;0.32;
54;300;4.37;0.4;0.34;
54;318;9.81;0.4;0.17;
54;320;7.03;0.4;0.22;
54;321;6.41;0.4;0.27;
56;58;6.54;0.38;0.4;
56;74;9.25;0.38;0.18;
56;296;6.19;0.38;0.37;
56;297;7.59;0.38;0.33;
56;299;5.38;0.38;0.32;
56;300;4.76;0.38;0.34;
56;320;4.39;0.38;0.22;
56;321;7.33;0.38;0.27;
58;296;4.88;0.4;0.37;
58;297;8.49;0.4;0.33;
58;320;7.73;0.4;0.22;
73;74;3.8;0.18;0.18;
73;76;8.41;0.18;0.14;
73;147;9.35;0.18;0.12;
73;174;4.98;0.18;0.18;
73;176;7.15;0.18;0.24;
73;181;5.55;0.18;0.24;
73;297;8.82;0.18;0.33;
73;299;9.48;0.18;0.32;
74;76;6.95;0.18;0.14;
74;147;7.73;0.18;0.12;
74;174;4.4;0.18;0.18;
74;176;8.14;0.18;0.24;
74;181;8.53;0.18;0.24;
74;296;9.28;0.18;0.37;
74;297;7.29;0.18;0.33;
74;299;6.19;0.18;0.32;
74;300;8.72;0.18;0.34;
74;318;9.39;0.18;0.17;
74;320;9.15;0.18;0.22;
76;147;9.49;0.14;0.12;
76;160;9.89;0.14;0.09;
76;169;5.85;0.14;0.11;
76;318;4.9;0.14;0.17;
76;320;9.24;0.14;0.22;
76;321;9.8;0.14;0.27;
94;299;8.83;0.17;0.32;
114;176;8.65;0.23;0.24;
114;296;8.82;0.23;0.37;
114;297;6.37;0.23;0.33;
114;299;9.99;0.23;0.32;
147;174;6.8;0.12;0.18;
160;167;8.22;0.09;0.1;
160;169;5.15;0.09;0.11;
163;167;5.71;0.1;0.1;
167;169;6.48;0.1;0.11;
169;318;8.79;0.11;0.17;
174;176;6.0;0.18;0.24;
174;181;9.28;0.18;0.24;
174;297;7.75;0.18;0.33;
174;299;8.65;0.18;0.32;
176;181;7.21;0.24;0.24;
176;296;8.21;0.24;0.37;
176;297;6.21;0.24;0.33;
181;296;9.46;0.24;0.37;
181;297;9.78;0.24;0.33;
296;297;3.75;0.37;0.33;
296;299;7.04;0.37;0.32;
296;300;9.4;0.37;0.34;
296;320;8.92;0.37;0.22;
297;299;5.38;0.33;0.32;
297;300;8.88;0.33;0.34;
299;300;3.87;0.32;0.34;
299;320;8.01;0.32;0.22;
300;320;6.94;0.34;0.22;
300;321;8.57;0.34;0.27;
318;320;6.75;0.17;0.22;
318;321;6.39;0.17;0.27;
320;321;3.87;0.22;0.27;
