43;47;7.57;0.07;0.07;
43;320;9.8;0.07;0.12;
43;321;8.15;0.07;0.11;
47;48;3.72;0.07;0.1;
47;50;8.23;0.07;0.1;
47;51;6.74;0.07;0.1;
47;321;8.66;0.07;0.11;
47;323;9.65;0.07;0.08;
48;50;5.55;0.1;0.1;
48;51;5.85;0.1;0.1;
48;321;9.7;0.1;0.11;
50;51;3.78;0.1;0.1;
50;54;7.61;0.1;0.06;
50;162;7.33;0.1;0.07;
50;167;8.67;0.1;0.06;
50;321;8.56;0.1;0.11;
51;54;5.95;0.1;0.06;
51;162;9.37;0.1;0.07;
51;167;9.74;0.1;0.06;
51;300;9.88;0.1;0.06;
51;320;8.66;0.1;0.12;
51;321;4.94;0.1;0.11;
51;323;8.67;0.1;0.08;
54;56;6.99;0.06;0.06;
54;162;9.99;0.06;0.07;
54;299;8.16;0.06;0.04;
54;300;4.34;0.06;0.06;
54;320;6.5;0.06;0.12;
54;321;5.38;0.06;0.11;
56;297;7.63;0.06;0.06;
56;299;5.25;0.06;0.04;
56;300;4.79;0.06;0.06;
56;320;4.36;0.06;0.12;
56;321;6.98;0.06;0.11;
74;76;6.94;0.1;0.05;
74;147;8.05;0.1;0.05;
74;174;4.41;0.1;0.09;
74;297;9.2;0.1;0.06;
74;299;7.5;0.1;0.04;
74;300;9.68;0.1;0.06;
74;320;9.13;0.1;0.12;
76;147;9.56;0.05;0.05;
76;169;5.78;0.05;0.08;
76;320;9.24;0.05;0.12;
76;321;9.72;0.05;0.11;
76;323;9.04;0.05;0.08;
80;162;9.67;0.01;0.07;
80;167;4.26;0.01;0.06;
80;169;8.62;0.01;0.08;
94;299;8.76;0.05;0.04;
147;174;7.02;0.05;0.09;
162;167;5.5;0.07;0.06;
162;169;7.97;0.07;0.08;
167;169;6.48;0.06;0.08;
297;299;5.38;0.06;0.04;
297;300;9.0;0.06;0.06;
297;320;9.78;0.06;0.12;
299;300;3.91;0.04;0.06;
299;320;6.68;0.04;0.12;
299;321;9.76;0.04;0.11;
300;320;5.78;0.06;0.12;
300;321;7.35;0.06;0.11;
320;321;3.94;0.12;0.11;
320;323;8.07;0.12;0.08;
321;323;6.61;0.11;0.08;
