20;43;9.61;0.22;0.15;
20;44;9.27;0.22;0.16;
20;322;9.56;0.22;0.04;
20;323;7.37;0.22;0.05;
42;43;3.91;0.14;0.15;
42;44;6.75;0.14;0.16;
42;58;8.97;0.14;0.1;
42;320;9.46;0.14;0.04;
42;321;8.2;0.14;0.06;
42;322;6.43;0.14;0.04;
42;323;9.11;0.14;0.05;
43;44;3.76;0.15;0.16;
43;47;7.41;0.15;0.19;
43;318;9.99;0.15;0.05;
43;320;9.16;0.15;0.04;
43;321;6.55;0.15;0.06;
43;322;4.6;0.15;0.04;
43;323;6.71;0.15;0.05;
44;47;5.51;0.16;0.19;
44;48;9.2;0.16;0.2;
44;321;9.63;0.16;0.06;
44;322;7.57;0.16;0.04;
44;323;8.17;0.16;0.05;
47;48;3.79;0.19;0.2;
47;49;6.58;0.19;0.2;
47;50;8.27;0.19;0.16;
47;51;6.56;0.19;0.12;
47;321;9.9;0.19;0.06;
47;322;8.95;0.19;0.04;
47;323;8.5;0.19;0.05;
48;49;3.88;0.2;0.2;
48;50;5.42;0.2;0.16;
48;51;5.49;0.2;0.12;
48;53;8.8;0.2;0.15;
48;80;8.85;0.2;0.05;
48;82;9.53;0.2;0.07;
48;163;9.23;0.2;0.0;
49;50;3.78;0.2;0.16;
49;51;5.24;0.2;0.12;
49;53;5.89;0.2;0.15;
49;54;9.01;0.2;0.08;
49;80;9.79;0.2;0.05;
49;163;6.55;0.2;0.0;
49;167;9.25;0.2;0.03;
50;51;3.72;0.16;0.12;
50;53;5.46;0.16;0.15;
50;54;7.62;0.16;0.08;
50;80;6.61;0.16;0.05;
50;82;9.51;0.16;0.07;
50;163;4.47;0.16;0.0;
50;167;5.51;0.16;0.03;
50;169;9.57;0.16;0.05;
51;53;5.33;0.12;0.15;
51;54;6.0;0.12;0.08;
51;76;9.95;0.12;0.1;
51;80;7.2;0.12;0.05;
51;163;7.89;0.12;0.0;
51;167;7.18;0.12;0.03;
51;169;8.85;0.12;0.05;
51;300;9.91;0.12;0.08;
51;314;9.42;0.12;0.05;
51;318;7.36;0.12;0.05;
51;321;7.97;0.12;0.06;
51;322;8.61;0.12;0.04;
51;323;7.97;0.12;0.05;
53;54;3.81;0.15;0.08;
53;56;9.83;0.15;0.07;
53;163;6.92;0.15;0.0;
53;167;9.0;0.15;0.03;
53;169;9.82;0.15;0.05;
53;300;7.86;0.15;0.08;
53;318;9.58;0.15;0.05;
53;321;7.26;0.15;0.06;
53;322;9.98;0.15;0.04;
54;56;7.02;0.08;0.07;
54;76;7.76;0.08;0.1;
54;91;8.97;0.08;0.06;
54;160;9.55;0.08;0.06;
54;163;9.4;0.08;0.0;
54;167;9.42;0.08;0.03;
54;169;7.62;0.08;0.05;
54;299;8.11;0.08;0.07;
54;300;4.34;0.08;0.08;
54;318;6.81;0.08;0.05;
54;319;7.52;0.08;0.02;
54;320;7.61;0.08;0.04;
54;321;6.07;0.08;0.06;
54;322;8.65;0.08;0.04;
54;323;9.51;0.08;0.05;
56;58;6.57;0.07;0.1;
56;72;9.47;0.07;0.1;
56;74;8.27;0.07;0.1;
56;76;8.74;0.07;0.1;
56;296;6.23;0.07;0.1;
56;297;7.58;0.07;0.06;
56;299;5.3;0.07;0.07;
56;300;4.83;0.07;0.08;
56;318;6.83;0.07;0.05;
56;319;3.71;0.07;0.02;
56;320;1.45;0.07;0.04;
56;321;4.72;0.07;0.06;
56;322;6.5;0.07;0.04;
56;323;8.72;0.07;0.05;
58;72;9.97;0.1;0.1;
58;181;8.75;0.1;0.07;
58;294;9.24;0.1;0.06;
58;296;4.98;0.1;0.1;
58;297;8.62;0.1;0.06;
58;319;7.46;0.1;0.02;
58;320;5.73;0.1;0.04;
58;321;8.71;0.1;0.06;
58;322;8.19;0.1;0.04;
72;73;3.72;0.1;0.08;
72;74;6.35;0.1;0.1;
72;76;7.83;0.1;0.1;
72;174;8.58;0.1;0.09;
72;181;5.52;0.1;0.07;
72;296;8.65;0.1;0.1;
72;297;8.33;0.1;0.06;
72;299;8.72;0.1;0.07;
72;318;8.12;0.1;0.05;
72;319;6.68;0.1;0.02;
72;320;9.81;0.1;0.04;
73;74;3.83;0.08;0.1;
73;76;8.42;0.08;0.1;
73;147;9.28;0.08;0.11;
73;174;4.89;0.08;0.09;
73;176;7.36;0.08;0.04;
73;181;5.68;0.08;0.07;
73;296;8.06;0.08;0.1;
73;297;6.21;0.08;0.06;
73;299;7.46;0.08;0.07;
73;319;8.26;0.08;0.02;
74;76;6.98;0.1;0.1;
74;91;9.69;0.1;0.06;
74;94;9.8;0.1;0.04;
74;114;9.65;0.1;0.07;
74;147;7.72;0.1;0.11;
74;174;4.41;0.1;0.09;
74;176;8.4;0.1;0.04;
74;181;8.6;0.1;0.07;
74;296;7.62;0.1;0.1;
74;297;4.9;0.1;0.06;
74;299;4.13;0.1;0.07;
74;300;7.64;0.1;0.08;
74;318;9.55;0.1;0.05;
74;319;7.46;0.1;0.02;
74;320;9.41;0.1;0.04;
76;147;9.38;0.1;0.11;
76;158;9.85;0.1;0.06;
76;169;5.81;0.1;0.05;
76;299;6.89;0.1;0.07;
76;300;6.69;0.1;0.08;
76;318;5.0;0.1;0.05;
76;319;6.32;0.1;0.02;
76;320;9.59;0.1;0.04;
76;323;9.23;0.1;0.05;
80;82;6.58;0.05;0.07;
80;163;8.73;0.05;0.0;
80;167;4.25;0.05;0.03;
80;169;8.49;0.05;0.05;
80;314;4.93;0.05;0.05;
82;167;8.99;0.07;0.03;
82;314;7.83;0.07;0.05;
90;91;3.84;0.12;0.06;
90;94;6.44;0.12;0.04;
90;158;9.43;0.12;0.06;
90;160;7.8;0.12;0.06;
90;300;9.62;0.12;0.08;
91;94;5.04;0.06;0.04;
91;158;8.96;0.06;0.06;
91;160;8.53;0.06;0.06;
91;299;6.98;0.06;0.07;
91;300;6.38;0.06;0.08;
94;147;9.43;0.04;0.11;
94;158;8.67;0.04;0.06;
94;299;8.88;0.04;0.07;
114;174;8.53;0.07;0.09;
114;176;6.48;0.07;0.04;
114;294;5.35;0.07;0.06;
114;296;8.84;0.07;0.1;
114;297;6.34;0.07;0.06;
147;158;5.74;0.11;0.06;
147;174;6.9;0.11;0.09;
158;160;7.33;0.06;0.06;
158;169;8.53;0.06;0.05;
160;167;8.22;0.06;0.03;
160;169;5.41;0.06;0.05;
163;167;5.72;0.0;0.03;
167;169;6.48;0.03;0.05;
167;314;9.1;0.03;0.05;
169;300;8.67;0.05;0.08;
169;318;8.7;0.05;0.05;
174;176;6.07;0.09;0.04;
174;181;9.22;0.09;0.07;
174;296;9.98;0.09;0.1;
174;297;6.56;0.09;0.06;
174;299;8.07;0.09;0.07;
176;181;7.27;0.04;0.07;
176;294;8.15;0.04;0.06;
176;296;8.7;0.04;0.1;
176;297;6.44;0.04;0.06;
181;296;7.08;0.07;0.1;
181;297;7.5;0.07;0.06;
181;319;9.88;0.07;0.02;
294;296;5.32;0.06;0.1;
294;297;5.52;0.06;0.06;
294;299;9.87;0.06;0.07;
296;297;3.77;0.1;0.06;
296;299;7.06;0.1;0.07;
296;300;9.55;0.1;0.08;
296;319;7.49;0.1;0.02;
296;320;6.51;0.1;0.04;
297;299;5.39;0.06;0.07;
297;300;8.96;0.06;0.08;
297;319;8.42;0.06;0.02;
297;320;8.47;0.06;0.04;
299;300;3.89;0.07;0.08;
299;318;8.4;0.07;0.05;
299;319;6.03;0.07;0.02;
299;320;6.7;0.07;0.04;
299;321;9.38;0.07;0.06;
300;318;7.19;0.08;0.05;
300;319;6.0;0.08;0.02;
300;320;6.09;0.08;0.04;
300;321;7.09;0.08;0.06;
300;322;9.53;0.08;0.04;
318;319;3.82;0.05;0.02;
318;320;6.94;0.05;0.04;
318;321;6.64;0.05;0.06;
318;322;5.79;0.05;0.04;
318;323;4.34;0.05;0.05;
319;320;3.91;0.02;0.04;
319;321;5.79;0.02;0.06;
319;322;5.57;0.02;0.04;
319;323;6.16;0.02;0.05;
320;321;3.96;0.04;0.06;
320;322;5.44;0.04;0.04;
320;323;8.06;0.04;0.05;
321;322;3.75;0.06;0.04;
321;323;6.74;0.06;0.05;
322;323;3.75;0.04;0.05;
