43;320;9.65;0.19;0.17;
43;321;6.85;0.19;0.17;
43;322;6.64;0.19;0.15;
43;323;9.39;0.19;0.13;
50;51;3.78;0.28;0.23;
50;54;7.53;0.28;0.14;
50;162;6.66;0.28;0.1;
50;163;4.07;0.28;0.13;
50;167;8.03;0.28;0.05;
51;54;5.96;0.23;0.14;
51;80;9.73;0.23;0.05;
51;162;8.5;0.23;0.1;
51;163;7.04;0.23;0.13;
51;167;8.66;0.23;0.05;
51;300;9.89;0.23;0.13;
51;318;9.41;0.23;0.14;
51;321;7.58;0.23;0.17;
51;322;9.24;0.23;0.15;
51;323;9.9;0.23;0.13;
54;56;6.95;0.14;0.13;
54;91;8.98;0.14;0.09;
54;162;8.62;0.14;0.1;
54;163;9.48;0.14;0.13;
54;169;9.8;0.14;0.07;
54;299;8.02;0.14;0.11;
54;300;4.32;0.14;0.13;
54;318;9.09;0.14;0.14;
54;319;9.14;0.14;0.18;
54;320;8.2;0.14;0.17;
54;321;6.49;0.14;0.17;
54;322;9.73;0.14;0.15;
56;58;6.54;0.13;0.14;
56;74;9.91;0.13;0.13;
56;296;6.16;0.13;0.13;
56;297;7.58;0.13;0.15;
56;299;5.36;0.13;0.11;
56;300;4.8;0.13;0.13;
56;318;8.55;0.13;0.14;
56;319;5.82;0.13;0.18;
56;320;2.61;0.13;0.17;
56;321;4.64;0.13;0.17;
56;322;7.39;0.13;0.15;
58;294;9.17;0.14;0.1;
58;296;5.04;0.14;0.13;
58;297;8.69;0.14;0.15;
58;319;8.32;0.14;0.18;
58;320;5.61;0.14;0.17;
58;321;8.21;0.14;0.17;
58;322;8.47;0.14;0.15;
73;74;3.74;0.16;0.13;
73;76;8.41;0.16;0.1;
73;147;9.4;0.16;0.06;
73;174;4.92;0.16;0.14;
73;176;7.44;0.16;0.16;
73;181;5.64;0.16;0.17;
73;296;9.43;0.16;0.13;
73;297;7.39;0.16;0.15;
73;299;9.11;0.16;0.11;
73;319;8.3;0.16;0.18;
74;76;6.97;0.13;0.1;
74;114;9.87;0.13;0.13;
74;147;7.88;0.13;0.06;
74;174;4.49;0.13;0.14;
74;176;8.47;0.13;0.16;
74;181;8.45;0.13;0.17;
74;296;8.62;0.13;0.13;
74;297;5.82;0.13;0.15;
74;299;5.91;0.13;0.11;
74;300;9.28;0.13;0.13;
74;318;9.45;0.13;0.14;
74;319;7.49;0.13;0.18;
74;320;9.45;0.13;0.17;
76;147;9.64;0.1;0.06;
76;158;9.91;0.1;0.04;
76;169;5.8;0.1;0.07;
76;299;8.26;0.1;0.11;
76;300;8.95;0.1;0.13;
76;318;4.9;0.1;0.14;
76;319;6.35;0.1;0.18;
76;320;9.58;0.1;0.17;
76;323;9.21;0.1;0.13;
80;162;9.41;0.05;0.1;
80;163;8.79;0.05;0.13;
80;167;4.27;0.05;0.05;
80;169;8.47;0.05;0.07;
91;94;5.02;0.09;0.06;
91;160;9.74;0.09;0.05;
91;299;6.86;0.09;0.11;
91;300;6.35;0.09;0.13;
94;158;9.79;0.06;0.04;
94;299;8.8;0.06;0.11;
114;174;8.97;0.13;0.14;
114;176;6.76;0.13;0.16;
114;294;5.34;0.13;0.1;
114;296;8.71;0.13;0.13;
114;297;6.18;0.13;0.15;
147;158;5.65;0.06;0.04;
147;174;6.98;0.06;0.14;
158;160;7.28;0.04;0.05;
158;169;8.52;0.04;0.07;
160;162;6.46;0.05;0.1;
160;167;8.2;0.05;0.05;
160;169;5.36;0.05;0.07;
162;163;3.81;0.1;0.13;
162;167;5.28;0.1;0.05;
162;169;7.95;0.1;0.07;
163;167;5.71;0.13;0.05;
167;169;6.47;0.05;0.07;
169;318;8.72;0.07;0.14;
174;176;6.07;0.14;0.16;
174;181;9.14;0.14;0.17;
174;297;7.83;0.14;0.15;
174;299;9.57;0.14;0.11;
176;181;7.25;0.16;0.17;
176;294;9.17;0.16;0.1;
176;296;9.98;0.16;0.13;
176;297;7.6;0.16;0.15;
181;296;8.39;0.17;0.13;
181;297;8.22;0.17;0.15;
181;319;9.82;0.17;0.18;
294;296;5.3;0.1;0.13;
294;297;5.51;0.1;0.15;
294;299;9.8;0.1;0.11;
296;297;3.75;0.13;0.15;
296;299;7.01;0.13;0.11;
296;300;9.41;0.13;0.13;
296;319;7.79;0.13;0.18;
296;320;6.04;0.13;0.17;
296;321;9.82;0.13;0.17;
297;299;5.38;0.15;0.11;
297;300;8.87;0.15;0.13;
297;319;8.33;0.15;0.18;
297;320;7.81;0.15;0.17;
299;300;3.84;0.11;0.13;
299;318;9.11;0.11;0.14;
299;319;6.72;0.11;0.18;
299;320;6.41;0.11;0.17;
299;321;8.81;0.11;0.17;
300;318;8.92;0.13;0.14;
300;319;7.52;0.13;0.18;
300;320;6.5;0.13;0.17;
300;321;7.12;0.13;0.17;
318;319;3.77;0.14;0.18;
318;320;6.85;0.14;0.17;
318;321;6.6;0.14;0.17;
318;322;5.75;0.14;0.15;
318;323;4.42;0.14;0.13;
319;320;3.82;0.18;0.17;
319;321;5.68;0.18;0.17;
319;322;5.51;0.18;0.15;
319;323;6.12;0.18;0.13;
320;321;3.89;0.17;0.17;
320;322;5.37;0.17;0.15;
320;323;7.92;0.17;0.13;
321;322;3.73;0.17;0.15;
321;323;6.67;0.17;0.13;
322;323;3.62;0.15;0.13;
