43;321;7.55;0.13;0.09;
43;322;6.18;0.13;0.09;
43;323;8.43;0.13;0.08;
50;51;3.76;0.09;0.1;
50;54;7.64;0.09;0.05;
50;80;8.46;0.09;0.06;
50;163;4.66;0.09;0.08;
50;167;7.28;0.09;0.07;
51;54;6.0;0.1;0.05;
51;80;8.49;0.1;0.06;
51;163;7.82;0.1;0.08;
51;167;8.27;0.1;0.07;
51;300;9.95;0.1;0.04;
51;318;8.73;0.1;0.07;
51;321;7.98;0.1;0.09;
51;322;8.71;0.1;0.09;
51;323;8.67;0.1;0.08;
54;56;6.97;0.05;0.05;
54;76;8.67;0.05;0.06;
54;91;8.95;0.05;0.04;
54;163;9.3;0.05;0.08;
54;167;9.81;0.05;0.07;
54;169;8.68;0.05;0.04;
54;299;8.08;0.05;0.02;
54;300;4.27;0.05;0.04;
54;318;7.12;0.05;0.07;
54;319;7.81;0.05;0.08;
54;320;7.47;0.05;0.13;
54;321;5.24;0.05;0.09;
54;322;7.98;0.05;0.09;
54;323;9.18;0.05;0.08;
56;58;6.46;0.05;0.06;
56;74;9.19;0.05;0.08;
56;76;9.45;0.05;0.06;
56;296;6.25;0.05;0.02;
56;297;7.58;0.05;0.01;
56;299;5.16;0.05;0.02;
56;300;4.83;0.05;0.04;
56;318;6.93;0.05;0.07;
56;319;4.09;0.05;0.08;
56;320;0.66;0.05;0.13;
56;321;3.75;0.05;0.09;
56;322;5.68;0.05;0.09;
56;323;8.28;0.05;0.08;
58;181;9.3;0.06;0.05;
58;294;9.03;0.06;0.03;
58;296;4.86;0.06;0.02;
58;297;8.55;0.06;0.01;
58;299;9.9;0.06;0.02;
58;319;7.75;0.06;0.08;
58;320;5.9;0.06;0.13;
58;321;8.54;0.06;0.09;
58;322;7.95;0.06;0.09;
72;73;3.74;0.07;0.04;
72;74;6.32;0.07;0.08;
72;76;7.9;0.07;0.06;
72;173;8.41;0.07;0.03;
72;174;8.6;0.07;0.07;
72;181;5.5;0.07;0.05;
72;296;8.51;0.07;0.02;
72;297;7.64;0.07;0.01;
72;299;8.44;0.07;0.02;
72;318;8.09;0.07;0.07;
72;319;6.71;0.07;0.08;
72;320;9.77;0.07;0.13;
73;74;3.76;0.04;0.08;
73;76;8.49;0.04;0.06;
73;114;9.92;0.04;0.06;
73;147;9.56;0.04;0.05;
73;173;5.56;0.04;0.03;
73;174;4.9;0.04;0.07;
73;176;8.01;0.04;0.03;
73;177;9.71;0.04;0.05;
73;181;5.75;0.04;0.05;
73;296;8.22;0.04;0.02;
73;297;5.81;0.04;0.01;
73;299;7.59;0.04;0.02;
73;319;8.24;0.04;0.08;
74;76;7.03;0.08;0.06;
74;91;9.45;0.08;0.04;
74;94;8.84;0.08;0.04;
74;114;8.73;0.08;0.06;
74;147;8.11;0.08;0.05;
74;173;5.38;0.08;0.03;
74;174;4.4;0.08;0.07;
74;176;9.29;0.08;0.03;
74;181;8.61;0.08;0.05;
74;296;7.95;0.08;0.02;
74;297;4.71;0.08;0.01;
74;299;4.69;0.08;0.02;
74;300;8.31;0.08;0.04;
74;318;9.47;0.08;0.07;
74;319;7.42;0.08;0.08;
74;320;9.18;0.08;0.13;
76;91;9.96;0.06;0.04;
76;147;9.65;0.06;0.05;
76;158;9.86;0.06;0.05;
76;169;5.77;0.06;0.04;
76;173;9.0;0.06;0.03;
76;299;6.72;0.06;0.02;
76;300;7.04;0.06;0.04;
76;318;5.05;0.06;0.07;
76;319;6.42;0.06;0.08;
76;320;9.55;0.06;0.13;
76;323;9.12;0.06;0.08;
80;163;8.78;0.06;0.08;
80;167;4.17;0.06;0.07;
80;169;8.54;0.06;0.04;
90;91;3.8;0.05;0.04;
90;94;6.46;0.05;0.04;
90;158;9.99;0.05;0.05;
90;160;7.8;0.05;0.06;
90;300;9.58;0.05;0.04;
91;94;5.07;0.04;0.04;
91;158;9.63;0.04;0.05;
91;160;8.52;0.04;0.06;
91;169;9.95;0.04;0.04;
91;299;7.07;0.04;0.02;
91;300;6.34;0.04;0.04;
94;99;9.03;0.04;0.12;
94;147;8.98;0.04;0.05;
94;148;9.98;0.04;0.05;
94;158;8.5;0.04;0.05;
94;174;9.4;0.04;0.07;
94;299;8.93;0.04;0.02;
99;100;3.76;0.12;0.14;
99;110;8.15;0.12;0.11;
99;111;4.39;0.12;0.1;
99;147;7.98;0.12;0.05;
99;148;7.92;0.12;0.05;
99;150;9.36;0.12;0.09;
99;153;7.28;0.12;0.15;
99;173;9.17;0.12;0.03;
99;174;8.64;0.12;0.07;
100;110;9.55;0.14;0.11;
100;111;6.74;0.14;0.1;
100;148;9.26;0.14;0.05;
100;150;8.16;0.14;0.09;
100;153;4.74;0.14;0.15;
109;110;4.01;0.34;0.11;
109;111;6.92;0.34;0.1;
109;114;9.69;0.34;0.06;
109;174;9.92;0.34;0.07;
109;176;6.36;0.34;0.03;
109;177;8.63;0.34;0.05;
110;111;3.96;0.11;0.1;
110;173;9.29;0.11;0.03;
110;174;7.58;0.11;0.07;
110;176;7.08;0.11;0.03;
111;114;9.1;0.1;0.06;
111;147;8.99;0.1;0.05;
111;173;7.98;0.1;0.03;
111;174;6.35;0.1;0.07;
111;176;8.52;0.1;0.03;
114;174;7.48;0.06;0.07;
114;176;6.18;0.06;0.03;
114;177;8.67;0.06;0.05;
114;294;5.64;0.06;0.03;
114;296;9.06;0.06;0.02;
114;297;6.49;0.06;0.01;
147;148;3.82;0.05;0.05;
147;158;5.65;0.05;0.05;
147;173;4.35;0.05;0.03;
147;174;7.15;0.05;0.07;
148;150;6.69;0.05;0.09;
148;158;4.9;0.05;0.05;
148;173;8.04;0.05;0.03;
150;153;8.31;0.09;0.15;
150;158;9.85;0.09;0.05;
158;160;7.36;0.05;0.06;
158;169;8.52;0.05;0.04;
158;173;9.45;0.05;0.03;
160;167;8.22;0.06;0.07;
160;169;5.32;0.06;0.04;
163;167;5.78;0.08;0.07;
167;169;6.46;0.07;0.04;
169;300;9.0;0.04;0.04;
169;318;8.83;0.04;0.07;
173;174;3.82;0.03;0.07;
173;176;9.94;0.03;0.03;
173;297;9.51;0.03;0.01;
173;299;9.76;0.03;0.02;
174;176;6.65;0.07;0.03;
174;177;9.95;0.07;0.05;
174;181;9.39;0.07;0.05;
174;297;6.9;0.07;0.01;
174;299;8.79;0.07;0.02;
176;177;3.83;0.03;0.05;
176;181;7.93;0.03;0.05;
176;294;8.68;0.03;0.03;
176;297;8.06;0.03;0.01;
177;181;7.03;0.05;0.05;
177;294;8.97;0.05;0.03;
177;297;9.49;0.05;0.01;
181;294;9.58;0.05;0.03;
181;296;6.95;0.05;0.02;
181;297;7.05;0.05;0.01;
181;319;9.74;0.05;0.08;
294;296;5.28;0.03;0.02;
294;297;5.52;0.03;0.01;
294;299;9.72;0.03;0.02;
296;297;3.81;0.02;0.01;
296;299;6.84;0.02;0.02;
296;300;9.56;0.02;0.04;
296;319;7.01;0.02;0.08;
296;320;5.88;0.02;0.13;
296;321;9.77;0.02;0.09;
297;299;5.18;0.01;0.02;
297;300;8.89;0.01;0.04;
297;319;7.46;0.01;0.08;
297;320;7.44;0.01;0.13;
299;300;3.94;0.02;0.04;
299;318;7.44;0.02;0.07;
299;319;4.98;0.02;0.08;
299;320;5.39;0.02;0.13;
299;321;8.0;0.02;0.09;
299;322;9.64;0.02;0.09;
300;318;6.78;0.04;0.07;
300;319;5.71;0.04;0.08;
300;320;5.37;0.04;0.13;
300;321;5.84;0.04;0.09;
300;322;8.48;0.04;0.09;
300;323;9.85;0.04;0.08;
318;319;3.75;0.07;0.08;
318;320;6.85;0.07;0.13;
318;321;6.54;0.07;0.09;
318;322;5.6;0.07;0.09;
318;323;4.18;0.07;0.08;
319;320;3.84;0.08;0.13;
319;321;5.67;0.08;0.09;
319;322;5.39;0.08;0.09;
319;323;6.0;0.08;0.08;
320;321;3.94;0.13;0.09;
320;322;5.41;0.13;0.09;
320;323;8.01;0.13;0.08;
321;322;3.77;0.09;0.09;
321;323;6.75;0.09;0.08;
322;323;3.7;0.09;0.08;
