1;2;73;296;9.43;1.22;1.58;
1;2;73;297;7.39;1.22;1.93;
1;2;73;299;9.11;1.22;2.36;
1;2;74;56;9.91;1.68;1.45;
1;2;74;114;9.87;1.68;1.51;
1;2;74;296;8.62;1.68;1.58;
1;2;74;297;5.82;1.68;1.93;
1;2;74;299;5.91;1.68;2.36;
1;2;74;300;9.28;1.68;2.27;
1;2;76;299;8.26;0.99;2.36;
1;2;76;300;8.95;0.99;2.27;
1;2;80;51;9.73;0.76;3.93;
1;2;158;94;9.79;1.23;1.59;
1;2;160;91;9.74;1.44;1.5;
1;2;162;50;6.66;1.69;3.33;
1;2;162;51;8.5;1.69;3.93;
1;2;162;54;8.62;1.69;2.57;
1;2;163;50;4.07;1.54;3.33;
1;2;163;51;7.04;1.54;3.93;
1;2;163;54;9.48;1.54;2.57;
1;2;167;50;8.03;0.91;3.33;
1;2;167;51;8.66;0.91;3.93;
1;2;169;54;9.8;0.88;2.57;
1;2;174;114;8.97;1.73;1.51;
1;2;174;297;7.83;1.73;1.93;
1;2;174;299;9.57;1.73;2.36;
1;2;176;114;6.76;2.66;1.51;
1;2;176;294;9.17;2.66;0.94;
1;2;176;296;9.98;2.66;1.58;
1;2;176;297;7.6;2.66;1.93;
1;2;181;296;8.39;1.38;1.58;
1;2;181;297;8.22;1.38;1.93;
1;2;318;51;9.41;1.63;3.93;
1;2;318;54;9.09;1.63;2.57;
1;2;318;56;8.55;1.63;1.45;
1;2;318;299;9.11;1.63;2.36;
1;2;318;300;8.92;1.63;2.27;
1;2;319;54;9.14;1.99;2.57;
1;2;319;56;5.82;1.99;1.45;
1;2;319;58;8.32;1.99;1.41;
1;2;319;296;7.79;1.99;1.58;
1;2;319;297;8.33;1.99;1.93;
1;2;319;299;6.72;1.99;2.36;
1;2;319;300;7.52;1.99;2.27;
1;2;320;43;9.65;4.16;1.99;
1;2;320;54;8.2;4.16;2.57;
1;2;320;56;2.61;4.16;1.45;
1;2;320;58;5.61;4.16;1.41;
1;2;320;296;6.04;4.16;1.58;
1;2;320;297;7.81;4.16;1.93;
1;2;320;299;6.41;4.16;2.36;
1;2;320;300;6.5;4.16;2.27;
1;2;321;43;6.85;4.63;1.99;
1;2;321;51;7.58;4.63;3.93;
1;2;321;54;6.49;4.63;2.57;
1;2;321;56;4.64;4.63;1.45;
1;2;321;58;8.21;4.63;1.41;
1;2;321;296;9.82;4.63;1.58;
1;2;321;299;8.81;4.63;2.36;
1;2;321;300;7.12;4.63;2.27;
1;2;322;43;6.64;2.64;1.99;
1;2;322;51;9.24;2.64;3.93;
1;2;322;54;9.73;2.64;2.57;
1;2;322;56;7.39;2.64;1.45;
1;2;322;58;8.47;2.64;1.41;
1;2;323;43;9.39;1.74;1.99;
1;2;323;51;9.9;1.74;3.93;
2;3;73;296;9.36;1.22;1.58;
2;3;73;297;7.42;1.22;1.93;
2;3;73;299;9.05;1.22;2.36;
2;3;74;56;9.74;1.68;1.45;
2;3;74;114;9.99;1.68;1.51;
2;3;74;296;8.55;1.68;1.58;
2;3;74;297;5.83;1.68;1.93;
2;3;74;299;5.82;1.68;2.36;
2;3;74;300;9.13;1.68;2.27;
2;3;76;54;9.99;0.99;2.57;
2;3;76;299;8.3;0.99;2.36;
2;3;76;300;8.88;0.99;2.27;
2;3;80;50;9.9;0.76;3.33;
2;3;80;51;9.78;0.76;3.93;
2;3;158;94;9.76;1.23;1.59;
2;3;160;91;9.69;1.44;1.5;
2;3;162;50;6.86;1.69;3.33;
2;3;162;51;8.76;1.69;3.93;
2;3;162;54;8.81;1.69;2.57;
2;3;163;50;4.38;1.54;3.33;
2;3;163;51;7.41;1.54;3.93;
2;3;163;54;9.69;1.54;2.57;
2;3;167;50;8.03;0.91;3.33;
2;3;167;51;8.8;0.91;3.93;
2;3;169;54;9.76;0.88;2.57;
2;3;174;114;9.02;1.73;1.51;
2;3;174;297;7.71;1.73;1.93;
2;3;174;299;9.46;1.73;2.36;
2;3;176;114;6.96;2.66;1.51;
2;3;176;294;9.1;2.66;0.94;
2;3;176;296;9.76;2.66;1.58;
2;3;176;297;7.49;2.66;1.93;
2;3;181;296;8.35;1.38;1.58;
2;3;181;297;8.33;1.38;1.93;
2;3;318;51;9.11;1.63;3.93;
2;3;318;54;8.9;1.63;2.57;
2;3;318;56;8.58;1.63;1.45;
2;3;318;299;9.22;1.63;2.36;
2;3;318;300;8.88;1.63;2.27;
2;3;319;54;8.91;1.99;2.57;
2;3;319;56;5.75;1.99;1.45;
2;3;319;58;8.38;1.99;1.41;
2;3;319;296;8.0;1.99;1.58;
2;3;319;297;8.58;1.99;1.93;
2;3;319;299;6.82;1.99;2.36;
2;3;319;300;7.42;1.99;2.27;
2;3;320;43;9.4;4.16;1.99;
2;3;320;54;7.99;4.16;2.57;
2;3;320;56;2.58;4.16;1.45;
2;3;320;58;5.75;4.16;1.41;
2;3;320;296;6.32;4.16;1.58;
2;3;320;297;8.08;4.16;1.93;
2;3;320;299;6.53;4.16;2.36;
2;3;320;300;6.44;4.16;2.27;
2;3;321;43;6.76;4.63;1.99;
2;3;321;51;7.28;4.63;3.93;
2;3;321;54;6.3;4.63;2.57;
2;3;321;56;4.83;4.63;1.45;
2;3;321;58;8.51;4.63;1.41;
2;3;321;299;8.97;4.63;2.36;
2;3;321;300;7.14;4.63;2.27;
2;3;322;43;6.42;2.64;1.99;
2;3;322;51;8.88;2.64;3.93;
2;3;322;54;9.53;2.64;2.57;
2;3;322;56;7.48;2.64;1.45;
2;3;322;58;8.77;2.64;1.41;
2;3;323;43;9.23;1.74;1.99;
2;3;323;51;9.55;1.74;3.93;
3;4;73;296;9.77;1.22;1.58;
3;4;73;297;7.8;1.22;1.93;
3;4;73;299;9.42;1.22;2.36;
3;4;74;296;8.85;1.68;1.58;
3;4;74;297;6.13;1.68;1.93;
3;4;74;299;6.21;1.68;2.36;
3;4;74;300;9.49;1.68;2.27;
3;4;76;299;8.55;0.99;2.36;
3;4;76;300;9.2;0.99;2.27;
3;4;80;51;9.87;0.76;3.93;
3;4;158;94;9.98;1.23;1.59;
3;4;160;91;9.79;1.44;1.5;
3;4;162;50;6.71;1.69;3.33;
3;4;162;51;8.53;1.69;3.93;
3;4;162;54;8.66;1.69;2.57;
3;4;163;50;4.14;1.54;3.33;
3;4;163;51;7.1;1.54;3.93;
3;4;163;54;9.53;1.54;2.57;
3;4;167;50;8.09;0.91;3.33;
3;4;167;51;8.75;0.91;3.93;
3;4;169;54;9.92;0.88;2.57;
3;4;174;114;9.37;1.73;1.51;
3;4;174;297;8.09;1.73;1.93;
3;4;174;299;9.8;1.73;2.36;
3;4;176;114;7.28;2.66;1.51;
3;4;176;297;7.83;2.66;1.93;
3;4;181;296;8.79;1.38;1.58;
3;4;181;297;8.63;1.38;1.93;
3;4;318;51;9.44;1.63;3.93;
3;4;318;54;9.27;1.63;2.57;
3;4;318;56;8.84;1.63;1.45;
3;4;318;299;9.37;1.63;2.36;
3;4;318;300;9.17;1.63;2.27;
3;4;319;54;9.27;1.99;2.57;
3;4;319;56;6.12;1.99;1.45;
3;4;319;58;8.52;1.99;1.41;
3;4;319;296;8.07;1.99;1.58;
3;4;319;297;8.59;1.99;1.93;
3;4;319;299;6.98;1.99;2.36;
3;4;319;300;7.75;1.99;2.27;
3;4;320;43;9.6;4.16;1.99;
3;4;320;54;8.33;4.16;2.57;
3;4;320;56;2.95;4.16;1.45;
3;4;320;58;5.65;4.16;1.41;
3;4;320;296;6.17;4.16;1.58;
3;4;320;297;7.92;4.16;1.93;
3;4;320;299;6.55;4.16;2.36;
3;4;320;300;6.69;4.16;2.27;
3;4;321;43;6.82;4.63;1.99;
3;4;321;51;7.53;4.63;3.93;
3;4;321;54;6.6;4.63;2.57;
3;4;321;56;4.83;4.63;1.45;
3;4;321;58;8.28;4.63;1.41;
3;4;321;296;9.92;4.63;1.58;
3;4;321;299;8.9;4.63;2.36;
3;4;321;300;7.25;4.63;2.27;
3;4;322;43;6.76;2.64;1.99;
3;4;322;51;9.24;2.64;3.93;
3;4;322;54;9.87;2.64;2.57;
3;4;322;56;7.67;2.64;1.45;
3;4;322;58;8.72;2.64;1.41;
3;4;323;43;9.61;1.74;1.99;
3;4;323;51;9.95;1.74;3.93;
4;5;73;296;9.59;1.22;1.58;
4;5;73;297;7.54;1.22;1.93;
4;5;73;299;9.13;1.22;2.36;
4;5;74;56;9.98;1.68;1.45;
4;5;74;296;8.82;1.68;1.58;
4;5;74;297;6.03;1.68;1.93;
4;5;74;299;5.97;1.68;2.36;
4;5;74;300;9.27;1.68;2.27;
4;5;76;299;8.41;0.99;2.36;
4;5;76;300;9.04;0.99;2.27;
4;5;80;51;9.92;0.76;3.93;
4;5;158;94;9.88;1.23;1.59;
4;5;160;91;9.83;1.44;1.5;
4;5;162;50;6.87;1.69;3.33;
4;5;162;51;8.79;1.69;3.93;
4;5;162;54;8.88;1.69;2.57;
4;5;163;50;4.38;1.54;3.33;
4;5;163;51;7.39;1.54;3.93;
4;5;163;54;9.72;1.54;2.57;
4;5;167;50;8.15;0.91;3.33;
4;5;167;51;8.91;0.91;3.93;
4;5;169;54;9.94;0.88;2.57;
4;5;174;114;9.14;1.73;1.51;
4;5;174;297;7.95;1.73;1.93;
4;5;174;299;9.61;1.73;2.36;
4;5;176;114;6.9;2.66;1.51;
4;5;176;294;9.28;2.66;0.94;
4;5;176;296;9.95;2.66;1.58;
4;5;176;297;7.57;2.66;1.93;
4;5;181;296;8.44;1.38;1.58;
4;5;181;297;8.26;1.38;1.93;
4;5;318;51;9.23;1.63;3.93;
4;5;318;54;9.01;1.63;2.57;
4;5;318;56;8.7;1.63;1.45;
4;5;318;299;9.19;1.63;2.36;
4;5;318;300;8.94;1.63;2.27;
4;5;319;54;8.97;1.99;2.57;
4;5;319;56;5.89;1.99;1.45;
4;5;319;58;8.58;1.99;1.41;
4;5;319;296;8.03;1.99;1.58;
4;5;319;297;8.49;1.99;1.93;
4;5;319;299;6.72;1.99;2.36;
4;5;319;300;7.44;1.99;2.27;
4;5;320;43;9.61;4.16;1.99;
4;5;320;54;8.0;4.16;2.57;
4;5;320;56;2.61;4.16;1.45;
4;5;320;58;5.87;4.16;1.41;
4;5;320;296;6.24;4.16;1.58;
4;5;320;297;7.9;4.16;1.93;
4;5;320;299;6.32;4.16;2.36;
4;5;320;300;6.35;4.16;2.27;
4;5;321;43;6.92;4.63;1.99;
4;5;321;51;7.3;4.63;3.93;
4;5;321;54;6.29;4.63;2.57;
4;5;321;56;4.75;4.63;1.45;
4;5;321;58;8.49;4.63;1.41;
4;5;321;299;8.79;4.63;2.36;
4;5;321;300;7.04;4.63;2.27;
4;5;322;43;6.68;2.64;1.99;
4;5;322;51;8.95;2.64;3.93;
4;5;322;54;9.57;2.64;2.57;
4;5;322;56;7.45;2.64;1.45;
4;5;322;58;8.76;2.64;1.41;
4;5;323;43;9.5;1.74;1.99;
4;5;323;51;9.66;1.74;3.93;
5;6;73;296;9.54;1.22;1.58;
5;6;73;297;7.51;1.22;1.93;
5;6;73;299;9.14;1.22;2.36;
5;6;74;296;8.79;1.68;1.58;
5;6;74;297;6.01;1.68;1.93;
5;6;74;299;5.99;1.68;2.36;
5;6;74;300;9.31;1.68;2.27;
5;6;76;299;8.33;0.99;2.36;
5;6;76;300;8.99;0.99;2.27;
5;6;158;94;9.94;1.23;1.59;
5;6;160;91;9.79;1.44;1.5;
5;6;162;50;6.88;1.69;3.33;
5;6;162;51;8.72;1.69;3.93;
5;6;162;54;8.79;1.69;2.57;
5;6;163;50;4.31;1.54;3.33;
5;6;163;51;7.28;1.54;3.93;
5;6;163;54;9.6;1.54;2.57;
5;6;167;50;8.11;0.91;3.33;
5;6;167;51;8.81;0.91;3.93;
5;6;169;54;9.91;0.88;2.57;
5;6;174;114;9.18;1.73;1.51;
5;6;174;297;7.99;1.73;1.93;
5;6;174;299;9.68;1.73;2.36;
5;6;176;114;6.96;2.66;1.51;
5;6;176;294;9.35;2.66;0.94;
5;6;176;297;7.67;2.66;1.93;
5;6;181;296;8.44;1.38;1.58;
5;6;181;297;8.27;1.38;1.93;
5;6;318;51;9.35;1.63;3.93;
5;6;318;54;9.03;1.63;2.57;
5;6;318;56;8.6;1.63;1.45;
5;6;318;299;9.1;1.63;2.36;
5;6;318;300;8.87;1.63;2.27;
5;6;319;54;9.05;1.99;2.57;
5;6;319;56;5.84;1.99;1.45;
5;6;319;58;8.48;1.99;1.41;
5;6;319;296;7.9;1.99;1.58;
5;6;319;297;8.39;1.99;1.93;
5;6;319;299;6.67;1.99;2.36;
5;6;319;300;7.42;1.99;2.27;
5;6;320;43;9.73;4.16;1.99;
5;6;320;54;8.11;4.16;2.57;
5;6;320;56;2.56;4.16;1.45;
5;6;320;58;5.76;4.16;1.41;
5;6;320;296;6.09;4.16;1.58;
5;6;320;297;7.79;4.16;1.93;
5;6;320;299;6.29;4.16;2.36;
5;6;320;300;6.36;4.16;2.27;
5;6;321;43;6.99;4.63;1.99;
5;6;321;51;7.49;4.63;3.93;
5;6;321;54;6.33;4.63;2.57;
5;6;321;56;4.6;4.63;1.45;
5;6;321;58;8.35;4.63;1.41;
5;6;321;296;9.87;4.63;1.58;
5;6;321;299;8.71;4.63;2.36;
5;6;321;300;6.97;4.63;2.27;
5;6;322;43;6.69;2.64;1.99;
5;6;322;51;9.11;2.64;3.93;
5;6;322;54;9.6;2.64;2.57;
5;6;322;56;7.34;2.64;1.45;
5;6;322;58;8.6;2.64;1.41;
5;6;323;43;9.45;1.74;1.99;
5;6;323;51;9.77;1.74;3.93;
1;6;43;320;9.13;1.99;4.16;
1;6;43;321;6.6;1.99;4.63;
1;6;43;322;6.77;1.99;2.64;
1;6;43;323;9.85;1.99;1.74;
1;6;50;162;6.73;3.33;1.69;
1;6;50;163;4.52;3.33;1.54;
1;6;50;167;8.35;3.33;0.91;
1;6;51;162;8.7;3.93;1.69;
1;6;51;163;7.54;3.93;1.54;
1;6;51;167;9.17;3.93;0.91;
1;6;51;318;9.15;3.93;1.63;
1;6;51;321;6.96;3.93;4.63;
1;6;51;322;8.88;3.93;2.64;
1;6;51;323;9.77;3.93;1.74;
1;6;54;162;9.15;2.57;1.69;
1;6;54;318;9.43;2.57;1.63;
1;6;54;319;9.16;2.57;1.99;
1;6;54;320;8.07;2.57;4.16;
1;6;54;321;6.64;2.57;4.63;
1;6;56;74;9.98;1.45;1.68;
1;6;56;318;9.49;1.45;1.63;
1;6;56;319;6.59;1.45;1.99;
1;6;56;320;3.45;1.45;4.16;
1;6;56;321;5.62;1.45;4.63;
1;6;56;322;8.4;1.45;2.64;
1;6;58;319;9.13;1.41;1.99;
1;6;58;320;6.25;1.41;4.16;
1;6;58;321;9.03;1.41;4.63;
1;6;58;322;9.67;1.41;2.64;
1;6;114;174;9.95;1.51;1.73;
1;6;114;176;7.85;1.51;2.66;
1;6;296;74;9.1;1.58;1.68;
1;6;296;176;9.83;1.58;2.66;
1;6;296;181;9.12;1.58;1.38;
1;6;296;319;8.92;1.58;1.99;
1;6;296;320;7.01;1.58;4.16;
1;6;297;73;8.29;1.93;1.22;
1;6;297;74;6.62;1.93;1.68;
1;6;297;174;8.15;1.93;1.73;
1;6;297;176;7.59;1.93;2.66;
1;6;297;181;9.08;1.93;1.38;
1;6;297;319;9.43;1.93;1.99;
1;6;297;320;8.65;1.93;4.16;
1;6;299;73;9.53;2.36;1.22;
1;6;299;74;6.3;2.36;1.68;
1;6;299;76;9.17;2.36;0.99;
1;6;299;174;9.62;2.36;1.73;
1;6;299;319;7.56;2.36;1.99;
1;6;299;320;6.97;2.36;4.16;
1;6;299;321;9.47;2.36;4.63;
1;6;300;74;9.35;2.27;1.68;
1;6;300;76;9.58;2.27;0.99;
1;6;300;318;9.66;2.27;1.63;
1;6;300;319;8.01;2.27;1.99;
1;6;300;320;6.83;2.27;4.16;
1;6;300;321;7.69;2.27;4.63;
