1;2;20;43;9.61;5.35;1.83;
1;2;20;44;9.27;5.35;2.22;
1;2;72;56;9.47;1.07;1.32;
1;2;72;58;9.97;1.07;1.29;
1;2;72;296;8.65;1.07;1.38;
1;2;72;297;8.33;1.07;1.7;
1;2;72;299;8.72;1.07;1.85;
1;2;73;296;8.06;1.28;1.38;
1;2;73;297;6.21;1.28;1.7;
1;2;73;299;7.46;1.28;1.85;
1;2;74;56;8.27;1.58;1.32;
1;2;74;91;9.69;1.58;1.53;
1;2;74;94;9.8;1.58;1.51;
1;2;74;114;9.65;1.58;1.48;
1;2;74;296;7.62;1.58;1.38;
1;2;74;297;4.9;1.58;1.7;
1;2;74;299;4.13;1.58;1.85;
1;2;74;300;7.64;1.58;1.85;
1;2;76;51;9.95;0.92;2.76;
1;2;76;54;7.76;0.92;1.77;
1;2;76;56;8.74;0.92;1.32;
1;2;76;299;6.89;0.92;1.85;
1;2;76;300;6.69;0.92;1.85;
1;2;80;48;8.85;0.8;3.12;
1;2;80;49;9.79;0.8;2.37;
1;2;80;50;6.61;0.8;2.89;
1;2;80;51;7.2;0.8;2.76;
1;2;82;48;9.53;1.01;3.12;
1;2;82;50;9.51;1.01;2.89;
1;2;147;94;9.43;1.1;1.51;
1;2;158;90;9.43;1.56;1.95;
1;2;158;91;8.96;1.56;1.53;
1;2;158;94;8.67;1.56;1.51;
1;2;160;54;9.55;1.55;1.77;
1;2;160;90;7.8;1.55;1.95;
1;2;160;91;8.53;1.55;1.53;
1;2;163;48;9.23;1.78;3.12;
1;2;163;49;6.55;1.78;2.37;
1;2;163;50;4.47;1.78;2.89;
1;2;163;51;7.89;1.78;2.76;
1;2;163;53;6.92;1.78;1.6;
1;2;163;54;9.4;1.78;1.77;
1;2;167;49;9.25;0.94;2.37;
1;2;167;50;5.51;0.94;2.89;
1;2;167;51;7.18;0.94;2.76;
1;2;167;53;9.0;0.94;1.6;
1;2;167;54;9.42;0.94;1.77;
1;2;169;50;9.57;1.01;2.89;
1;2;169;51;8.85;1.01;2.76;
1;2;169;53;9.82;1.01;1.6;
1;2;169;54;7.62;1.01;1.77;
1;2;169;300;8.67;1.01;1.85;
1;2;174;114;8.53;1.62;1.48;
1;2;174;296;9.98;1.62;1.38;
1;2;174;297;6.56;1.62;1.7;
1;2;174;299;8.07;1.62;1.85;
1;2;176;114;6.48;2.17;1.48;
1;2;176;294;8.15;2.17;0.99;
1;2;176;296;8.7;2.17;1.38;
1;2;176;297;6.44;2.17;1.7;
1;2;181;58;8.75;1.38;1.29;
1;2;181;296;7.08;1.38;1.38;
1;2;181;297;7.5;1.38;1.7;
1;2;314;51;9.42;0.84;2.76;
1;2;318;43;9.99;1.5;1.83;
1;2;318;51;7.36;1.5;2.76;
1;2;318;53;9.58;1.5;1.6;
1;2;318;54;6.81;1.5;1.77;
1;2;318;56;6.83;1.5;1.32;
1;2;318;299;8.4;1.5;1.85;
1;2;318;300;7.19;1.5;1.85;
1;2;319;54;7.52;2.01;1.77;
1;2;319;56;3.71;2.01;1.32;
1;2;319;58;7.46;2.01;1.29;
1;2;319;296;7.49;2.01;1.38;
1;2;319;297;8.42;2.01;1.7;
1;2;319;299;6.03;2.01;1.85;
1;2;319;300;6.0;2.01;1.85;
1;2;320;42;9.46;3.49;1.57;
1;2;320;43;9.16;3.49;1.83;
1;2;320;54;7.61;3.49;1.77;
1;2;320;56;1.45;3.49;1.32;
1;2;320;58;5.73;3.49;1.29;
1;2;320;296;6.51;3.49;1.38;
1;2;320;297;8.47;3.49;1.7;
1;2;320;299;6.7;3.49;1.85;
1;2;320;300;6.09;3.49;1.85;
1;2;321;42;8.2;3.47;1.57;
1;2;321;43;6.55;3.47;1.83;
1;2;321;44;9.63;3.47;2.22;
1;2;321;47;9.9;3.47;3.23;
1;2;321;51;7.97;3.47;2.76;
1;2;321;53;7.26;3.47;1.6;
1;2;321;54;6.07;3.47;1.77;
1;2;321;56;4.72;3.47;1.32;
1;2;321;58;8.71;3.47;1.29;
1;2;321;299;9.38;3.47;1.85;
1;2;321;300;7.09;3.47;1.85;
1;2;322;42;6.43;2.4;1.57;
1;2;322;43;4.6;2.4;1.83;
1;2;322;44;7.57;2.4;2.22;
1;2;322;47;8.95;2.4;3.23;
1;2;322;51;8.61;2.4;2.76;
1;2;322;53;9.98;2.4;1.6;
1;2;322;54;8.65;2.4;1.77;
1;2;322;56;6.5;2.4;1.32;
1;2;322;58;8.19;2.4;1.29;
1;2;322;300;9.53;2.4;1.85;
1;2;323;42;9.11;1.62;1.57;
1;2;323;43;6.71;1.62;1.83;
1;2;323;44;8.17;1.62;2.22;
1;2;323;47;8.5;1.62;3.23;
1;2;323;51;7.97;1.62;2.76;
1;2;323;54;9.51;1.62;1.77;
1;2;323;56;8.72;1.62;1.32;
2;3;20;42;9.95;5.35;1.57;
2;3;20;43;9.65;5.35;1.83;
2;3;20;44;9.79;5.35;2.22;
2;3;72;56;9.59;1.07;1.32;
2;3;72;58;9.31;1.07;1.29;
2;3;72;296;7.96;1.07;1.38;
2;3;72;297;7.86;1.07;1.7;
2;3;72;299;9.07;1.07;1.85;
2;3;73;296;7.51;1.28;1.38;
2;3;73;297;5.77;1.28;1.7;
2;3;73;299;7.93;1.28;1.85;
2;3;74;56;8.25;1.58;1.32;
2;3;74;114;8.73;1.58;1.48;
2;3;74;294;9.36;1.58;0.99;
2;3;74;296;6.75;1.58;1.38;
2;3;74;297;3.9;1.58;1.7;
2;3;74;299;4.53;1.58;1.85;
2;3;74;300;8.22;1.58;1.85;
2;3;76;54;7.83;0.92;1.77;
2;3;76;56;7.81;0.92;1.32;
2;3;76;297;9.82;0.92;1.7;
2;3;76;299;6.13;0.92;1.85;
2;3;76;300;6.34;0.92;1.85;
2;3;80;47;9.75;0.8;3.23;
2;3;80;48;7.8;0.8;3.12;
2;3;80;50;5.91;0.8;2.89;
2;3;80;51;5.84;0.8;2.76;
2;3;82;48;7.86;1.01;3.12;
2;3;82;50;8.49;1.01;2.89;
2;3;147;94;9.37;1.1;1.51;
2;3;147;299;9.75;1.1;1.85;
2;3;158;90;9.26;1.56;1.95;
2;3;158;91;8.38;1.56;1.53;
2;3;158;94;8.0;1.56;1.51;
2;3;160;54;8.45;1.55;1.77;
2;3;160;90;7.17;1.55;1.95;
2;3;160;91;7.4;1.55;1.53;
2;3;160;300;8.89;1.55;1.85;
2;3;162;50;5.98;1.92;2.89;
2;3;162;51;8.02;1.92;2.76;
2;3;162;53;5.89;1.92;1.6;
2;3;162;54;7.06;1.92;1.77;
2;3;163;48;8.34;1.78;3.12;
2;3;163;50;3.63;1.78;2.89;
2;3;163;51;6.87;1.78;2.76;
2;3;163;53;5.44;1.78;1.6;
2;3;163;54;8.27;1.78;1.77;
2;3;167;48;9.04;0.94;3.12;
2;3;167;50;4.47;0.94;2.89;
2;3;167;51;5.76;0.94;2.76;
2;3;167;53;7.74;0.94;1.6;
2;3;167;54;8.13;0.94;1.77;
2;3;169;50;9.55;1.01;2.89;
2;3;169;51;8.44;1.01;2.76;
2;3;169;53;9.31;1.01;1.6;
2;3;169;54;6.77;1.01;1.77;
2;3;169;91;9.72;1.01;1.53;
2;3;169;299;9.42;1.01;1.85;
2;3;169;300;7.54;1.01;1.85;
2;3;174;114;7.78;1.62;1.48;
2;3;174;296;9.65;1.62;1.38;
2;3;174;297;6.26;1.62;1.7;
2;3;174;299;8.52;1.62;1.85;
2;3;176;114;6.51;2.17;1.48;
2;3;176;294;8.18;2.17;0.99;
2;3;176;296;9.2;2.17;1.38;
2;3;176;297;7.19;2.17;1.7;
2;3;181;58;8.92;1.38;1.29;
2;3;181;296;7.3;1.38;1.38;
2;3;181;297;7.86;1.38;1.7;
2;3;314;47;9.78;0.84;3.23;
2;3;314;48;9.31;0.84;3.12;
2;3;314;50;9.95;0.84;2.89;
2;3;314;51;8.57;0.84;2.76;
2;3;318;43;9.45;1.5;1.83;
2;3;318;51;8.36;1.5;2.76;
2;3;318;54;7.28;1.5;1.77;
2;3;318;56;5.91;1.5;1.32;
2;3;318;58;9.42;1.5;1.29;
2;3;318;299;7.99;1.5;1.85;
2;3;318;300;7.18;1.5;1.85;
2;3;319;54;8.49;2.01;1.77;
2;3;319;56;3.39;2.01;1.32;
2;3;319;58;6.08;2.01;1.29;
2;3;319;296;6.21;2.01;1.38;
2;3;319;297;7.6;2.01;1.7;
2;3;319;299;6.16;2.01;1.85;
2;3;319;300;6.67;2.01;1.85;
2;3;320;42;9.29;3.49;1.57;
2;3;320;43;9.58;3.49;1.83;
2;3;320;54;8.87;3.49;1.77;
2;3;320;56;2.31;3.49;1.32;
2;3;320;58;4.5;3.49;1.29;
2;3;320;294;9.8;3.49;0.99;
2;3;320;296;5.49;3.49;1.38;
2;3;320;297;7.96;3.49;1.7;
2;3;320;299;7.13;3.49;1.85;
2;3;320;300;7.11;3.49;1.85;
2;3;321;42;7.39;3.47;1.57;
2;3;321;43;6.51;3.47;1.83;
2;3;321;44;9.97;3.47;2.22;
2;3;321;51;9.49;3.47;2.76;
2;3;321;53;8.56;3.47;1.6;
2;3;321;54;7.23;3.47;1.77;
2;3;321;56;4.3;3.47;1.32;
2;3;321;58;7.4;3.47;1.29;
2;3;321;296;9.44;3.47;1.38;
2;3;321;299;9.38;3.47;1.85;
2;3;321;300;7.59;3.47;1.85;
2;3;322;42;5.5;2.4;1.57;
2;3;322;43;4.75;2.4;1.83;
2;3;322;44;8.13;2.4;2.22;
2;3;322;54;9.58;2.4;1.77;
2;3;322;56;6.28;2.4;1.32;
2;3;322;58;6.82;2.4;1.29;
2;3;322;300;9.98;2.4;1.85;
2;3;323;42;7.99;1.62;1.57;
2;3;323;43;6.23;1.62;1.83;
2;3;323;44;8.22;1.62;2.22;
2;3;323;47;9.45;1.62;3.23;
2;3;323;51;9.19;1.62;2.76;
2;3;323;56;8.17;1.62;1.32;
2;3;323;58;9.22;1.62;1.29;
3;4;20;44;9.83;5.35;2.22;
3;4;72;56;9.85;1.07;1.32;
3;4;72;58;9.65;1.07;1.29;
3;4;72;296;8.62;1.07;1.38;
3;4;72;297;8.63;1.07;1.7;
3;4;72;299;9.46;1.07;1.85;
3;4;73;296;7.87;1.28;1.38;
3;4;73;297;6.37;1.28;1.7;
3;4;73;299;8.14;1.28;1.85;
3;4;74;56;8.16;1.58;1.32;
3;4;74;114;9.41;1.58;1.48;
3;4;74;294;9.85;1.58;0.99;
3;4;74;296;6.91;1.58;1.38;
3;4;74;297;4.34;1.58;1.7;
3;4;74;299;4.62;1.58;1.85;
3;4;74;300;8.19;1.58;1.85;
3;4;76;54;8.01;0.92;1.77;
3;4;76;56;8.3;0.92;1.32;
3;4;76;299;6.75;0.92;1.85;
3;4;76;300;6.85;0.92;1.85;
3;4;80;48;8.3;0.8;3.12;
3;4;80;50;6.48;0.8;2.89;
3;4;80;51;6.53;0.8;2.76;
3;4;82;48;8.78;1.01;3.12;
3;4;82;50;9.15;1.01;2.89;
3;4;147;94;9.9;1.1;1.51;
3;4;147;299;9.87;1.1;1.85;
3;4;158;91;8.8;1.56;1.53;
3;4;158;94;8.49;1.56;1.51;
3;4;160;54;8.71;1.55;1.77;
3;4;160;91;7.95;1.55;1.53;
3;4;160;300;9.24;1.55;1.85;
3;4;162;50;5.92;1.92;2.89;
3;4;162;51;7.99;1.92;2.76;
3;4;162;53;6.31;1.92;1.6;
3;4;162;54;7.37;1.92;1.77;
3;4;163;48;8.38;1.78;3.12;
3;4;163;50;3.6;1.78;2.89;
3;4;163;51;6.97;1.78;2.76;
3;4;163;53;6.04;1.78;1.6;
3;4;163;54;8.67;1.78;1.77;
3;4;167;48;9.34;0.94;3.12;
3;4;167;50;4.94;0.94;2.89;
3;4;167;51;6.21;0.94;2.76;
3;4;167;53;8.45;0.94;1.6;
3;4;167;54;8.77;0.94;1.77;
3;4;169;50;9.55;1.01;2.89;
3;4;169;51;8.43;1.01;2.76;
3;4;169;53;9.63;1.01;1.6;
3;4;169;54;7.2;1.01;1.77;
3;4;169;299;9.92;1.01;1.85;
3;4;169;300;8.12;1.01;1.85;
3;4;174;114;8.38;1.62;1.48;
3;4;174;296;9.53;1.62;1.38;
3;4;174;297;6.26;1.62;1.7;
3;4;174;299;8.41;1.62;1.85;
3;4;176;114;7.13;2.17;1.48;
3;4;176;294;8.33;2.17;0.99;
3;4;176;296;8.87;2.17;1.38;
3;4;176;297;7.0;2.17;1.7;
3;4;181;58;8.93;1.38;1.29;
3;4;181;296;7.66;1.38;1.38;
3;4;181;297;8.36;1.38;1.7;
3;4;318;43;9.46;1.5;1.83;
3;4;318;51;8.06;1.5;2.76;
3;4;318;54;7.51;1.5;1.77;
3;4;318;56;6.62;1.5;1.32;
3;4;318;299;8.56;1.5;1.85;
3;4;318;300;7.7;1.5;1.85;
3;4;319;43;9.9;2.01;1.83;
3;4;319;54;8.37;2.01;1.77;
3;4;319;56;3.86;2.01;1.32;
3;4;319;58;6.57;2.01;1.29;
3;4;319;296;6.96;2.01;1.38;
3;4;319;297;8.27;2.01;1.7;
3;4;319;299;6.52;2.01;1.85;
3;4;319;300;6.85;2.01;1.85;
3;4;320;42;8.93;3.49;1.57;
3;4;320;43;9.0;3.49;1.83;
3;4;320;54;8.55;3.49;1.77;
3;4;320;56;2.23;3.49;1.32;
3;4;320;58;4.71;3.49;1.29;
3;4;320;296;6.01;3.49;1.38;
3;4;320;297;8.39;3.49;1.7;
3;4;320;299;7.24;3.49;1.85;
3;4;320;300;7.03;3.49;1.85;
3;4;321;42;7.28;3.47;1.57;
3;4;321;43;5.99;3.47;1.83;
3;4;321;44;9.33;3.47;2.22;
3;4;321;51;8.88;3.47;2.76;
3;4;321;53;8.28;3.47;1.6;
3;4;321;54;7.05;3.47;1.77;
3;4;321;56;4.68;3.47;1.32;
3;4;321;58;7.82;3.47;1.29;
3;4;321;296;9.97;3.47;1.38;
3;4;321;299;9.61;3.47;1.85;
3;4;321;300;7.72;3.47;1.85;
3;4;322;42;5.63;2.4;1.57;
3;4;322;43;4.35;2.4;1.83;
3;4;322;44;7.51;2.4;2.22;
3;4;322;47;9.51;2.4;3.23;
3;4;322;51;9.67;2.4;2.76;
3;4;322;54;9.59;2.4;1.77;
3;4;322;56;6.82;2.4;1.32;
3;4;322;58;7.59;2.4;1.29;
3;4;323;42;8.45;1.62;1.57;
3;4;323;43;6.41;1.62;1.83;
3;4;323;44;7.97;1.62;2.22;
3;4;323;47;8.96;1.62;3.23;
3;4;323;51;8.98;1.62;2.76;
3;4;323;56;8.89;1.62;1.32;
4;5;20;42;9.83;5.35;1.57;
4;5;20;43;9.17;5.35;1.83;
4;5;20;44;9.39;5.35;2.22;
4;5;72;56;9.24;1.07;1.32;
4;5;72;58;9.64;1.07;1.29;
4;5;72;296;7.82;1.07;1.38;
4;5;72;297;7.24;1.07;1.7;
4;5;72;299;8.16;1.07;1.85;
4;5;73;114;9.92;1.28;1.48;
4;5;73;296;7.73;1.28;1.38;
4;5;73;297;5.44;1.28;1.7;
4;5;73;299;7.28;1.28;1.85;
4;5;74;56;8.56;1.58;1.32;
4;5;74;91;9.45;1.58;1.53;
4;5;74;94;9.23;1.58;1.51;
4;5;74;114;8.54;1.58;1.48;
4;5;74;294;9.62;1.58;0.99;
4;5;74;296;7.44;1.58;1.38;
4;5;74;297;4.28;1.58;1.7;
4;5;74;299;4.17;1.58;1.85;
4;5;74;300;7.9;1.58;1.85;
4;5;76;54;7.59;0.92;1.77;
4;5;76;56;8.16;0.92;1.32;
4;5;76;91;9.74;0.92;1.53;
4;5;76;299;5.94;0.92;1.85;
4;5;76;300;6.02;0.92;1.85;
4;5;80;48;8.36;0.8;3.12;
4;5;80;50;5.88;0.8;2.89;
4;5;80;51;6.28;0.8;2.76;
4;5;82;48;8.49;1.01;3.12;
4;5;82;50;8.54;1.01;2.89;
4;5;147;94;8.81;1.1;1.51;
4;5;150;153;8.18;2.36;2.66;
4;5;158;90;8.96;1.56;1.95;
4;5;158;91;8.52;1.56;1.53;
4;5;158;94;7.99;1.56;1.51;
4;5;160;54;9.4;1.55;1.77;
4;5;160;90;6.99;1.55;1.95;
4;5;160;91;7.76;1.55;1.53;
4;5;160;300;9.83;1.55;1.85;
4;5;163;48;9.25;1.78;3.12;
4;5;163;50;4.49;1.78;2.89;
4;5;163;51;7.74;1.78;2.76;
4;5;163;53;6.18;1.78;1.6;
4;5;163;54;8.79;1.78;1.77;
4;5;167;48;9.85;0.94;3.12;
4;5;167;50;5.07;0.94;2.89;
4;5;167;51;6.69;0.94;2.76;
4;5;167;53;8.19;0.94;1.6;
4;5;167;54;8.54;0.94;1.77;
4;5;169;50;9.74;1.01;2.89;
4;5;169;51;8.98;1.01;2.76;
4;5;169;53;9.55;1.01;1.6;
4;5;169;54;7.15;1.01;1.77;
4;5;169;91;9.45;1.01;1.53;
4;5;169;299;9.82;1.01;1.85;
4;5;169;300;7.92;1.01;1.85;
4;5;174;94;9.77;1.62;1.51;
4;5;174;114;7.68;1.62;1.48;
4;5;174;297;6.62;1.62;1.7;
4;5;174;299;8.37;1.62;1.85;
4;5;176;114;5.69;2.17;1.48;
4;5;176;294;8.04;2.17;0.99;
4;5;176;296;9.38;2.17;1.38;
4;5;176;297;6.96;2.17;1.7;
4;5;177;114;8.23;2.03;1.48;
4;5;177;294;8.79;2.03;0.99;
4;5;177;297;9.01;2.03;1.7;
4;5;181;58;9.03;1.38;1.29;
4;5;181;294;9.41;1.38;0.99;
4;5;181;296;6.76;1.38;1.38;
4;5;181;297;6.85;1.38;1.7;
4;5;314;48;9.46;0.84;3.12;
4;5;314;50;9.58;0.84;2.89;
4;5;314;51;8.5;0.84;2.76;
4;5;318;51;7.98;1.5;2.76;
4;5;318;53;9.56;1.5;1.6;
4;5;318;54;6.52;1.5;1.77;
4;5;318;56;5.78;1.5;1.32;
4;5;318;58;9.96;1.5;1.29;
4;5;318;299;7.37;1.5;1.85;
4;5;318;300;6.39;1.5;1.85;
4;5;319;54;7.75;2.01;1.77;
4;5;319;56;2.93;2.01;1.32;
4;5;319;58;6.82;2.01;1.29;
4;5;319;296;6.36;2.01;1.38;
4;5;319;297;7.28;2.01;1.7;
4;5;319;299;5.2;2.01;1.85;
4;5;319;300;5.66;2.01;1.85;
4;5;320;54;8.19;3.49;1.77;
4;5;320;56;1.54;3.49;1.32;
4;5;320;58;5.4;3.49;1.29;
4;5;320;294;9.71;3.49;0.99;
4;5;320;296;5.64;3.49;1.38;
4;5;320;297;7.69;3.49;1.7;
4;5;320;299;6.39;3.49;1.85;
4;5;320;300;6.2;3.49;1.85;
4;5;321;42;8.32;3.47;1.57;
4;5;321;43;7.24;3.47;1.83;
4;5;321;51;9.09;3.47;2.76;
4;5;321;53;7.77;3.47;1.6;
4;5;321;54;6.41;3.47;1.77;
4;5;321;56;3.97;3.47;1.32;
4;5;321;58;7.96;3.47;1.29;
4;5;321;296;9.54;3.47;1.38;
4;5;321;299;8.86;3.47;1.85;
4;5;321;300;6.82;3.47;1.85;
4;5;322;42;6.3;2.4;1.57;
4;5;322;43;5.19;2.4;1.83;
4;5;322;44;8.51;2.4;2.22;
4;5;322;51;9.43;2.4;2.76;
4;5;322;54;8.59;2.4;1.77;
4;5;322;56;5.49;2.4;1.32;
4;5;322;58;7.01;2.4;1.29;
4;5;322;296;9.8;2.4;1.38;
4;5;322;300;9.02;2.4;1.85;
4;5;323;42;8.58;1.62;1.57;
4;5;323;43;6.58;1.62;1.83;
4;5;323;44;8.59;1.62;2.22;
4;5;323;47;9.29;1.62;3.23;
4;5;323;51;8.46;1.62;2.76;
4;5;323;54;9.13;1.62;1.77;
4;5;323;56;7.58;1.62;1.32;
4;5;323;58;9.37;1.62;1.29;
4;5;323;300;9.93;1.62;1.85;
5;6;20;43;9.83;5.35;1.83;
5;6;20;44;9.61;5.35;2.22;
5;6;72;56;9.66;1.07;1.32;
5;6;72;58;9.36;1.07;1.29;
5;6;72;296;8.42;1.07;1.38;
5;6;72;297;8.54;1.07;1.7;
5;6;72;299;9.4;1.07;1.85;
5;6;73;296;7.6;1.28;1.38;
5;6;73;297;6.19;1.28;1.7;
5;6;73;299;7.99;1.28;1.85;
5;6;74;56;7.89;1.58;1.32;
5;6;74;114;9.42;1.58;1.48;
5;6;74;294;9.77;1.58;0.99;
5;6;74;296;6.71;1.58;1.38;
5;6;74;297;4.25;1.58;1.7;
5;6;74;299;4.43;1.58;1.85;
5;6;74;300;7.97;1.58;1.85;
5;6;76;51;9.95;0.92;2.76;
5;6;76;54;7.88;0.92;1.77;
5;6;76;56;8.1;0.92;1.32;
5;6;76;299;6.75;0.92;1.85;
5;6;76;300;6.75;0.92;1.85;
5;6;80;47;9.98;0.8;3.23;
5;6;80;48;8.0;0.8;3.12;
5;6;80;50;6.42;0.8;2.89;
5;6;80;51;6.47;0.8;2.76;
5;6;82;48;8.62;1.01;3.12;
5;6;82;50;9.28;1.01;2.89;
5;6;147;94;9.79;1.1;1.51;
5;6;147;299;9.61;1.1;1.85;
5;6;158;91;8.62;1.56;1.53;
5;6;158;94;8.49;1.56;1.51;
5;6;160;54;8.46;1.55;1.77;
5;6;160;91;8.01;1.55;1.53;
5;6;160;300;9.12;1.55;1.85;
5;6;163;48;8.08;1.78;3.12;
5;6;163;50;3.41;1.78;2.89;
5;6;163;51;6.9;1.78;2.76;
5;6;163;53;6.03;1.78;1.6;
5;6;163;54;8.78;1.78;1.77;
5;6;167;48;8.95;0.94;3.12;
5;6;167;50;4.62;0.94;2.89;
5;6;167;51;5.99;0.94;2.76;
5;6;167;53;8.26;0.94;1.6;
5;6;167;54;8.72;0.94;1.77;
5;6;169;50;9.27;1.01;2.89;
5;6;169;51;8.14;1.01;2.76;
5;6;169;53;9.38;1.01;1.6;
5;6;169;54;6.98;1.01;1.77;
5;6;169;299;9.91;1.01;1.85;
5;6;169;300;8.01;1.01;1.85;
5;6;174;114;8.23;1.62;1.48;
5;6;174;296;9.29;1.62;1.38;
5;6;174;297;6.03;1.62;1.7;
5;6;174;299;8.15;1.62;1.85;
5;6;176;114;6.91;2.17;1.48;
5;6;176;294;8.04;2.17;0.99;
5;6;176;296;8.6;2.17;1.38;
5;6;176;297;6.77;2.17;1.7;
5;6;181;58;8.63;1.38;1.29;
5;6;181;296;7.45;1.38;1.38;
5;6;181;297;8.27;1.38;1.7;
5;6;318;43;9.16;1.5;1.83;
5;6;318;51;7.96;1.5;2.76;
5;6;318;54;7.53;1.5;1.77;
5;6;318;56;6.6;1.5;1.32;
5;6;318;58;9.95;1.5;1.29;
5;6;318;299;8.73;1.5;1.85;
5;6;318;300;7.79;1.5;1.85;
5;6;319;43;9.61;2.01;1.83;
5;6;319;54;8.43;2.01;1.77;
5;6;319;56;3.86;2.01;1.32;
5;6;319;58;6.41;2.01;1.29;
5;6;319;296;6.99;2.01;1.38;
5;6;319;297;8.43;2.01;1.7;
5;6;319;299;6.78;2.01;1.85;
5;6;319;300;7.0;2.01;1.85;
5;6;320;42;8.61;3.49;1.57;
5;6;320;43;8.74;3.49;1.83;
5;6;320;54;8.64;3.49;1.77;
5;6;320;56;2.47;3.49;1.32;
5;6;320;58;4.67;3.49;1.29;
5;6;320;296;6.18;3.49;1.38;
5;6;320;297;8.64;3.49;1.7;
5;6;320;299;7.54;3.49;1.85;
5;6;320;300;7.24;3.49;1.85;
5;6;321;42;6.96;3.47;1.57;
5;6;321;43;5.71;3.47;1.83;
5;6;321;44;9.1;3.47;2.22;
5;6;321;51;8.91;3.47;2.76;
5;6;321;53;8.41;3.47;1.6;
5;6;321;54;7.26;3.47;1.77;
5;6;321;56;4.95;3.47;1.32;
5;6;321;58;7.88;3.47;1.29;
5;6;321;299;9.93;3.47;1.85;
5;6;321;300;8.02;3.47;1.85;
5;6;322;42;5.32;2.4;1.57;
5;6;322;43;4.11;2.4;1.83;
5;6;322;44;7.3;2.4;2.22;
5;6;322;47;9.48;2.4;3.23;
5;6;322;51;9.75;2.4;2.76;
5;6;322;54;9.79;2.4;1.77;
5;6;322;56;7.03;2.4;1.32;
5;6;322;58;7.65;2.4;1.29;
5;6;323;42;8.18;1.62;1.57;
5;6;323;43;6.16;1.62;1.83;
5;6;323;44;7.72;1.62;2.22;
5;6;323;47;8.88;1.62;3.23;
5;6;323;51;9.01;1.62;2.76;
5;6;323;56;8.96;1.62;1.32;
1;6;42;20;8.74;1.57;5.35;
1;6;42;320;9.8;1.57;3.49;
1;6;42;321;7.64;1.57;3.47;
1;6;42;322;5.17;1.57;2.4;
1;6;42;323;6.96;1.57;1.62;
1;6;43;20;9.04;1.83;5.35;
1;6;43;318;9.13;1.83;1.5;
1;6;43;321;7.33;1.83;3.47;
1;6;43;322;5.28;1.83;2.4;
1;6;43;323;5.72;1.83;1.62;
1;6;44;20;9.66;2.22;5.35;
1;6;44;322;8.92;2.22;2.4;
1;6;44;323;8.32;2.22;1.62;
1;6;47;80;8.87;3.23;0.8;
1;6;47;82;9.55;3.23;1.01;
1;6;47;314;8.64;3.23;0.84;
1;6;48;80;7.05;3.12;0.8;
1;6;48;82;6.63;3.12;1.01;
1;6;48;163;8.55;3.12;1.78;
1;6;48;167;8.7;3.12;0.94;
1;6;48;314;8.48;3.12;0.84;
1;6;50;80;5.09;2.89;0.8;
1;6;50;82;7.53;2.89;1.01;
1;6;50;162;6.28;2.89;1.92;
1;6;50;163;4.08;2.89;1.78;
1;6;50;167;3.92;2.89;0.94;
1;6;50;169;9.53;2.89;1.01;
1;6;50;314;9.3;2.89;0.84;
1;6;51;80;4.6;2.76;0.8;
1;6;51;82;9.04;2.76;1.01;
1;6;51;162;8.14;2.76;1.92;
1;6;51;163;6.99;2.76;1.78;
1;6;51;167;5.06;2.76;0.94;
1;6;51;169;8.28;2.76;1.01;
1;6;51;314;7.53;2.76;0.84;
1;6;51;318;8.92;2.76;1.5;
1;6;51;323;9.81;2.76;1.62;
1;6;53;80;9.1;1.6;0.8;
1;6;53;160;9.82;1.6;1.55;
1;6;53;162;5.41;1.6;1.92;
1;6;53;163;4.83;1.6;1.78;
1;6;53;167;6.71;1.6;0.94;
1;6;53;169;8.7;1.6;1.01;
1;6;53;321;9.14;1.6;3.47;
1;6;54;76;7.47;1.77;0.92;
1;6;54;80;9.28;1.77;0.8;
1;6;54;160;8.09;1.77;1.55;
1;6;54;162;6.63;1.77;1.92;
1;6;54;163;7.84;1.77;1.78;
1;6;54;167;7.08;1.77;0.94;
1;6;54;169;5.89;1.77;1.01;
1;6;54;318;7.12;1.77;1.5;
1;6;54;319;8.82;1.77;2.01;
1;6;54;320;9.66;1.77;3.49;
1;6;54;321;7.94;1.77;3.47;
1;6;54;322;9.89;1.77;2.4;
1;6;54;323;9.95;1.77;1.62;
1;6;56;72;9.07;1.32;1.07;
1;6;56;73;9.97;1.32;1.28;
1;6;56;74;8.2;1.32;1.58;
1;6;56;76;6.79;1.32;0.92;
1;6;56;318;4.6;1.32;1.5;
1;6;56;319;2.61;1.32;2.01;
1;6;56;320;3.15;1.32;3.49;
1;6;56;321;4.29;1.32;3.47;
1;6;56;322;5.77;1.32;2.4;
1;6;56;323;7.16;1.32;1.62;
1;6;58;72;8.38;1.29;1.07;
1;6;58;181;8.71;1.29;1.38;
1;6;58;318;8.2;1.29;1.5;
1;6;58;319;5.15;1.29;2.01;
1;6;58;320;4.43;1.29;3.49;
1;6;58;321;6.94;1.29;3.47;
1;6;58;322;5.76;1.29;2.4;
1;6;58;323;7.81;1.29;1.62;
1;6;60;181;9.31;1.03;1.38;
1;6;60;319;9.95;1.03;2.01;
1;6;60;320;7.76;1.03;3.49;
1;6;90;158;8.63;1.95;1.56;
1;6;90;160;6.42;1.95;1.55;
1;6;91;76;9.78;1.53;0.92;
1;6;91;158;7.63;1.53;1.56;
1;6;91;160;6.65;1.53;1.55;
1;6;91;169;8.83;1.53;1.01;
1;6;94;74;9.87;1.51;1.58;
1;6;94;147;8.6;1.51;1.1;
1;6;94;158;7.1;1.51;1.56;
1;6;111;174;8.87;1.97;1.62;
1;6;111;176;6.21;1.97;2.17;
1;6;111;177;8.39;1.97;2.03;
1;6;114;73;9.2;1.48;1.28;
1;6;114;74;7.53;1.48;1.58;
1;6;114;174;6.65;1.48;1.62;
1;6;114;176;5.78;1.48;2.17;
1;6;114;177;8.78;1.48;2.03;
1;6;153;150;8.07;2.66;2.36;
1;6;294;73;9.29;0.99;1.28;
1;6;294;74;8.19;0.99;1.58;
1;6;294;174;9.56;0.99;1.62;
1;6;294;176;7.61;0.99;2.17;
1;6;294;177;8.89;0.99;2.03;
1;6;294;181;8.85;0.99;1.38;
1;6;294;320;8.85;0.99;3.49;
1;6;296;72;6.7;1.38;1.07;
1;6;296;73;6.61;1.38;1.28;
1;6;296;74;6.1;1.38;1.58;
1;6;296;76;9.75;1.38;0.92;
1;6;296;174;9.34;1.38;1.62;
1;6;296;176;9.46;1.38;2.17;
1;6;296;181;6.74;1.38;1.38;
1;6;296;318;8.84;1.38;1.5;
1;6;296;319;5.08;1.38;2.01;
1;6;296;320;5.13;1.38;3.49;
1;6;296;321;8.96;1.38;3.47;
1;6;296;322;9.24;1.38;2.4;
1;6;297;72;6.76;1.7;1.07;
1;6;297;73;4.71;1.7;1.28;
1;6;297;74;2.81;1.7;1.58;
1;6;297;76;8.76;1.7;0.92;
1;6;297;174;5.84;1.7;1.62;
1;6;297;176;7.52;1.7;2.17;
1;6;297;177;9.95;1.7;2.03;
1;6;297;181;7.45;1.7;1.38;
1;6;297;318;9.89;1.7;1.5;
1;6;297;319;6.82;1.7;2.01;
1;6;297;320;7.77;1.7;3.49;
1;6;299;72;8.59;1.85;1.07;
1;6;299;73;7.66;1.85;1.28;
1;6;299;74;4.49;1.85;1.58;
1;6;299;76;4.94;1.85;0.92;
1;6;299;147;9.19;1.85;1.1;
1;6;299;158;9.83;1.85;1.56;
1;6;299;169;8.45;1.85;1.01;
1;6;299;174;8.59;1.85;1.62;
1;6;299;318;7.2;1.85;1.5;
1;6;299;319;5.82;1.85;2.01;
1;6;299;320;7.44;1.85;3.49;
1;6;299;321;9.39;1.85;3.47;
1;6;300;74;8.36;1.85;1.58;
1;6;300;76;5.45;1.85;0.92;
1;6;300;160;8.38;1.85;1.55;
1;6;300;162;9.71;1.85;1.92;
1;6;300;169;6.47;1.85;1.01;
1;6;300;318;6.54;1.85;1.5;
1;6;300;319;6.59;1.85;2.01;
1;6;300;320;7.61;1.85;3.49;
1;6;300;321;7.82;1.85;3.47;
1;6;300;322;9.9;1.85;2.4;
