516;615;7.39;0.12;2.33;
516;616;8.22;0.12;2.39;
516;634;6.51;0.12;2.36;
516;635;4.3;0.12;1.13;
516;636;5.96;0.12;2.06;
516;638;9.21;0.12;1.21;
516;643;8.17;0.12;3.39;
516;644;7.46;0.12;6.12;
516;645;7.34;0.12;9.17;
516;646;9.96;0.12;12.59;
521;617;9.06;0.31;1.68;
521;618;9.31;0.31;2.17;
521;619;9.07;0.31;1.69;
521;629;9.95;0.31;2.25;
532;534;6.4;0.65;0.78;
532;617;7.83;0.65;1.68;
532;619;4.13;0.65;1.69;
532;621;7.77;0.65;0.29;
532;629;7.52;0.65;2.25;
532;630;7.75;0.65;2.11;
532;631;9.49;0.65;2.35;
532;632;8.46;0.65;2.5;
533;616;7.13;1.27;2.39;
533;617;6.54;1.27;1.68;
533;618;6.16;1.27;2.17;
533;619;8.03;1.27;1.69;
533;644;8.28;1.27;6.12;
533;645;4.48;1.27;9.17;
533;646;3.51;1.27;12.59;
534;536;6.85;0.78;0.35;
534;615;9.34;0.78;2.33;
534;617;4.53;0.78;1.68;
534;619;8.04;0.78;1.69;
534;632;8.94;0.78;2.5;
534;634;9.62;0.78;2.36;
534;644;8.83;0.78;6.12;
534;646;9.62;0.78;12.59;
536;537;3.94;0.35;2.22;
536;615;7.83;0.35;2.33;
536;616;4.68;0.35;2.39;
536;617;7.8;0.35;1.68;
536;643;9.01;0.35;3.39;
536;644;5.16;0.35;6.12;
536;645;5.46;0.35;9.17;
536;646;6.77;0.35;12.59;
537;614;9.67;2.22;1.36;
537;615;8.39;2.22;2.33;
537;643;9.31;2.22;3.39;
537;644;6.19;2.22;6.12;
537;645;4.14;2.22;9.17;
537;646;5.66;2.22;12.59;
614;615;3.77;1.36;2.33;
614;634;8.95;1.36;2.36;
614;635;6.9;1.36;1.13;
614;638;8.19;1.36;1.21;
614;642;8.01;1.36;2.81;
614;643;8.39;1.36;3.39;
614;644;7.45;1.36;6.12;
614;645;5.81;1.36;9.17;
614;646;5.26;1.36;12.59;
615;616;4.0;2.33;2.39;
615;617;7.35;2.33;1.68;
615;634;5.94;2.33;2.36;
615;635;5.43;2.33;1.13;
615;636;6.32;2.33;2.06;
615;640;9.09;2.33;1.76;
615;641;6.96;2.33;1.67;
615;642;5.71;2.33;2.81;
615;643;5.23;2.33;3.39;
615;644;4.1;2.33;6.12;
615;645;4.58;2.33;9.17;
615;646;6.09;2.33;12.59;
616;617;4.03;2.39;1.68;
616;618;7.21;2.39;2.17;
616;634;8.47;2.39;2.36;
616;635;9.01;2.39;1.13;
616;636;9.2;2.39;2.06;
616;641;9.52;2.39;1.67;
616;643;4.99;2.39;3.39;
616;644;4.58;2.39;6.12;
616;645;4.44;2.39;9.17;
616;646;8.13;2.39;12.59;
617;618;3.99;1.68;2.17;
617;619;6.92;1.68;1.69;
617;630;9.38;1.68;2.11;
617;631;9.15;1.68;2.35;
617;632;5.27;1.68;2.5;
617;634;5.4;1.68;2.36;
617;635;7.81;1.68;1.13;
617;643;9.23;1.68;3.39;
617;644;6.95;1.68;6.12;
617;645;9.59;1.68;9.17;
617;646;6.43;1.68;12.59;
618;619;3.79;2.17;1.69;
618;621;9.25;2.17;0.29;
618;629;8.51;2.17;2.25;
618;630;7.3;2.17;2.11;
618;631;6.39;2.17;2.35;
618;632;9.18;2.17;2.5;
618;634;7.94;2.17;2.36;
618;643;8.43;2.17;3.39;
618;644;4.92;2.17;6.12;
618;645;4.09;2.17;9.17;
618;646;4.0;2.17;12.59;
619;621;6.15;1.69;0.29;
619;628;9.14;1.69;2.23;
619;629;9.79;1.69;2.25;
619;630;7.17;1.69;2.11;
619;631;5.41;1.69;2.35;
619;632;5.04;1.69;2.5;
619;644;8.55;1.69;6.12;
619;645;7.56;1.69;9.17;
619;646;5.43;1.69;12.59;
621;623;6.34;0.29;0.16;
621;627;7.84;0.29;2.79;
621;628;6.43;0.29;2.23;
621;629;6.56;0.29;2.25;
621;630;6.76;0.29;2.11;
621;631;7.74;0.29;2.35;
621;646;9.08;0.29;12.59;
623;626;8.87;0.16;1.53;
623;627;5.54;0.16;2.79;
623;628;6.06;0.16;2.23;
623;629;8.24;0.16;2.25;
623;630;9.41;0.16;2.11;
626;627;3.88;1.53;2.79;
626;628;7.11;1.53;2.23;
626;629;9.92;1.53;2.25;
627;628;3.82;2.79;2.23;
627;629;6.75;2.79;2.25;
627;630;9.97;2.79;2.11;
628;629;3.8;2.23;2.25;
628;630;6.8;2.23;2.11;
629;630;3.92;2.25;2.11;
629;631;7.09;2.25;2.35;
629;632;9.78;2.25;2.5;
629;646;9.79;2.25;12.59;
630;631;3.99;2.11;2.35;
630;632;7.3;2.11;2.5;
630;646;8.53;2.11;12.59;
631;632;4.08;2.35;2.5;
631;634;9.25;2.35;2.36;
631;644;8.74;2.35;6.12;
631;645;9.66;2.35;9.17;
631;646;8.82;2.35;12.59;
632;634;5.65;2.5;2.36;
632;635;7.94;2.5;1.13;
632;643;9.43;2.5;3.39;
632;644;9.78;2.5;6.12;
632;645;7.6;2.5;9.17;
632;646;7.67;2.5;12.59;
634;635;3.78;2.36;1.13;
634;636;6.78;2.36;2.06;
634;640;9.9;2.36;1.76;
634;641;7.85;2.36;1.67;
634;642;5.79;2.36;2.81;
634;643;6.59;2.36;3.39;
634;644;6.89;2.36;6.12;
634;645;9.85;2.36;9.17;
634;646;9.69;2.36;12.59;
635;636;8.94;1.13;2.06;
635;638;9.33;1.13;1.21;
635;639;8.54;1.13;1.4;
635;640;7.72;1.13;1.76;
635;641;9.51;1.13;1.67;
635;642;5.63;1.13;2.81;
635;643;9.95;1.13;3.39;
635;644;9.89;1.13;6.12;
635;645;8.7;1.13;9.17;
636;638;9.22;2.06;1.21;
636;639;6.31;2.06;1.4;
636;640;4.79;2.06;1.76;
636;641;4.95;2.06;1.67;
636;642;9.9;2.06;2.81;
636;643;6.36;2.06;3.39;
636;644;8.35;2.06;6.12;
638;639;3.81;1.21;1.4;
638;640;6.89;1.21;1.76;
638;641;9.65;1.21;1.67;
638;642;9.1;1.21;2.81;
639;640;3.79;1.4;1.76;
639;641;7.24;1.4;1.67;
639;642;8.22;1.4;2.81;
640;641;3.79;1.76;1.67;
640;643;8.45;1.76;3.39;
641;643;5.11;1.67;3.39;
641;644;8.49;1.67;6.12;
642;643;3.83;2.81;3.39;
642;644;6.9;2.81;6.12;
642;645;8.82;2.81;9.17;
643;644;3.72;3.39;6.12;
643;645;7.01;3.39;9.17;
643;646;9.91;3.39;12.59;
644;645;3.94;6.12;9.17;
644;646;7.19;6.12;12.59;
645;646;3.97;9.17;12.59;
