514;517;8.06;0.15;0.43;
514;635;8.1;0.15;0.12;
514;639;7.4;0.15;2.54;
514;640;5.81;0.15;1.31;
514;641;8.82;0.15;1.47;
517;518;3.72;0.43;0.21;
517;519;6.79;0.43;0.6;
517;608;7.1;0.43;0.2;
517;633;9.71;0.43;0.39;
517;635;7.35;0.43;0.12;
517;639;9.32;0.43;2.54;
517;640;6.17;0.43;1.31;
517;641;4.55;0.43;1.47;
517;642;5.47;0.43;0.8;
517;643;7.36;0.43;1.12;
517;644;9.43;0.43;0.95;
518;519;3.89;0.21;0.6;
518;608;5.7;0.21;0.2;
518;620;9.73;0.21;0.26;
518;631;9.63;0.21;1.04;
518;633;7.57;0.21;0.39;
518;635;8.2;0.21;0.12;
518;640;8.79;0.21;1.31;
518;641;5.69;0.21;1.47;
518;642;4.37;0.21;0.8;
518;643;4.76;0.21;1.12;
518;644;5.83;0.21;0.95;
518;645;8.9;0.21;0.43;
519;521;7.21;0.6;0.3;
519;606;6.9;0.6;0.28;
519;608;3.67;0.6;0.2;
519;620;9.44;0.6;0.26;
519;631;9.91;0.6;1.04;
519;633;8.16;0.6;0.39;
519;641;7.7;0.6;1.47;
519;642;6.73;0.6;0.8;
519;643;4.35;0.6;1.12;
519;644;4.48;0.6;0.95;
519;645;6.01;0.6;0.43;
519;646;9.41;0.6;0.49;
521;606;4.16;0.3;0.28;
521;608;8.76;0.3;0.2;
521;620;9.66;0.3;0.26;
521;622;9.36;0.3;0.73;
521;630;9.97;0.3;0.6;
521;631;9.95;0.3;1.04;
521;643;9.38;0.3;1.12;
521;644;6.99;0.3;0.95;
521;645;4.74;0.3;0.43;
521;646;4.83;0.3;0.49;
606;608;6.48;0.28;0.2;
606;643;9.48;0.28;1.12;
606;644;8.99;0.28;0.95;
606;645;7.11;0.28;0.43;
606;646;8.59;0.28;0.49;
608;641;7.47;0.2;1.47;
608;642;8.43;0.2;0.8;
608;643;7.34;0.2;1.12;
608;644;7.85;0.2;0.95;
608;645;9.18;0.2;0.43;
620;621;3.86;0.26;0.66;
620;622;6.93;0.26;0.73;
620;628;9.82;0.26;1.74;
620;629;9.35;0.26;1.35;
620;630;7.05;0.26;0.6;
620;631;6.97;0.26;1.04;
620;633;9.05;0.26;0.39;
620;644;7.76;0.26;0.95;
621;622;3.85;0.66;0.73;
621;623;6.92;0.66;0.51;
621;624;9.97;0.66;0.46;
621;627;8.48;0.66;1.7;
621;628;7.61;0.66;1.74;
621;629;7.25;0.66;1.35;
621;630;6.02;0.66;0.6;
621;631;8.04;0.66;1.04;
622;623;3.83;0.73;0.51;
622;624;6.3;0.73;0.46;
622;627;8.58;0.73;1.7;
622;628;6.38;0.73;1.74;
622;629;6.69;0.73;1.35;
622;630;7.71;0.73;0.6;
622;631;7.63;0.73;1.04;
622;646;9.29;0.73;0.49;
623;624;3.78;0.51;0.46;
623;626;7.62;0.51;0.83;
623;627;7.05;0.51;1.7;
623;628;5.85;0.51;1.74;
623;629;7.95;0.51;1.35;
623;630;9.94;0.51;0.6;
624;626;5.38;0.46;0.83;
624;628;7.07;0.46;1.74;
624;629;8.85;0.46;1.35;
624;630;9.23;0.46;0.6;
626;628;6.98;0.83;1.74;
626;629;9.32;0.83;1.35;
627;628;6.84;1.7;1.74;
627;629;9.75;1.7;1.35;
627;630;9.94;1.7;0.6;
628;629;3.63;1.74;1.35;
628;630;6.31;1.74;0.6;
628;631;9.62;1.74;1.04;
629;630;4.1;1.35;0.6;
629;631;7.01;1.35;1.04;
630;631;4.01;0.6;1.04;
630;644;9.53;0.6;0.95;
630;646;7.73;0.6;0.49;
631;633;6.8;1.04;0.39;
631;644;6.45;1.04;0.95;
631;645;8.34;1.04;0.43;
631;646;7.65;1.04;0.49;
633;635;6.83;0.39;0.12;
633;641;9.49;0.39;1.47;
633;642;5.78;0.39;0.8;
633;643;6.42;0.39;1.12;
633;644;5.34;0.39;0.95;
633;645;8.56;0.39;0.43;
635;639;9.28;0.12;2.54;
635;640;9.51;0.12;1.31;
635;641;9.04;0.12;1.47;
635;642;6.69;0.12;0.8;
635;643;8.61;0.12;1.12;
639;640;3.51;2.54;1.31;
639;641;6.82;2.54;1.47;
639;642;8.75;2.54;0.8;
640;641;3.83;1.31;1.47;
640;642;6.45;1.31;0.8;
640;643;8.73;1.31;1.12;
641;642;3.78;1.47;0.8;
641;643;5.16;1.47;1.12;
641;644;8.4;1.47;0.95;
642;643;3.83;0.8;1.12;
642;644;6.07;0.8;0.95;
642;645;9.32;0.8;0.43;
643;644;3.8;1.12;0.95;
643;645;5.89;1.12;0.43;
643;646;9.5;1.12;0.49;
644;645;3.92;0.95;0.43;
644;646;6.57;0.95;0.49;
645;646;3.9;0.43;0.49;
