1;2;516;643;8.17;2.16;9.1;
1;2;516;644;7.46;2.16;10.0;
1;2;516;645;7.34;2.16;11.64;
1;2;516;646;9.96;2.16;12.78;
1;2;533;644;8.28;1.41;10.0;
1;2;533;645;4.48;1.41;11.64;
1;2;533;646;3.51;1.41;12.78;
1;2;536;643;7.63;2.71;9.1;
1;2;536;644;8.81;2.71;10.0;
1;2;536;645;8.94;2.71;11.64;
1;2;615;640;9.09;2.74;8.77;
1;2;615;641;6.96;2.74;9.21;
1;2;615;643;4.55;2.74;9.1;
1;2;615;644;6.45;2.74;10.0;
1;2;615;645;7.52;2.74;11.64;
1;2;616;641;9.52;2.5;9.21;
1;2;616;643;4.99;2.5;9.1;
1;2;616;644;4.58;2.5;10.0;
1;2;616;645;4.44;2.5;11.64;
1;2;616;646;8.13;2.5;12.78;
1;2;617;521;9.06;2.45;1.96;
1;2;617;631;9.64;2.45;6.92;
1;2;617;643;6.06;2.45;9.1;
1;2;617;644;3.88;2.45;10.0;
1;2;617;645;4.01;2.45;11.64;
1;2;617;646;6.43;2.45;12.78;
1;2;618;521;9.31;1.99;1.96;
1;2;618;629;8.51;1.99;6.86;
1;2;618;630;7.3;1.99;7.45;
1;2;618;631;6.39;1.99;6.92;
1;2;618;632;9.18;1.99;7.72;
1;2;618;643;8.43;1.99;9.1;
1;2;618;644;4.92;1.99;10.0;
1;2;618;645;4.09;1.99;11.64;
1;2;618;646;4.0;1.99;12.78;
1;2;619;521;9.07;2.65;1.96;
1;2;619;621;9.7;2.65;2.63;
1;2;619;628;8.56;2.65;7.46;
1;2;619;629;4.78;2.65;6.86;
1;2;619;630;4.32;2.65;7.45;
1;2;619;631;5.45;2.65;6.92;
1;2;619;632;9.2;2.65;7.72;
1;2;619;644;8.55;2.65;10.0;
1;2;619;645;7.56;2.65;11.64;
1;2;619;646;5.43;2.65;12.78;
1;2;621;621;8.9;2.63;2.63;
1;2;621;627;6.79;2.63;7.68;
1;2;621;628;5.1;2.63;7.46;
1;2;621;629;3.52;2.63;6.86;
1;2;621;630;4.35;2.63;7.45;
1;2;621;631;8.25;2.63;6.92;
1;2;621;646;9.08;2.63;12.78;
1;2;623;626;8.87;3.88;5.83;
1;2;623;627;5.54;3.88;7.68;
1;2;623;628;6.06;3.88;7.46;
1;2;623;629;8.24;3.88;6.86;
1;2;623;630;9.41;3.88;7.45;
1;2;627;621;7.84;7.68;2.63;
1;2;627;628;8.71;7.68;7.46;
1;2;628;619;9.14;7.46;2.65;
1;2;628;621;6.02;7.46;2.63;
1;2;628;627;8.43;7.46;7.68;
1;2;628;628;6.06;7.46;7.46;
1;2;628;629;7.83;7.46;6.86;
1;2;628;630;7.79;7.46;7.45;
1;2;629;532;7.52;6.86;1.69;
1;2;629;619;5.72;6.86;2.65;
1;2;629;621;5.56;6.86;2.63;
1;2;629;628;8.27;6.86;7.46;
1;2;629;629;8.33;6.86;6.86;
1;2;629;630;6.51;6.86;7.45;
1;2;629;631;8.0;6.86;6.92;
1;2;629;632;8.87;6.86;7.72;
1;2;630;532;7.75;7.45;1.69;
1;2;630;617;9.38;7.45;2.45;
1;2;630;619;4.16;7.45;2.65;
1;2;630;621;5.53;7.45;2.63;
1;2;630;628;8.24;7.45;7.46;
1;2;630;629;6.6;7.45;6.86;
1;2;630;630;3.6;7.45;7.45;
1;2;630;631;4.31;7.45;6.92;
1;2;630;632;5.87;7.45;7.72;
1;2;631;532;9.75;6.92;1.69;
1;2;631;617;7.82;6.92;2.45;
1;2;631;619;5.85;6.92;2.65;
1;2;631;621;9.26;6.92;2.63;
1;2;631;629;8.61;6.92;6.86;
1;2;631;630;4.71;6.92;7.45;
1;2;631;631;3.46;6.92;6.92;
1;2;631;632;3.45;6.92;7.72;
1;2;631;634;8.1;6.92;7.93;
1;2;631;646;9.31;6.92;12.78;
1;2;632;617;8.73;7.72;2.45;
1;2;632;619;7.73;7.72;2.65;
1;2;632;629;9.78;7.72;6.86;
1;2;632;630;6.53;7.72;7.45;
1;2;632;631;3.41;7.72;6.92;
1;2;632;632;3.73;7.72;7.72;
1;2;632;634;6.9;7.72;7.93;
1;2;632;635;8.46;7.72;7.2;
1;2;632;643;9.43;7.72;9.1;
1;2;632;644;6.45;7.72;10.0;
1;2;632;645;7.6;7.72;11.64;
1;2;632;646;7.67;7.72;12.78;
1;2;634;631;8.69;7.93;6.92;
1;2;634;632;7.68;7.93;7.72;
1;2;634;634;6.36;7.93;7.93;
1;2;634;635;5.59;7.93;7.2;
1;2;634;640;9.9;7.93;8.77;
1;2;634;641;7.85;7.93;9.21;
1;2;634;643;5.59;7.93;9.1;
1;2;634;644;4.51;7.93;10.0;
1;2;634;645;7.23;7.93;11.64;
1;2;634;646;9.69;7.93;12.78;
1;2;635;634;7.98;7.2;7.93;
1;2;635;635;6.57;7.2;7.2;
1;2;635;639;8.54;7.2;8.02;
1;2;635;640;7.72;7.2;8.77;
1;2;635;641;6.97;7.2;9.21;
1;2;635;643;6.39;7.2;9.1;
1;2;635;644;6.7;7.2;10.0;
1;2;635;645;8.7;7.2;11.64;
1;2;636;635;8.94;7.93;7.2;
1;2;636;638;9.22;7.93;8.14;
1;2;636;639;6.31;7.93;8.02;
1;2;636;640;4.79;7.93;8.77;
1;2;636;641;4.95;7.93;9.21;
1;2;636;643;6.36;7.93;9.1;
1;2;636;644;8.35;7.93;10.0;
1;2;638;638;8.91;8.14;8.14;
1;2;638;639;6.38;8.14;8.02;
1;2;638;640;8.13;8.14;8.77;
1;2;639;638;6.49;8.02;8.14;
1;2;639;639;5.7;8.02;8.02;
1;2;639;640;8.8;8.02;8.77;
1;2;642;614;8.01;8.72;2.92;
1;2;642;615;5.71;8.72;2.74;
1;2;642;634;5.79;8.72;7.93;
1;2;642;635;5.63;8.72;7.2;
1;2;642;638;9.1;8.72;8.14;
1;2;643;536;9.01;9.1;2.71;
1;2;643;537;9.31;9.1;2.61;
1;2;643;614;8.39;9.1;2.92;
1;2;643;615;5.23;9.1;2.74;
1;2;643;617;9.23;9.1;2.45;
1;2;643;634;6.59;9.1;7.93;
1;2;643;635;7.83;9.1;7.2;
1;2;644;534;8.83;10.0;1.88;
1;2;644;536;5.16;10.0;2.71;
1;2;644;537;6.19;10.0;2.61;
1;2;644;614;7.45;10.0;2.92;
1;2;644;615;4.1;10.0;2.74;
1;2;644;617;6.95;10.0;2.45;
1;2;644;634;6.89;10.0;7.93;
1;2;644;635;8.38;10.0;7.2;
1;2;645;536;5.46;11.64;2.71;
1;2;645;537;4.14;11.64;2.61;
1;2;645;614;5.81;11.64;2.92;
1;2;645;615;4.58;11.64;2.74;
1;2;645;617;9.59;11.64;2.45;
1;2;645;634;9.85;11.64;7.93;
1;2;646;534;9.62;12.78;1.88;
1;2;646;536;6.77;12.78;2.71;
1;2;646;537;5.66;12.78;2.61;
1;2;646;614;5.26;12.78;2.92;
1;2;646;615;6.09;12.78;2.74;
