1;2;514;639;8.01;3.3;7.16;
1;2;514;640;7.05;3.3;7.52;
1;2;514;641;9.72;3.3;7.86;
1;2;517;639;9.63;2.09;7.16;
1;2;517;640;6.36;2.09;7.52;
1;2;517;641;5.02;2.09;7.86;
1;2;517;642;5.55;2.09;7.71;
1;2;517;643;8.05;2.09;8.37;
1;2;517;644;9.56;2.09;8.69;
1;2;518;631;9.63;2.16;4.09;
1;2;518;633;7.31;2.16;4.38;
1;2;518;640;8.22;2.16;7.52;
1;2;518;641;5.23;2.16;7.86;
1;2;518;642;3.93;2.16;7.71;
1;2;518;643;5.34;2.16;8.37;
1;2;518;644;5.94;2.16;8.69;
1;2;518;645;9.34;2.16;10.13;
1;2;519;631;8.76;2.43;4.09;
1;2;519;633;8.42;2.43;4.38;
1;2;519;641;7.1;2.43;7.86;
1;2;519;642;6.33;2.43;7.71;
1;2;519;643;4.98;2.43;8.37;
1;2;519;644;4.37;2.43;8.69;
1;2;519;645;6.58;2.43;10.13;
1;2;519;646;9.44;2.43;10.48;
1;2;521;630;9.67;2.35;5.12;
1;2;521;631;9.14;2.35;4.09;
1;2;521;643;9.18;2.35;8.37;
1;2;521;644;6.8;2.35;8.69;
1;2;521;645;4.53;2.35;10.13;
1;2;521;646;4.75;2.35;10.48;
1;2;606;643;9.48;1.46;8.37;
1;2;606;644;8.47;1.46;8.69;
1;2;606;645;6.89;1.46;10.13;
1;2;606;646;8.6;1.46;10.48;
1;2;608;641;7.47;1.47;7.86;
1;2;608;642;8.43;1.47;7.71;
1;2;608;643;7.34;1.47;8.37;
1;2;608;644;7.85;1.47;8.69;
1;2;608;645;9.18;1.47;10.13;
1;2;620;628;9.82;2.0;5.49;
1;2;620;629;6.38;2.0;4.57;
1;2;620;630;5.65;2.0;5.12;
1;2;620;631;4.32;2.0;4.09;
1;2;620;633;9.84;2.0;4.38;
1;2;620;644;8.63;2.0;8.69;
1;2;621;621;9.62;2.32;2.32;
1;2;621;622;9.67;2.32;2.4;
1;2;621;628;6.3;2.32;5.49;
1;2;621;629;3.19;2.32;4.57;
1;2;621;630;4.6;2.32;5.12;
1;2;621;631;6.18;2.32;4.09;
1;2;622;621;9.68;2.4;2.32;
1;2;622;628;5.66;2.4;5.49;
1;2;622;629;4.58;2.4;4.57;
1;2;622;630;4.51;2.4;5.12;
1;2;622;631;7.46;2.4;4.09;
1;2;622;646;9.11;2.4;10.48;
1;2;623;626;9.62;2.74;4.62;
1;2;623;628;4.75;2.74;5.49;
1;2;623;629;6.26;2.74;4.57;
1;2;623;630;7.36;2.74;5.12;
1;2;627;621;8.48;4.43;2.32;
1;2;627;622;8.58;4.43;2.4;
1;2;627;623;7.05;4.43;2.74;
1;2;627;628;6.84;4.43;5.49;
1;2;627;629;9.75;4.43;4.57;
1;2;627;630;9.94;4.43;5.12;
1;2;628;621;6.64;5.49;2.32;
1;2;628;622;5.56;5.49;2.4;
1;2;628;623;4.01;5.49;2.74;
1;2;628;624;6.86;5.49;3.46;
1;2;628;626;8.16;5.49;4.62;
1;2;628;628;3.76;5.49;5.49;
1;2;628;629;6.73;5.49;4.57;
1;2;628;630;8.01;5.49;5.12;
1;2;629;620;7.09;4.57;2.0;
1;2;629;621;3.64;4.57;2.32;
1;2;629;622;4.34;4.57;2.4;
1;2;629;623;5.66;4.57;2.74;
1;2;629;624;8.59;4.57;3.46;
1;2;629;628;4.29;4.57;5.49;
1;2;629;629;5.04;4.57;4.57;
1;2;629;630;4.85;4.57;5.12;
1;2;629;631;8.38;4.57;4.09;
1;2;630;521;9.97;5.12;2.35;
1;2;630;620;5.69;5.12;2.0;
1;2;630;621;4.1;5.12;2.32;
1;2;630;622;4.49;5.12;2.4;
1;2;630;623;7.45;5.12;2.74;
1;2;630;624;9.23;5.12;3.46;
1;2;630;628;5.87;5.12;5.49;
1;2;630;629;3.82;5.12;4.57;
1;2;630;630;3.79;5.12;5.12;
1;2;630;631;5.78;5.12;4.09;
1;2;631;519;9.91;4.09;2.43;
1;2;631;521;9.95;4.09;2.35;
1;2;631;620;3.94;4.09;2.0;
1;2;631;621;5.51;4.09;2.32;
1;2;631;622;7.63;4.09;2.4;
1;2;631;628;9.62;4.09;5.49;
1;2;631;629;7.03;4.09;4.57;
1;2;631;630;4.68;4.09;5.12;
1;2;631;631;3.42;4.09;4.09;
1;2;631;633;7.41;4.09;4.38;
1;2;631;644;8.95;4.09;8.69;
1;2;631;646;9.51;4.09;10.48;
1;2;633;517;9.91;4.38;2.09;
1;2;633;518;7.1;4.38;2.16;
1;2;633;519;8.16;4.38;2.43;
1;2;633;620;9.66;4.38;2.0;
1;2;633;631;7.05;4.38;4.09;
1;2;633;633;4.33;4.38;4.38;
1;2;633;635;9.06;4.38;4.14;
1;2;633;642;7.73;4.38;7.71;
1;2;633;643;9.63;4.38;8.37;
1;2;633;644;8.28;4.38;8.69;
1;2;635;633;8.83;4.14;4.38;
1;2;635;635;8.33;4.14;4.14;
1;2;635;640;8.88;4.14;7.52;
1;2;635;641;9.07;4.14;7.86;
1;2;635;642;7.15;4.14;7.71;
1;2;639;514;7.4;7.16;3.3;
1;2;639;517;9.32;7.16;2.09;
1;2;639;635;8.36;7.16;4.14;
1;2;640;514;5.81;7.52;3.3;
1;2;640;517;6.17;7.52;2.09;
1;2;640;518;8.79;7.52;2.16;
1;2;640;635;7.95;7.52;4.14;
1;2;641;514;8.82;7.86;3.3;
1;2;641;517;4.55;7.86;2.09;
1;2;641;518;5.69;7.86;2.16;
1;2;641;519;7.7;7.86;2.43;
1;2;641;635;7.86;7.86;4.14;
1;2;642;517;5.47;7.71;2.09;
1;2;642;518;4.37;7.71;2.16;
1;2;642;519;6.73;7.71;2.43;
1;2;642;633;6.8;7.71;4.38;
1;2;642;635;6.57;7.71;4.14;
1;2;642;642;9.1;7.71;7.71;
1;2;643;517;7.36;8.37;2.09;
1;2;643;518;4.76;8.37;2.16;
1;2;643;519;4.35;8.37;2.43;
1;2;643;521;9.38;8.37;2.35;
1;2;643;633;8.34;8.37;4.38;
1;2;644;517;9.43;8.69;2.09;
1;2;644;518;5.83;8.69;2.16;
1;2;644;519;4.48;8.69;2.43;
1;2;644;521;6.99;8.69;2.35;
1;2;644;606;8.99;8.69;1.46;
1;2;644;620;7.76;8.69;2.0;
1;2;644;631;8.44;8.69;4.09;
1;2;644;633;7.67;8.69;4.38;
1;2;645;518;8.9;10.13;2.16;
1;2;645;519;6.01;10.13;2.43;
1;2;645;521;4.74;10.13;2.35;
1;2;645;606;7.11;10.13;1.46;
1;2;646;519;9.41;10.48;2.43;
1;2;646;521;4.83;10.48;2.35;
1;2;646;606;8.59;10.48;1.46;
1;2;646;622;9.29;10.48;2.4;
