1;2;521;560;8.27;2.9;4.34;
1;2;521;561;9.78;2.9;4.74;
1;2;532;642;9.93;1.73;8.05;
1;2;532;644;7.3;1.73;8.69;
1;2;534;642;7.19;1.72;8.05;
1;2;534;643;9.19;1.72;8.72;
1;2;534;644;8.02;1.72;8.69;
1;2;536;642;6.93;2.51;8.05;
1;2;559;557;7.62;4.11;3.13;
1;2;559;559;4.39;4.11;4.11;
1;2;559;560;6.0;4.11;4.34;
1;2;559;561;9.67;4.11;4.74;
1;2;559;604;9.65;4.11;2.02;
1;2;560;523;8.56;4.34;2.64;
1;2;560;557;9.32;4.34;3.13;
1;2;560;559;5.39;4.34;4.11;
1;2;560;560;6.57;4.34;4.34;
1;2;560;604;7.36;4.34;2.02;
1;2;561;523;8.75;4.74;2.64;
1;2;561;559;9.21;4.74;4.11;
1;2;561;560;9.96;4.74;4.34;
1;2;561;604;9.41;4.74;2.02;
1;2;561;626;7.94;4.74;3.83;
1;2;604;559;9.61;2.02;4.11;
1;2;604;560;7.7;2.02;4.34;
1;2;604;561;9.87;2.02;4.74;
1;2;619;630;9.01;2.64;4.0;
1;2;619;631;8.17;2.64;3.19;
1;2;619;632;7.31;2.64;3.5;
1;2;619;642;7.68;2.64;8.05;
1;2;621;631;8.72;2.52;3.19;
1;2;621;632;8.3;2.52;3.5;
1;2;621;642;9.49;2.52;8.05;
1;2;621;644;8.8;2.52;8.69;
1;2;626;561;7.62;3.83;4.74;
1;2;629;630;9.85;3.57;4.0;
1;2;629;631;6.96;3.57;3.19;
1;2;629;632;8.02;3.57;3.5;
1;2;630;629;9.87;4.0;3.57;
1;2;630;630;8.03;4.0;4.0;
1;2;630;631;5.06;4.0;3.19;
1;2;630;632;5.16;4.0;3.5;
1;2;631;621;8.69;3.19;2.52;
1;2;631;629;6.89;3.19;3.57;
1;2;631;630;5.05;3.19;4.0;
1;2;631;631;3.93;3.19;3.19;
1;2;631;632;5.64;3.19;3.5;
1;2;632;621;8.19;3.5;2.52;
1;2;632;629;7.88;3.5;3.57;
1;2;632;630;5.06;3.5;4.0;
1;2;632;631;5.49;3.5;3.19;
1;2;632;632;6.04;3.5;3.5;
1;2;642;532;10.0;8.05;1.73;
1;2;642;534;6.99;8.05;1.72;
1;2;642;536;6.53;8.05;2.51;
1;2;642;621;9.6;8.05;2.52;
1;2;643;534;8.89;8.72;1.72;
1;2;643;536;9.9;8.72;2.51;
1;2;644;532;7.24;8.69;1.73;
1;2;644;534;7.77;8.69;1.72;
1;2;644;621;8.8;8.69;2.52;
