517;518;3.78;0.1;0.06;
517;519;7.15;0.1;0.15;
517;635;7.57;0.1;0.12;
517;640;8.48;0.1;0.65;
517;641;6.47;0.1;0.84;
517;642;6.03;0.1;0.93;
517;643;8.13;0.1;1.14;
517;644;9.11;0.1;1.36;
518;519;3.76;0.06;0.15;
518;633;9.89;0.06;0.63;
518;635;8.65;0.06;0.12;
518;640;9.65;0.06;0.65;
518;641;7.68;0.06;0.84;
518;642;5.78;0.06;0.93;
518;643;6.58;0.06;1.14;
518;644;6.06;0.06;1.36;
518;645;8.8;0.06;3.23;
519;521;6.88;0.15;1.02;
519;606;6.82;0.15;0.17;
519;631;8.71;0.15;0.86;
519;641;9.68;0.15;0.84;
519;642;7.93;0.15;0.93;
519;643;6.76;0.15;1.14;
519;644;9.97;0.15;1.36;
519;645;9.51;0.15;3.23;
519;646;8.19;0.15;4.56;
521;523;6.89;1.02;0.14;
521;604;6.98;1.02;0.2;
521;606;4.77;1.02;0.17;
521;622;9.97;1.02;0.21;
521;628;9.41;1.02;0.15;
521;629;6.06;1.02;0.24;
521;630;7.33;1.02;0.78;
521;631;7.83;1.02;0.86;
521;644;8.35;1.02;1.36;
521;645;7.42;1.02;3.23;
521;646;9.42;1.02;4.56;
523;554;9.77;0.14;0.07;
523;602;6.44;0.14;0.09;
523;604;4.3;0.14;0.2;
523;606;8.91;0.14;0.17;
523;623;9.86;0.14;0.12;
523;624;9.84;0.14;0.12;
523;626;6.61;0.14;0.2;
523;627;6.98;0.14;0.44;
523;628;8.71;0.14;0.15;
523;629;7.85;0.14;0.24;
523;646;9.66;0.14;4.56;
554;557;7.84;0.07;0.16;
554;602;9.97;0.07;0.09;
554;604;5.51;0.07;0.2;
554;606;8.19;0.07;0.17;
554;627;8.57;0.07;0.44;
554;628;9.06;0.07;0.15;
554;629;9.9;0.07;0.24;
554;646;9.46;0.07;4.56;
557;559;6.71;0.16;0.15;
557;560;8.0;0.16;0.18;
557;604;9.67;0.16;0.2;
557;626;9.09;0.16;0.2;
557;627;6.7;0.16;0.44;
557;628;7.84;0.16;0.15;
559;560;3.81;0.15;0.18;
559;621;9.81;0.15;0.06;
559;622;9.79;0.15;0.21;
559;623;7.41;0.15;0.12;
559;624;9.79;0.15;0.12;
559;627;8.03;0.15;0.44;
559;628;7.07;0.15;0.15;
560;628;9.09;0.18;0.15;
602;604;6.93;0.09;0.2;
602;624;9.96;0.09;0.12;
602;626;4.89;0.09;0.2;
602;627;7.12;0.09;0.44;
604;606;6.81;0.2;0.17;
604;623;9.83;0.2;0.12;
604;624;9.8;0.2;0.12;
604;626;7.5;0.2;0.2;
604;627;5.99;0.2;0.44;
604;628;7.2;0.2;0.15;
604;629;7.0;0.2;0.24;
604;630;8.98;0.2;0.78;
604;646;8.32;0.2;4.56;
606;629;8.52;0.17;0.24;
606;630;8.62;0.17;0.78;
606;631;9.91;0.17;0.86;
606;644;9.37;0.17;1.36;
606;645;7.64;0.17;3.23;
606;646;5.95;0.17;4.56;
621;622;3.81;0.06;0.21;
621;623;6.55;0.06;0.12;
621;628;6.56;0.06;0.15;
621;629;5.91;0.06;0.24;
621;630;4.21;0.06;0.78;
621;631;6.27;0.06;0.86;
621;645;8.57;0.06;3.23;
621;646;8.24;0.06;4.56;
622;623;3.78;0.21;0.12;
622;624;6.58;0.21;0.12;
622;627;8.32;0.21;0.44;
622;628;5.4;0.21;0.15;
622;629;4.68;0.21;0.24;
622;631;7.71;0.21;0.86;
622;646;8.43;0.21;4.56;
623;624;3.8;0.12;0.12;
623;626;7.98;0.12;0.2;
623;627;5.77;0.12;0.44;
623;628;4.14;0.12;0.15;
623;629;6.02;0.12;0.24;
623;630;8.18;0.12;0.78;
624;626;5.42;0.12;0.2;
624;627;5.2;0.12;0.44;
624;628;6.13;0.12;0.15;
624;629;7.63;0.12;0.24;
626;627;3.86;0.2;0.44;
626;628;7.54;0.2;0.15;
626;629;9.5;0.2;0.24;
627;628;3.85;0.44;0.15;
627;629;6.31;0.44;0.24;
627;630;9.47;0.44;0.78;
628;629;3.81;0.15;0.24;
628;630;6.03;0.15;0.78;
628;631;9.86;0.15;0.86;
628;646;9.26;0.15;4.56;
629;630;3.88;0.24;0.78;
629;631;6.64;0.24;0.86;
629;645;8.13;0.24;3.23;
629;646;5.46;0.24;4.56;
630;644;9.46;0.78;1.36;
630;645;6.38;0.78;3.23;
630;646;5.74;0.78;4.56;
631;633;6.82;0.86;0.63;
631;643;7.54;0.86;1.14;
631;644;7.78;0.86;1.36;
631;645;8.84;0.86;3.23;
631;646;8.36;0.86;4.56;
633;635;6.96;0.63;0.12;
633;641;8.19;0.63;0.84;
633;642;8.07;0.63;0.93;
633;643;9.83;0.63;1.14;
633;644;7.95;0.63;1.36;
633;645;6.61;0.63;3.23;
635;640;9.77;0.12;0.65;
635;641;9.88;0.12;0.84;
635;642;8.73;0.12;0.93;
635;643;9.69;0.12;1.14;
640;641;3.84;0.65;0.84;
640;642;6.35;0.65;0.93;
640;643;8.74;0.65;1.14;
641;642;3.75;0.84;0.93;
641;643;5.21;0.84;1.14;
641;644;8.45;0.84;1.36;
642;643;3.76;0.93;1.14;
642;644;5.82;0.93;1.36;
642;645;8.41;0.93;3.23;
643;644;3.8;1.14;1.36;
643;645;5.31;1.14;3.23;
643;646;8.57;1.14;4.56;
644;645;3.29;1.36;3.23;
644;646;5.78;1.36;4.56;
645;646;3.83;3.23;4.56;
