1;2;517;640;5.99;1.71;7.25;
1;2;517;641;4.86;1.71;7.71;
1;2;517;642;6.16;1.71;7.46;
1;2;517;643;8.58;1.71;7.79;
1;2;518;633;8.9;1.72;5.92;
1;2;518;640;7.74;1.72;7.25;
1;2;518;641;4.64;1.72;7.71;
1;2;518;642;3.96;1.72;7.46;
1;2;518;643;5.43;1.72;7.79;
1;2;518;644;6.8;1.72;8.1;
1;2;518;645;9.5;1.72;9.94;
1;2;519;631;9.4;2.21;5.59;
1;2;519;633;9.37;2.21;5.92;
1;2;519;641;6.8;2.21;7.71;
1;2;519;642;6.11;2.21;7.46;
1;2;519;643;4.77;2.21;7.79;
1;2;519;644;5.12;2.21;8.1;
1;2;519;645;6.63;2.21;9.94;
1;2;519;646;9.51;2.21;9.24;
1;2;521;629;8.56;2.19;6.12;
1;2;521;631;8.28;2.19;5.59;
1;2;521;643;8.37;2.19;7.79;
1;2;521;644;6.51;2.19;8.1;
1;2;521;645;4.04;2.19;9.94;
1;2;521;646;4.2;2.19;9.24;
1;2;523;627;8.92;2.21;5.23;
1;2;523;628;8.1;2.21;6.63;
1;2;523;629;8.57;2.21;6.12;
1;2;523;646;7.07;2.21;9.24;
1;2;604;645;9.13;1.95;9.94;
1;2;604;646;7.6;1.95;9.24;
1;2;606;643;8.9;1.94;7.79;
1;2;606;644;8.58;1.94;8.1;
1;2;606;645;6.42;1.94;9.94;
1;2;606;646;7.88;1.94;9.24;
1;2;622;622;9.8;3.38;3.38;
1;2;622;626;7.66;3.38;4.73;
1;2;622;627;6.46;3.38;5.23;
1;2;622;628;7.97;3.38;6.63;
1;2;622;629;6.45;3.38;6.12;
1;2;622;646;8.63;3.38;9.24;
1;2;623;623;9.76;3.58;3.58;
1;2;623;624;9.73;3.58;4.1;
1;2;623;625;8.33;3.58;4.37;
1;2;623;626;4.52;3.58;4.73;
1;2;623;627;4.24;3.58;5.23;
1;2;623;628;7.48;3.58;6.63;
1;2;623;629;7.87;3.58;6.12;
1;2;624;625;8.31;4.1;4.37;
1;2;624;626;5.34;4.1;4.73;
1;2;624;627;3.68;4.1;5.23;
1;2;624;628;7.01;4.1;6.63;
1;2;624;629;8.93;4.1;6.12;
1;2;626;622;8.29;4.73;3.38;
1;2;626;623;5.05;4.73;3.58;
1;2;626;624;4.37;4.73;4.1;
1;2;626;625;3.66;4.73;4.37;
1;2;626;626;4.35;4.73;4.73;
1;2;626;627;3.73;4.73;5.23;
1;2;626;628;5.26;4.73;6.63;
1;2;626;629;8.31;4.73;6.12;
1;2;627;523;9.33;5.23;2.21;
1;2;627;622;6.54;5.23;3.38;
1;2;627;623;4.78;5.23;3.58;
1;2;627;624;4.06;5.23;4.1;
1;2;627;625;4.6;5.23;4.37;
1;2;627;626;3.72;5.23;4.73;
1;2;627;627;4.17;5.23;5.23;
1;2;627;628;5.67;5.23;6.63;
1;2;627;629;6.79;5.23;6.12;
1;2;628;523;9.38;6.63;2.21;
1;2;628;622;8.84;6.63;3.38;
1;2;628;623;8.36;6.63;3.58;
1;2;628;624;7.46;6.63;4.1;
1;2;628;625;7.1;6.63;4.37;
1;2;628;626;4.61;6.63;4.73;
1;2;628;627;6.24;6.63;5.23;
1;2;628;628;8.46;6.63;6.63;
1;2;628;629;8.17;6.63;6.12;
1;2;629;521;8.86;6.12;2.19;
1;2;629;523;9.1;6.12;2.21;
1;2;629;622;6.98;6.12;3.38;
1;2;629;623;8.23;6.12;3.58;
1;2;629;624;8.81;6.12;4.1;
1;2;629;625;9.9;6.12;4.37;
1;2;629;626;7.84;6.12;4.73;
1;2;629;627;7.68;6.12;5.23;
1;2;629;628;8.21;6.12;6.63;
1;2;629;629;6.29;6.12;6.12;
1;2;629;631;9.03;6.12;5.59;
1;2;629;646;9.96;6.12;9.24;
1;2;631;521;9.02;5.59;2.19;
1;2;631;629;8.93;5.59;6.12;
1;2;631;631;6.36;5.59;5.59;
1;2;631;644;6.95;5.59;8.1;
1;2;631;645;9.86;5.59;9.94;
1;2;631;646;9.76;5.59;9.24;
1;2;633;631;9.62;5.92;5.59;
1;2;633;633;8.25;5.92;5.92;
1;2;633;642;6.68;5.92;7.46;
1;2;633;643;8.96;5.92;7.79;
1;2;633;644;8.13;5.92;8.1;
1;2;635;640;8.76;6.37;7.25;
1;2;635;641;9.14;6.37;7.71;
1;2;635;642;7.85;6.37;7.46;
1;2;640;517;6.81;7.25;1.71;
1;2;640;518;7.95;7.25;1.72;
1;2;640;635;9.03;7.25;6.37;
1;2;641;517;5.09;7.71;1.71;
1;2;641;518;4.67;7.71;1.72;
1;2;641;519;6.6;7.71;2.21;
1;2;641;635;9.23;7.71;6.37;
1;2;642;517;6.38;7.46;1.71;
1;2;642;518;4.13;7.46;1.72;
1;2;642;519;6.11;7.46;2.21;
1;2;642;633;6.64;7.46;5.92;
1;2;642;635;8.0;7.46;6.37;
1;2;642;642;8.63;7.46;7.46;
1;2;643;517;8.82;7.79;1.71;
1;2;643;518;5.68;7.79;1.72;
1;2;643;519;4.94;7.79;2.21;
1;2;643;521;8.22;7.79;2.19;
1;2;643;606;9.1;7.79;1.94;
1;2;643;631;9.93;7.79;5.59;
1;2;643;633;8.89;7.79;5.92;
1;2;644;518;6.99;8.1;1.72;
1;2;644;519;5.38;8.1;2.21;
1;2;644;521;6.4;8.1;2.19;
1;2;644;606;8.78;8.1;1.94;
1;2;644;631;6.69;8.1;5.59;
1;2;644;633;8.14;8.1;5.92;
1;2;644;644;8.77;8.1;8.1;
1;2;645;518;9.81;9.94;1.72;
1;2;645;519;7.02;9.94;2.21;
1;2;645;521;4.01;9.94;2.19;
1;2;645;523;9.94;9.94;2.21;
1;2;645;606;6.87;9.94;1.94;
1;2;645;631;9.46;9.94;5.59;
1;2;646;519;9.94;9.24;2.21;
1;2;646;521;4.47;9.24;2.19;
1;2;646;523;7.24;9.24;2.21;
1;2;646;606;8.37;9.24;1.94;
1;2;646;622;8.48;9.24;3.38;
1;2;646;629;9.53;9.24;6.12;
1;2;646;631;9.51;9.24;5.59;
