521;560;8.27;0.11;0.72;
521;561;9.78;0.11;0.42;
521;604;6.79;0.11;0.03;
523;560;8.56;0.19;0.72;
523;561;8.75;0.19;0.42;
523;604;4.36;0.19;0.03;
523;626;9.93;0.19;0.1;
532;534;6.54;0.08;0.05;
532;619;7.69;0.08;0.12;
532;621;4.86;0.08;0.09;
532;630;8.59;0.08;0.13;
532;631;9.69;0.08;0.04;
532;642;10.0;0.08;0.42;
532;644;7.24;0.08;0.33;
534;536;5.98;0.05;0.14;
534;619;5.22;0.05;0.12;
534;621;8.52;0.05;0.09;
534;632;9.34;0.05;0.07;
534;642;6.99;0.05;0.42;
534;643;8.89;0.05;0.36;
534;644;7.77;0.05;0.33;
536;619;6.64;0.14;0.12;
536;632;8.81;0.14;0.07;
536;642;6.53;0.14;0.42;
536;643;9.9;0.14;0.36;
557;559;6.52;0.23;0.53;
557;560;9.32;0.23;0.72;
557;604;9.6;0.23;0.03;
559;560;3.78;0.53;0.72;
559;561;6.68;0.53;0.42;
559;604;7.23;0.53;0.03;
560;561;3.79;0.72;0.42;
560;604;9.12;0.72;0.03;
561;604;9.87;0.42;0.03;
561;626;7.62;0.42;0.1;
619;621;6.38;0.12;0.09;
619;630;9.01;0.12;0.13;
619;631;8.17;0.12;0.04;
619;632;7.31;0.12;0.07;
619;642;7.68;0.12;0.42;
621;629;5.75;0.09;0.13;
621;630;3.85;0.09;0.13;
621;631;6.07;0.09;0.04;
621;632;8.72;0.09;0.07;
621;642;9.6;0.09;0.42;
621;644;8.8;0.09;0.33;
626;629;9.1;0.1;0.13;
629;630;3.84;0.13;0.13;
629;631;6.67;0.13;0.04;
629;632;7.88;0.13;0.07;
630;631;3.82;0.13;0.04;
630;632;7.0;0.13;0.07;
631;632;3.88;0.04;0.07;
632;642;9.77;0.07;0.42;
642;643;3.81;0.42;0.36;
642;644;5.91;0.42;0.33;
643;644;3.78;0.36;0.33;
