1;2;517;640;7.44;1.79;6.91;
1;2;517;641;5.52;1.79;7.41;
1;2;517;642;5.71;1.79;6.91;
1;2;517;643;7.72;1.79;7.32;
1;2;517;644;8.88;1.79;7.84;
1;2;518;640;9.65;1.9;6.91;
1;2;518;641;6.57;1.9;7.41;
1;2;518;642;5.08;1.9;6.91;
1;2;518;643;5.74;1.9;7.32;
1;2;518;644;5.55;1.9;7.84;
1;2;518;645;8.53;1.9;9.83;
1;2;519;641;8.66;2.61;7.41;
1;2;519;642;7.45;2.61;6.91;
1;2;519;643;5.92;2.61;7.32;
1;2;519;644;4.7;2.61;7.84;
1;2;519;645;6.57;2.61;9.83;
1;2;519;646;7.04;2.61;9.64;
1;2;521;628;9.17;2.69;5.89;
1;2;521;629;5.89;2.69;5.15;
1;2;521;630;7.33;2.69;5.44;
1;2;521;644;8.29;2.69;7.84;
1;2;521;645;7.26;2.69;9.83;
1;2;521;646;4.31;2.69;9.64;
1;2;523;623;9.86;2.88;3.68;
1;2;523;624;8.19;2.88;3.97;
1;2;523;626;6.35;2.88;4.73;
1;2;523;627;6.14;2.88;5.01;
1;2;523;628;8.12;2.88;5.89;
1;2;523;629;7.33;2.88;5.15;
1;2;523;646;9.66;2.88;9.64;
1;2;557;626;9.63;3.07;4.73;
1;2;557;627;7.35;3.07;5.01;
1;2;557;628;7.76;3.07;5.89;
1;2;559;621;9.58;4.88;3.1;
1;2;559;623;7.43;4.88;3.68;
1;2;559;624;9.94;4.88;3.97;
1;2;559;627;8.88;4.88;5.01;
1;2;559;628;7.39;4.88;5.89;
1;2;560;628;9.53;4.26;5.89;
1;2;602;624;9.72;2.21;3.97;
1;2;602;626;4.51;2.21;4.73;
1;2;602;627;6.42;2.21;5.01;
1;2;604;623;9.83;2.32;3.68;
1;2;604;624;9.54;2.32;3.97;
1;2;604;626;7.52;2.32;4.73;
1;2;604;627;5.44;2.32;5.01;
1;2;604;628;6.54;2.32;5.89;
1;2;604;629;6.21;2.32;5.15;
1;2;604;630;8.98;2.32;5.44;
1;2;604;646;9.45;2.32;9.64;
1;2;606;629;8.12;1.98;5.15;
1;2;606;630;8.62;1.98;5.44;
1;2;606;644;9.76;1.98;7.84;
1;2;606;645;9.13;1.98;9.83;
1;2;606;646;7.4;1.98;9.64;
1;2;621;559;9.81;3.1;4.88;
1;2;622;521;9.97;3.41;2.69;
1;2;622;559;9.79;3.41;4.88;
1;2;623;559;7.41;3.68;4.88;
1;2;624;523;8.41;3.97;2.88;
1;2;624;559;9.79;3.97;4.88;
1;2;624;602;9.96;3.97;2.21;
1;2;624;604;9.8;3.97;2.32;
1;2;626;523;6.61;4.73;2.88;
1;2;626;557;9.09;4.73;3.07;
1;2;626;602;4.89;4.73;2.21;
1;2;626;604;7.5;4.73;2.32;
1;2;627;523;6.98;5.01;2.88;
1;2;627;554;8.57;5.01;1.77;
1;2;627;557;6.7;5.01;3.07;
1;2;627;559;8.03;5.01;4.88;
1;2;627;602;7.12;5.01;2.21;
1;2;627;604;5.99;5.01;2.32;
1;2;628;521;9.41;5.89;2.69;
1;2;628;523;8.71;5.89;2.88;
1;2;628;554;9.06;5.89;1.77;
1;2;628;557;7.84;5.89;3.07;
1;2;628;559;7.07;5.89;4.88;
1;2;628;560;9.09;5.89;4.26;
1;2;628;604;7.2;5.89;2.32;
1;2;629;521;6.06;5.15;2.69;
1;2;629;523;7.85;5.15;2.88;
1;2;629;554;9.9;5.15;1.77;
1;2;629;604;7.0;5.15;2.32;
1;2;629;606;8.52;5.15;1.98;
1;2;631;519;8.71;4.73;2.61;
1;2;631;521;7.83;4.73;2.69;
1;2;631;606;9.91;4.73;1.98;
1;2;631;644;7.78;4.73;7.84;
1;2;631;645;8.84;4.73;9.83;
1;2;631;646;8.36;4.73;9.64;
1;2;633;518;9.89;4.97;1.9;
1;2;633;642;8.07;4.97;6.91;
1;2;633;643;9.83;4.97;7.32;
1;2;633;644;7.95;4.97;7.84;
1;2;635;640;9.23;5.34;6.91;
1;2;635;641;9.39;5.34;7.41;
1;2;635;642;7.46;5.34;6.91;
1;2;640;517;8.48;6.91;1.79;
1;2;641;517;6.47;7.41;1.79;
1;2;641;518;7.68;7.41;1.9;
1;2;641;519;9.68;7.41;2.61;
1;2;642;517;6.03;6.91;1.79;
1;2;642;518;5.78;6.91;1.9;
1;2;642;519;7.93;6.91;2.61;
1;2;642;635;8.17;6.91;5.34;
1;2;642;642;8.59;6.91;6.91;
1;2;642;644;9.75;6.91;7.84;
1;2;643;517;8.13;7.32;1.79;
1;2;643;518;6.58;7.32;1.9;
1;2;643;519;6.76;7.32;2.61;
1;2;643;644;9.55;7.32;7.84;
1;2;644;517;9.11;7.84;1.79;
1;2;644;518;6.06;7.84;1.9;
1;2;644;519;4.95;7.84;2.61;
1;2;644;521;8.35;7.84;2.69;
1;2;644;606;9.37;7.84;1.98;
1;2;644;642;9.53;7.84;6.91;
1;2;644;643;9.45;7.84;7.32;
1;2;644;644;6.8;7.84;7.84;
1;2;644;645;7.88;7.84;9.83;
1;2;644;646;9.45;7.84;9.64;
1;2;645;518;8.8;9.83;1.9;
1;2;645;519;6.49;9.83;2.61;
1;2;645;521;7.42;9.83;2.69;
1;2;645;606;7.64;9.83;1.98;
1;2;645;644;9.62;9.83;7.84;
1;2;646;519;8.19;9.64;2.61;
1;2;646;521;5.62;9.64;2.69;
1;2;646;554;9.46;9.64;1.77;
1;2;646;604;8.32;9.64;2.32;
1;2;646;606;5.95;9.64;1.98;
