1;2;517;639;8.07;4.4;8.12;
1;2;517;640;5.43;4.4;8.19;
1;2;517;641;7.56;4.4;8.41;
1;2;517;642;6.99;4.4;8.03;
1;2;521;621;9.68;4.72;4.42;
1;2;521;628;8.78;4.72;7.17;
1;2;521;629;5.38;4.72;6.66;
1;2;521;630;6.22;4.72;7.15;
1;2;521;631;6.96;4.72;6.78;
1;2;521;632;9.4;4.72;7.59;
1;2;523;626;8.97;4.85;4.91;
1;2;523;627;5.55;4.85;6.33;
1;2;523;628;5.55;4.85;7.17;
1;2;523;629;5.58;4.85;6.66;
1;2;523;630;8.94;4.85;7.15;
1;2;534;560;9.86;2.45;4.16;
1;2;554;629;9.72;1.85;6.66;
1;2;554;630;8.71;1.85;7.15;
1;2;559;532;8.16;4.48;2.48;
1;2;559;621;8.13;4.48;4.42;
1;2;559;622;9.48;4.48;4.25;
1;2;559;628;8.59;4.48;7.17;
1;2;560;532;6.99;4.16;2.48;
1;2;560;534;8.24;4.16;2.45;
1;2;560;621;8.26;4.16;4.42;
1;2;562;534;9.38;3.56;2.45;
1;2;604;627;9.24;2.16;6.33;
1;2;604;628;7.42;2.16;7.17;
1;2;604;629;5.94;2.16;6.66;
1;2;604;630;7.29;2.16;7.15;
1;2;606;629;8.1;2.18;6.66;
1;2;606;630;7.52;2.18;7.15;
1;2;606;631;7.81;2.18;6.78;
1;2;606;632;8.69;2.18;7.59;
1;2;621;559;9.41;4.42;4.48;
1;2;621;560;8.57;4.42;4.16;
1;2;621;643;9.53;4.42;8.41;
1;2;621;644;9.15;4.42;9.02;
1;2;621;645;8.03;4.42;9.36;
1;2;621;646;9.27;4.42;9.92;
1;2;626;523;9.57;4.91;4.85;
1;2;626;624;9.2;4.91;4.28;
1;2;626;626;6.67;4.91;4.91;
1;2;626;627;9.16;4.91;6.33;
1;2;626;646;8.33;4.91;9.92;
1;2;627;523;6.5;6.33;4.85;
1;2;627;604;9.74;6.33;2.16;
1;2;627;624;9.72;6.33;4.28;
1;2;627;626;9.25;6.33;4.91;
1;2;627;645;9.03;6.33;9.36;
1;2;627;646;5.64;6.33;9.92;
1;2;628;523;7.13;7.17;4.85;
1;2;628;559;7.4;7.17;4.48;
1;2;628;560;9.65;7.17;4.16;
1;2;628;604;8.91;7.17;2.16;
1;2;628;645;7.77;7.17;9.36;
1;2;628;646;5.84;7.17;9.92;
1;2;629;523;7.15;6.66;4.85;
1;2;629;559;9.51;6.66;4.48;
1;2;629;604;8.52;6.66;2.16;
1;2;629;643;9.6;6.66;8.41;
1;2;629;644;7.61;6.66;9.02;
1;2;629;645;4.43;6.66;9.36;
1;2;629;646;4.14;6.66;9.92;
1;2;630;523;9.01;7.15;4.85;
1;2;630;559;8.22;7.15;4.48;
1;2;630;560;7.88;7.15;4.16;
1;2;630;604;8.49;7.15;2.16;
1;2;630;643;8.3;7.15;8.41;
1;2;630;644;8.06;7.15;9.02;
1;2;630;645;5.93;7.15;9.36;
1;2;630;646;7.44;7.15;9.92;
1;2;632;641;7.84;7.59;8.41;
1;2;632;642;7.07;7.59;8.03;
1;2;632;643;5.58;7.59;8.41;
1;2;632;644;8.55;7.59;9.02;
1;2;632;645;9.49;7.59;9.36;
1;2;633;640;7.58;6.97;8.19;
1;2;633;641;5.28;6.97;8.41;
1;2;633;642;5.58;6.97;8.03;
1;2;633;643;6.18;6.97;8.41;
1;2;633;644;9.62;6.97;9.02;
1;2;634;640;8.52;7.95;8.19;
1;2;634;641;6.71;7.95;8.41;
1;2;634;642;8.69;7.95;8.03;
1;2;634;643;8.96;7.95;8.41;
1;2;638;638;6.52;8.19;8.19;
1;2;638;639;5.22;8.19;8.12;
1;2;638;640;6.82;8.19;8.19;
1;2;638;641;8.72;8.19;8.41;
1;2;639;517;8.76;8.12;4.4;
1;2;639;638;4.8;8.12;8.19;
1;2;639;639;3.68;8.12;8.12;
1;2;639;640;5.22;8.12;8.19;
1;2;639;641;6.64;8.12;8.41;
1;2;640;517;5.43;8.19;4.4;
1;2;640;633;9.09;8.19;6.97;
1;2;640;638;6.49;8.19;8.19;
1;2;640;639;5.28;8.19;8.12;
1;2;640;640;5.05;8.19;8.19;
1;2;640;641;5.0;8.19;8.41;
1;2;640;642;7.82;8.19;8.03;
1;2;640;643;9.19;8.19;8.41;
1;2;641;517;6.32;8.41;4.4;
1;2;641;631;9.6;8.41;6.78;
1;2;641;632;9.29;8.41;7.59;
1;2;641;633;6.08;8.41;6.97;
1;2;641;634;7.76;8.41;7.95;
1;2;641;638;7.2;8.41;8.19;
1;2;641;639;5.38;8.41;8.12;
1;2;641;640;4.35;8.41;8.19;
1;2;641;641;5.42;8.41;8.41;
1;2;641;642;6.33;8.41;8.03;
1;2;641;643;8.93;8.41;8.41;
1;2;642;517;6.38;8.03;4.4;
1;2;642;631;7.57;8.03;6.78;
1;2;642;632;8.76;8.03;7.59;
1;2;642;633;6.47;8.03;6.97;
1;2;642;634;9.59;8.03;7.95;
1;2;642;639;8.96;8.03;8.12;
1;2;642;640;6.69;8.03;8.19;
1;2;642;641;5.45;8.03;8.41;
1;2;642;642;4.65;8.03;8.03;
1;2;642;643;6.18;8.03;8.41;
1;2;642;644;6.52;8.03;9.02;
1;2;643;517;9.83;8.41;4.4;
1;2;643;630;8.63;8.41;7.15;
1;2;643;631;5.51;8.41;6.78;
1;2;643;632;7.39;8.41;7.59;
1;2;643;633;6.81;8.41;6.97;
1;2;643;640;8.44;8.41;8.19;
1;2;643;641;7.87;8.41;8.41;
1;2;643;642;5.17;8.41;8.03;
1;2;643;643;7.44;8.41;8.41;
1;2;643;644;6.26;8.41;9.02;
1;2;643;645;9.74;8.41;9.36;
1;2;644;622;9.48;9.02;4.25;
1;2;644;629;8.25;9.02;6.66;
1;2;644;630;8.44;9.02;7.15;
1;2;644;631;6.8;9.02;6.78;
1;2;644;632;9.96;9.02;7.59;
1;2;644;641;9.86;9.02;8.41;
1;2;644;642;6.35;9.02;8.03;
1;2;644;643;6.99;9.02;8.41;
1;2;644;644;4.17;9.02;9.02;
1;2;644;645;6.46;9.02;9.36;
1;2;644;646;8.67;9.02;9.92;
1;2;645;621;6.47;9.36;4.42;
1;2;645;622;4.92;9.36;4.25;
1;2;645;624;7.95;9.36;4.28;
1;2;645;627;8.6;9.36;6.33;
1;2;645;628;6.68;9.36;7.17;
1;2;645;629;4.64;9.36;6.66;
1;2;645;630;6.19;9.36;7.15;
1;2;645;631;6.69;9.36;6.78;
1;2;645;644;6.73;9.36;9.02;
1;2;645;645;7.02;9.36;9.36;
1;2;645;646;7.2;9.36;9.92;
1;2;646;621;8.78;9.92;4.42;
1;2;646;622;6.57;9.92;4.25;
1;2;646;624;6.23;9.92;4.28;
1;2;646;626;7.62;9.92;4.91;
1;2;646;627;5.46;9.92;6.33;
1;2;646;628;5.19;9.92;7.17;
1;2;646;629;4.98;9.92;6.66;
1;2;646;630;8.34;9.92;7.15;
1;2;646;631;9.94;9.92;6.78;
1;2;646;644;9.28;9.92;9.02;
1;2;646;645;8.06;9.92;9.36;
1;2;646;646;6.45;9.92;9.92;
