517;633;7.28;0.39;0.69;
517;634;9.18;0.39;0.53;
517;638;9.54;0.39;1.4;
517;639;9.75;0.39;1.08;
517;640;9.8;0.39;1.82;
517;641;9.08;0.39;1.93;
517;642;6.38;0.39;1.56;
517;643;9.83;0.39;2.58;
521;523;6.79;0.46;0.57;
521;554;9.7;0.46;0.27;
521;604;6.48;0.46;0.14;
521;606;3.77;0.46;0.15;
521;621;9.68;0.46;0.54;
521;628;8.78;0.46;0.68;
521;629;5.38;0.46;1.25;
521;630;6.22;0.46;1.16;
521;631;6.96;0.46;1.2;
521;632;9.4;0.46;0.44;
521;643;7.6;0.46;2.58;
521;644;6.23;0.46;1.81;
521;645;6.47;0.46;2.81;
521;646;7.15;0.46;1.61;
523;604;4.16;0.57;0.14;
523;606;9.06;0.57;0.15;
523;624;9.75;0.57;0.32;
523;626;9.57;0.57;0.57;
523;627;6.5;0.57;0.57;
523;628;7.13;0.57;0.68;
523;629;7.15;0.57;1.25;
523;630;9.01;0.57;1.16;
523;645;6.88;0.57;2.81;
523;646;4.92;0.57;1.61;
532;534;6.46;0.31;0.1;
532;559;8.16;0.31;0.33;
532;560;6.99;0.31;1.05;
532;621;4.8;0.31;0.54;
532;622;6.16;0.31;0.52;
532;630;8.77;0.31;1.16;
532;631;9.66;0.31;1.2;
534;560;8.24;0.1;1.05;
534;562;9.38;0.1;0.94;
534;621;8.35;0.1;0.54;
534;632;9.22;0.1;0.44;
534;633;9.79;0.1;0.69;
554;557;8.12;0.27;0.73;
554;562;8.95;0.27;0.94;
554;604;5.48;0.27;0.14;
554;606;7.98;0.27;0.15;
554;629;9.72;0.27;1.25;
554;630;8.71;0.27;1.16;
557;559;6.79;0.73;0.33;
557;560;7.95;0.73;1.05;
557;562;6.71;0.73;0.94;
557;604;9.16;0.73;0.14;
559;560;3.86;0.33;1.05;
559;562;8.66;0.33;0.94;
559;621;9.41;0.33;0.54;
559;622;9.48;0.33;0.52;
559;628;7.4;0.33;0.68;
559;629;9.51;0.33;1.25;
559;630;8.22;0.33;1.16;
560;562;6.78;1.05;0.94;
560;621;8.57;1.05;0.54;
560;628;9.65;1.05;0.68;
560;630;7.88;1.05;1.16;
604;606;6.87;0.14;0.15;
604;627;9.74;0.14;0.57;
604;628;8.91;0.14;0.68;
604;629;8.52;0.14;1.25;
604;630;8.49;0.14;1.16;
604;645;7.89;0.14;2.81;
604;646;7.83;0.14;1.61;
606;629;8.1;0.15;1.25;
606;630;7.52;0.15;1.16;
606;631;7.81;0.15;1.2;
606;632;8.69;0.15;0.44;
606;643;8.57;0.15;2.58;
606;644;8.81;0.15;1.81;
606;645;9.86;0.15;2.81;
621;622;3.82;0.54;0.52;
621;624;9.78;0.54;0.32;
621;628;7.03;0.54;0.68;
621;629;5.64;0.54;1.25;
621;630;4.17;0.54;1.16;
621;631;5.9;0.54;1.2;
621;632;8.38;0.54;0.44;
621;643;9.53;0.54;2.58;
621;644;9.15;0.54;1.81;
621;645;6.47;0.54;2.81;
621;646;8.78;0.54;1.61;
622;624;6.33;0.52;0.32;
622;627;8.69;0.52;0.57;
622;628;5.95;0.52;0.68;
622;629;5.87;0.52;1.25;
622;630;6.67;0.52;1.16;
622;631;8.11;0.52;1.2;
622;644;9.48;0.52;1.81;
622;645;4.92;0.52;2.81;
622;646;9.67;0.52;1.61;
624;626;5.44;0.32;0.57;
624;627;5.72;0.32;0.57;
624;628;6.27;0.32;0.68;
624;629;8.8;0.32;1.25;
624;645;7.95;0.32;2.81;
624;646;7.98;0.32;1.61;
626;627;3.84;0.57;0.57;
626;628;7.29;0.57;0.68;
626;629;9.5;0.57;1.25;
626;646;7.62;0.57;1.61;
627;628;3.83;0.57;0.68;
627;629;6.92;0.57;1.25;
627;630;9.46;0.57;1.16;
627;645;8.6;0.57;2.81;
627;646;5.46;0.57;1.61;
628;629;3.88;0.68;1.25;
628;630;7.19;0.68;1.16;
628;645;6.68;0.68;2.81;
628;646;5.19;0.68;1.61;
629;630;3.93;1.25;1.16;
629;631;6.88;1.25;1.2;
629;632;9.93;1.25;0.44;
629;643;9.6;1.25;2.58;
629;644;8.25;1.25;1.81;
629;645;4.64;1.25;2.81;
629;646;4.98;1.25;1.61;
630;631;3.82;1.16;1.2;
630;632;6.22;1.16;0.44;
630;633;9.29;1.16;0.69;
630;643;8.63;1.16;2.58;
630;644;8.44;1.16;1.81;
630;645;6.19;1.16;2.81;
630;646;8.34;1.16;1.61;
631;632;3.8;1.2;0.44;
631;633;5.82;1.2;0.69;
631;634;9.13;1.2;0.53;
631;641;9.6;1.2;1.93;
631;642;7.57;1.2;1.56;
631;643;5.51;1.2;2.58;
631;644;9.34;1.2;1.81;
631;645;6.69;1.2;2.81;
631;646;9.94;1.2;1.61;
632;633;3.83;0.44;0.69;
632;634;5.94;0.44;0.53;
632;641;9.29;0.44;1.93;
632;642;8.76;0.44;1.56;
632;643;7.39;0.44;2.58;
632;644;9.96;0.44;1.81;
632;645;9.49;0.44;2.81;
633;634;3.83;0.69;0.53;
633;640;9.09;0.69;1.82;
633;641;6.08;0.69;1.93;
633;642;6.47;0.69;1.56;
633;643;6.81;0.69;2.58;
633;644;9.62;0.69;1.81;
634;638;9.44;0.53;1.4;
634;640;8.52;0.53;1.82;
634;641;7.76;0.53;1.93;
634;642;9.59;0.53;1.56;
634;643;8.96;0.53;2.58;
638;639;3.61;1.4;1.08;
638;640;7.38;1.4;1.82;
638;641;7.2;1.4;1.93;
639;640;3.95;1.08;1.82;
639;641;7.24;1.08;1.93;
639;642;9.65;1.08;1.56;
640;641;3.89;1.82;1.93;
640;642;5.92;1.82;1.56;
640;643;9.01;1.82;2.58;
641;642;3.8;1.93;1.56;
641;643;5.5;1.93;2.58;
641;644;8.58;1.93;1.81;
642;643;3.98;1.56;2.58;
642;644;5.85;1.56;1.81;
642;645;9.27;1.56;2.81;
643;644;3.96;2.58;1.81;
643;645;6.72;2.58;2.81;
644;645;3.94;1.81;2.81;
644;646;7.44;1.81;1.61;
645;646;3.84;2.81;1.61;
