517;518;3.77;0.36;0.33;
517;519;7.0;0.36;0.33;
517;633;9.91;0.36;0.31;
517;635;7.41;0.36;0.06;
517;640;6.81;0.36;1.45;
517;641;5.09;0.36;2.3;
517;642;6.38;0.36;1.43;
517;643;8.82;0.36;1.86;
518;519;3.78;0.33;0.33;
518;633;7.9;0.33;0.31;
518;635;8.41;0.33;0.06;
518;640;7.95;0.33;1.45;
518;641;4.67;0.33;2.3;
518;642;4.13;0.33;1.43;
518;643;5.68;0.33;1.86;
518;644;6.99;0.33;1.48;
518;645;9.81;0.33;2.23;
519;521;7.0;0.33;0.48;
519;606;6.73;0.33;0.21;
519;631;9.4;0.33;0.23;
519;633;9.97;0.33;0.31;
519;641;6.6;0.33;2.3;
519;642;6.11;0.33;1.43;
519;643;4.94;0.33;1.86;
519;644;5.38;0.33;1.48;
519;645;7.02;0.33;2.23;
519;646;9.94;0.33;1.94;
521;523;6.96;0.48;0.12;
521;604;6.24;0.48;0.1;
521;606;4.02;0.48;0.21;
521;629;8.86;0.48;0.44;
521;631;9.02;0.48;0.23;
521;643;8.22;0.48;1.86;
521;644;6.4;0.48;1.48;
521;645;4.01;0.48;2.23;
521;646;4.47;0.48;1.94;
523;604;4.45;0.12;0.1;
523;606;8.93;0.12;0.21;
523;622;9.9;0.12;0.1;
523;624;8.55;0.12;0.73;
523;627;9.33;0.12;1.19;
523;628;9.38;0.12;0.34;
523;629;9.1;0.12;0.44;
523;645;9.94;0.12;2.23;
523;646;7.24;0.12;1.94;
604;606;6.89;0.1;0.21;
604;645;9.13;0.1;2.23;
604;646;7.6;0.1;1.94;
606;643;9.1;0.21;1.86;
606;644;8.78;0.21;1.48;
606;645;6.87;0.21;2.23;
606;646;8.37;0.21;1.94;
622;623;3.81;0.1;0.13;
622;624;7.03;0.1;0.73;
622;626;8.29;0.1;0.77;
622;627;8.18;0.1;1.19;
622;628;5.57;0.1;0.34;
622;629;4.67;0.1;0.44;
622;631;8.03;0.1;0.23;
622;646;8.52;0.1;1.94;
623;624;3.91;0.13;0.73;
623;625;6.98;0.13;0.89;
623;626;7.92;0.13;0.77;
623;627;6.42;0.13;1.19;
623;628;4.61;0.13;0.34;
623;629;6.31;0.13;0.44;
624;625;3.92;0.73;0.89;
624;626;6.31;0.73;0.77;
624;627;7.02;0.73;1.19;
624;628;7.36;0.73;0.34;
624;629;9.26;0.73;0.44;
625;626;3.92;0.89;0.77;
625;627;6.33;0.89;1.19;
625;628;8.54;0.89;0.34;
625;629;9.9;0.89;0.44;
626;627;4.1;0.77;1.19;
626;628;7.58;0.77;0.34;
626;629;9.29;0.77;0.44;
627;628;3.96;1.19;0.34;
627;629;6.18;1.19;0.44;
627;646;9.79;1.19;1.94;
628;629;3.8;0.34;0.44;
628;646;7.3;0.34;1.94;
629;631;6.65;0.44;0.23;
629;644;9.19;0.44;1.48;
629;645;8.15;0.44;2.23;
629;646;4.72;0.44;1.94;
631;633;6.69;0.23;0.31;
631;642;9.34;0.23;1.43;
631;643;7.12;0.23;1.86;
631;644;4.32;0.23;1.48;
631;645;5.09;0.23;2.23;
631;646;5.69;0.23;1.94;
633;635;6.87;0.31;0.06;
633;641;8.07;0.31;2.3;
633;642;5.35;0.31;1.43;
633;643;4.89;0.31;1.86;
633;644;6.34;0.31;1.48;
633;645;8.16;0.31;2.23;
635;640;9.83;0.06;1.45;
635;641;9.9;0.06;2.3;
635;642;9.06;0.06;1.43;
640;641;3.9;1.45;2.3;
640;642;6.8;1.45;1.43;
640;643;9.27;1.45;1.86;
641;642;3.84;2.3;1.43;
641;643;5.57;2.3;1.86;
641;644;8.98;2.3;1.48;
642;643;3.84;1.43;1.86;
642;644;6.25;1.43;1.48;
642;645;9.09;1.43;2.23;
643;644;3.95;1.86;1.48;
643;645;5.52;1.86;2.23;
643;646;9.27;1.86;1.94;
644;645;3.92;1.48;2.23;
644;646;6.43;1.48;1.94;
645;646;3.97;2.23;1.94;
