517;518;3.78;0.18;0.23;
517;519;7.0;0.18;0.28;
517;634;9.16;0.18;0.1;
517;635;7.77;0.18;0.12;
517;640;6.2;0.18;0.34;
517;641;4.63;0.18;0.22;
517;642;6.3;0.18;0.22;
518;519;3.77;0.23;0.28;
518;633;8.58;0.23;0.4;
518;634;8.87;0.23;0.1;
518;635;9.06;0.23;0.12;
518;640;8.02;0.23;0.34;
518;641;4.75;0.23;0.22;
518;642;4.39;0.23;0.22;
518;644;7.13;0.23;0.22;
518;645;9.63;0.23;0.24;
519;521;7.16;0.28;0.41;
519;606;7.09;0.28;0.14;
519;641;7.09;0.28;0.22;
519;642;6.6;0.28;0.22;
519;644;5.68;0.28;0.22;
519;645;6.94;0.28;0.24;
519;646;9.61;0.28;0.4;
521;552;9.47;0.41;0.11;
521;604;6.7;0.41;0.06;
521;606;4.56;0.41;0.14;
521;622;9.44;0.41;0.14;
521;644;7.22;0.41;0.22;
521;645;5.56;0.41;0.24;
521;646;4.71;0.41;0.4;
532;534;6.76;0.12;0.21;
532;559;9.19;0.12;0.5;
532;583;7.14;0.12;0.16;
532;585;4.61;0.12;0.11;
532;587;8.78;0.12;0.06;
532;617;8.13;0.12;0.16;
532;645;8.45;0.12;0.24;
532;646;7.36;0.12;0.4;
534;536;6.26;0.21;0.13;
534;562;9.65;0.21;0.47;
534;563;9.77;0.21;0.32;
534;579;8.39;0.21;0.07;
534;581;7.01;0.21;0.15;
534;582;5.85;0.21;0.14;
534;583;4.46;0.21;0.16;
534;585;8.84;0.21;0.11;
534;606;9.62;0.21;0.14;
534;617;5.14;0.21;0.16;
534;645;9.04;0.21;0.24;
536;579;9.95;0.13;0.07;
536;581;5.17;0.13;0.15;
536;582;7.68;0.13;0.14;
536;583;9.22;0.13;0.16;
536;606;9.99;0.13;0.14;
536;617;7.2;0.13;0.16;
552;554;6.49;0.11;0.03;
552;564;9.56;0.11;0.2;
552;565;5.83;0.11;0.03;
552;581;9.06;0.11;0.15;
552;582;9.61;0.11;0.14;
552;604;8.54;0.11;0.06;
552;606;5.12;0.11;0.14;
554;557;8.08;0.03;0.26;
554;562;9.09;0.03;0.47;
554;563;5.81;0.03;0.32;
554;564;5.69;0.03;0.2;
554;565;4.25;0.03;0.03;
554;581;9.34;0.03;0.15;
554;582;7.23;0.03;0.14;
554;583;7.17;0.03;0.16;
554;604;5.59;0.03;0.06;
554;606;7.94;0.03;0.14;
557;559;6.87;0.26;0.5;
557;560;8.2;0.26;0.51;
557;561;5.49;0.26;0.65;
557;562;5.9;0.26;0.47;
557;563;5.76;0.26;0.32;
557;564;9.18;0.26;0.2;
557;583;8.81;0.26;0.16;
557;585;7.65;0.26;0.11;
557;604;9.23;0.26;0.06;
559;560;3.84;0.5;0.51;
559;561;5.49;0.5;0.65;
559;562;8.25;0.5;0.47;
559;585;4.99;0.5;0.11;
559;587;6.16;0.5;0.06;
559;590;6.73;0.5;0.1;
560;561;3.86;0.51;0.65;
560;562;7.07;0.51;0.47;
560;576;6.78;0.51;0.08;
560;585;5.95;0.51;0.11;
560;587;7.09;0.51;0.06;
560;590;5.24;0.51;0.1;
560;594;8.09;0.51;0.07;
561;562;3.81;0.65;0.47;
561;563;6.96;0.65;0.32;
561;576;6.38;0.65;0.08;
561;583;8.66;0.65;0.16;
561;585;6.33;0.65;0.11;
561;590;9.05;0.65;0.1;
562;563;3.82;0.47;0.32;
562;564;7.1;0.47;0.2;
562;576;6.75;0.47;0.08;
562;579;7.18;0.47;0.07;
562;582;7.14;0.47;0.14;
562;583;5.6;0.47;0.16;
562;585;6.68;0.47;0.11;
563;564;3.78;0.32;0.2;
563;565;6.55;0.32;0.03;
563;579;7.18;0.32;0.07;
563;581;9.19;0.32;0.15;
563;582;5.65;0.32;0.14;
563;583;5.41;0.32;0.16;
563;585;8.84;0.32;0.11;
563;604;9.85;0.32;0.06;
564;565;3.82;0.2;0.03;
564;579;6.52;0.2;0.07;
564;581;7.0;0.2;0.15;
564;582;4.72;0.2;0.14;
564;583;6.83;0.2;0.16;
565;579;9.02;0.03;0.07;
565;581;6.41;0.03;0.15;
565;582;5.64;0.03;0.14;
565;583;7.79;0.03;0.16;
565;604;9.47;0.03;0.06;
565;606;9.03;0.03;0.14;
576;579;9.29;0.08;0.07;
576;585;9.53;0.08;0.11;
576;590;9.95;0.08;0.1;
576;594;8.13;0.08;0.07;
579;581;6.17;0.07;0.15;
579;582;4.48;0.07;0.14;
579;583;6.68;0.07;0.16;
581;582;3.85;0.15;0.14;
581;583;7.13;0.15;0.16;
582;583;3.8;0.14;0.16;
583;585;6.68;0.16;0.11;
583;604;9.33;0.16;0.06;
583;606;9.98;0.16;0.14;
583;617;9.43;0.16;0.16;
585;587;7.07;0.11;0.06;
585;590;9.4;0.11;0.1;
587;590;5.47;0.06;0.1;
590;594;6.03;0.1;0.07;
604;606;6.84;0.06;0.14;
604;646;8.76;0.06;0.4;
606;644;9.91;0.14;0.22;
606;645;8.2;0.14;0.24;
606;646;8.57;0.14;0.4;
617;644;9.1;0.16;0.22;
617;645;6.64;0.16;0.24;
617;646;9.34;0.16;0.4;
622;624;7.02;0.14;0.24;
622;627;8.28;0.14;0.38;
622;628;9.43;0.14;0.17;
622;629;5.13;0.14;0.19;
622;630;8.91;0.14;0.16;
622;631;8.04;0.14;0.09;
622;644;9.85;0.14;0.22;
622;646;8.37;0.14;0.4;
623;626;8.36;0.11;0.39;
623;627;8.6;0.11;0.38;
623;628;4.54;0.11;0.17;
623;630;8.47;0.11;0.16;
624;626;5.44;0.24;0.39;
624;627;5.6;0.24;0.38;
624;628;8.76;0.24;0.17;
624;629;9.15;0.24;0.19;
626;627;3.83;0.39;0.38;
626;628;6.7;0.39;0.17;
627;628;5.0;0.38;0.17;
627;629;6.78;0.38;0.19;
628;629;6.63;0.17;0.19;
628;630;6.62;0.17;0.16;
629;630;6.42;0.19;0.16;
629;631;6.58;0.19;0.09;
630;631;8.38;0.16;0.09;
630;644;9.51;0.16;0.22;
630;645;8.7;0.16;0.24;
630;646;7.39;0.16;0.4;
631;633;7.15;0.09;0.4;
631;642;9.92;0.09;0.22;
631;644;6.2;0.09;0.22;
631;645;9.0;0.09;0.24;
631;646;9.87;0.09;0.4;
633;634;3.74;0.4;0.1;
633;635;7.26;0.4;0.12;
633;641;9.66;0.4;0.22;
633;642;6.24;0.4;0.22;
633;644;8.55;0.4;0.22;
634;635;3.78;0.1;0.12;
634;640;9.55;0.1;0.34;
634;641;9.28;0.1;0.22;
634;642;7.01;0.1;0.22;
635;640;7.4;0.12;0.34;
635;641;8.42;0.12;0.22;
635;642;7.79;0.12;0.22;
640;641;3.89;0.34;0.22;
640;642;6.61;0.34;0.22;
641;642;3.82;0.22;0.22;
641;644;9.38;0.22;0.22;
642;644;6.62;0.22;0.22;
642;645;9.4;0.22;0.24;
644;645;3.85;0.22;0.24;
644;646;6.57;0.22;0.4;
645;646;3.84;0.24;0.4;
