1;2;532;521;9.99;0.8;1.18;
1;2;532;559;9.17;0.8;0.96;
1;2;534;562;9.6;0.8;0.77;
1;2;534;563;9.61;0.8;0.76;
1;2;534;606;9.44;0.8;0.77;
1;2;536;606;9.81;1.09;0.77;
1;2;576;560;6.65;0.6;0.98;
1;2;576;561;6.36;0.6;0.92;
1;2;576;562;6.7;0.6;0.77;
1;2;579;562;7.06;0.7;0.77;
1;2;579;563;7.08;0.7;0.76;
1;2;579;564;6.47;0.7;0.73;
1;2;579;565;8.91;0.7;0.71;
1;2;581;552;9.0;0.79;0.77;
1;2;581;554;9.23;0.79;0.75;
1;2;581;563;9.11;0.79;0.76;
1;2;581;564;7.0;0.79;0.73;
1;2;581;565;6.35;0.79;0.71;
1;2;582;552;9.54;0.69;0.77;
1;2;582;554;7.08;0.69;0.75;
1;2;582;562;7.11;0.69;0.77;
1;2;582;563;5.56;0.69;0.76;
1;2;582;564;4.72;0.69;0.73;
1;2;582;565;5.58;0.69;0.71;
1;2;583;554;6.96;0.63;0.75;
1;2;583;557;8.72;0.63;0.96;
1;2;583;561;8.62;0.63;0.92;
1;2;583;562;5.6;0.63;0.77;
1;2;583;563;5.28;0.63;0.76;
1;2;583;564;6.82;0.63;0.73;
1;2;583;565;7.74;0.63;0.71;
1;2;583;604;9.01;0.63;0.88;
1;2;583;606;9.89;0.63;0.77;
1;2;585;557;7.59;0.61;0.96;
1;2;585;559;4.9;0.61;0.96;
1;2;585;560;5.99;0.61;0.98;
1;2;585;561;6.41;0.61;0.92;
1;2;585;562;6.82;0.61;0.77;
1;2;585;563;8.83;0.61;0.76;
1;2;587;559;6.08;0.75;0.96;
1;2;587;560;7.15;0.75;0.98;
1;2;590;559;6.59;0.72;0.96;
1;2;590;560;5.23;0.72;0.98;
1;2;590;561;9.04;0.72;0.92;
1;2;594;560;7.95;0.6;0.98;
1;2;623;626;8.16;1.21;1.5;
1;2;623;627;8.52;1.21;1.22;
1;2;627;624;9.48;1.22;1.39;
1;2;627;626;5.43;1.22;1.5;
1;2;627;627;4.5;1.22;1.22;
1;2;627;628;7.21;1.22;1.34;
1;2;627;629;8.82;1.22;1.2;
1;2;628;622;9.43;1.34;1.12;
1;2;628;624;8.63;1.34;1.39;
1;2;628;626;6.67;1.34;1.5;
1;2;628;627;5.04;1.34;1.22;
1;2;628;628;6.28;1.34;1.34;
1;2;628;629;6.49;1.34;1.2;
1;2;630;622;8.75;1.35;1.12;
1;2;630;628;9.15;1.35;1.34;
1;2;630;629;6.3;1.35;1.2;
1;2;630;631;8.26;1.35;1.25;
1;2;640;517;6.17;3.73;1.05;
1;2;640;518;7.86;3.73;1.01;
1;2;640;634;9.44;3.73;1.71;
1;2;641;517;4.7;4.69;1.05;
1;2;641;518;4.65;4.69;1.01;
1;2;641;519;6.91;4.69;0.96;
1;2;641;633;9.48;4.69;1.42;
1;2;641;634;9.34;4.69;1.71;
1;2;642;517;6.4;3.97;1.05;
1;2;642;518;4.35;3.97;1.01;
1;2;642;519;6.45;3.97;0.96;
1;2;642;631;9.79;3.97;1.25;
1;2;642;633;6.1;3.97;1.42;
1;2;642;634;7.14;3.97;1.71;
1;2;644;518;7.21;4.1;1.01;
1;2;644;519;5.66;4.1;0.96;
1;2;644;521;6.92;4.1;1.18;
1;2;644;606;9.67;4.1;0.77;
1;2;644;622;9.72;4.1;1.12;
1;2;644;631;6.31;4.1;1.25;
1;2;644;633;8.59;4.1;1.42;
1;2;646;519;9.88;3.62;0.96;
1;2;646;521;4.72;3.62;1.18;
1;2;646;604;8.5;3.62;0.88;
1;2;646;606;8.55;3.62;0.77;
1;2;646;622;8.36;3.62;1.12;
2;3;532;559;9.13;0.8;0.96;
2;3;534;562;9.57;0.8;0.77;
2;3;534;563;9.55;0.8;0.76;
2;3;534;606;9.43;0.8;0.77;
2;3;536;606;9.79;1.09;0.77;
2;3;576;560;6.75;0.6;0.98;
2;3;576;561;6.48;0.6;0.92;
2;3;576;562;6.78;0.6;0.77;
2;3;579;562;7.11;0.7;0.77;
2;3;579;563;7.16;0.7;0.76;
2;3;579;564;6.52;0.7;0.73;
2;3;579;565;8.95;0.7;0.71;
2;3;581;552;8.98;0.79;0.77;
2;3;581;554;9.25;0.79;0.75;
2;3;581;563;9.11;0.79;0.76;
2;3;581;564;6.94;0.79;0.73;
2;3;581;565;6.27;0.79;0.71;
2;3;582;552;9.55;0.69;0.77;
2;3;582;554;7.13;0.69;0.75;
2;3;582;562;7.1;0.69;0.77;
2;3;582;563;5.54;0.69;0.76;
2;3;582;564;4.63;0.69;0.73;
2;3;582;565;5.51;0.69;0.71;
2;3;583;554;6.99;0.63;0.75;
2;3;583;557;8.79;0.63;0.96;
2;3;583;561;8.59;0.63;0.92;
2;3;583;562;5.57;0.63;0.77;
2;3;583;563;5.23;0.63;0.76;
2;3;583;564;6.72;0.63;0.73;
2;3;583;565;7.66;0.63;0.71;
2;3;583;604;9.08;0.63;0.88;
2;3;583;606;9.97;0.63;0.77;
2;3;585;557;7.56;0.61;0.96;
2;3;585;559;4.9;0.61;0.96;
2;3;585;560;5.98;0.61;0.98;
2;3;585;561;6.31;0.61;0.92;
2;3;585;562;6.74;0.61;0.77;
2;3;585;563;8.74;0.61;0.76;
2;3;587;559;6.07;0.75;0.96;
2;3;587;560;7.14;0.75;0.98;
2;3;590;559;6.62;0.72;0.96;
2;3;590;560;5.2;0.72;0.98;
2;3;590;561;9.02;0.72;0.92;
2;3;594;560;8.02;0.6;0.98;
2;3;623;626;8.11;1.21;1.5;
2;3;623;627;8.59;1.21;1.22;
2;3;627;624;9.56;1.22;1.39;
2;3;627;626;5.41;1.22;1.5;
2;3;627;627;4.57;1.22;1.22;
2;3;627;629;8.79;1.22;1.2;
2;3;628;622;9.4;1.34;1.12;
2;3;628;624;8.6;1.34;1.39;
2;3;628;626;6.49;1.34;1.5;
2;3;628;627;4.99;1.34;1.22;
2;3;628;629;6.54;1.34;1.2;
2;3;630;622;8.62;1.35;1.12;
2;3;630;629;6.34;1.35;1.2;
2;3;630;631;8.33;1.35;1.25;
2;3;640;517;6.04;3.73;1.05;
2;3;640;518;7.76;3.73;1.01;
2;3;640;634;9.76;3.73;1.71;
2;3;640;635;7.76;3.73;1.82;
2;3;641;517;4.67;4.69;1.05;
2;3;641;518;4.58;4.69;1.01;
2;3;641;519;6.83;4.69;0.96;
2;3;641;633;9.61;4.69;1.42;
2;3;641;634;9.64;4.69;1.71;
2;3;641;635;8.93;4.69;1.82;
2;3;642;517;6.39;3.97;1.05;
2;3;642;518;4.32;3.97;1.01;
2;3;642;519;6.42;3.97;0.96;
2;3;642;631;9.92;3.97;1.25;
2;3;642;633;6.24;3.97;1.42;
2;3;642;634;7.39;3.97;1.71;
2;3;642;635;8.21;3.97;1.82;
2;3;644;518;7.19;4.1;1.01;
2;3;644;519;5.67;4.1;0.96;
2;3;644;521;6.96;4.1;1.18;
2;3;644;606;9.69;4.1;0.77;
2;3;644;622;9.76;4.1;1.12;
2;3;644;631;6.43;4.1;1.25;
2;3;644;633;8.55;4.1;1.42;
2;3;646;519;9.67;3.62;0.96;
2;3;646;521;4.54;3.62;1.18;
2;3;646;604;8.57;3.62;0.88;
2;3;646;606;8.37;3.62;0.77;
2;3;646;622;8.16;3.62;1.12;
2;3;646;631;9.98;3.62;1.25;
