517;518;3.77;0.19;0.26;
517;519;7.0;0.19;0.33;
517;634;9.16;0.19;0.34;
517;640;6.17;0.19;0.66;
517;641;4.7;0.19;0.44;
517;642;6.4;0.19;0.35;
518;519;3.77;0.26;0.33;
518;633;8.38;0.26;0.27;
518;634;8.86;0.26;0.34;
518;640;7.86;0.26;0.66;
518;641;4.65;0.26;0.44;
518;642;4.35;0.26;0.35;
518;644;7.21;0.26;0.53;
519;521;7.07;0.33;0.54;
519;606;7.05;0.33;0.13;
519;641;6.91;0.33;0.44;
519;642;6.45;0.33;0.35;
519;644;5.66;0.33;0.53;
519;646;9.88;0.33;0.89;
521;532;9.99;0.54;0.13;
521;552;9.44;0.54;0.1;
521;604;6.71;0.54;0.11;
521;606;4.47;0.54;0.13;
521;622;9.4;0.54;0.09;
521;644;6.92;0.54;0.53;
521;646;4.72;0.54;0.89;
532;534;6.77;0.13;0.16;
532;559;9.17;0.13;0.65;
532;583;7.17;0.13;0.15;
532;585;4.64;0.13;0.06;
532;587;8.9;0.13;0.12;
532;617;8.1;0.13;0.08;
532;646;6.9;0.13;0.89;
534;536;6.3;0.16;0.08;
534;562;9.6;0.16;0.64;
534;563;9.61;0.16;0.49;
534;579;8.3;0.16;0.15;
534;581;6.96;0.16;0.15;
534;582;5.8;0.16;0.12;
534;583;4.44;0.16;0.15;
534;585;8.83;0.16;0.06;
534;606;9.44;0.16;0.13;
534;617;5.18;0.16;0.08;
536;579;9.82;0.08;0.15;
536;581;5.0;0.08;0.15;
536;582;7.57;0.08;0.12;
536;583;9.18;0.08;0.15;
536;606;9.81;0.08;0.13;
536;617;7.33;0.08;0.08;
552;554;6.48;0.1;0.22;
552;564;9.59;0.1;0.44;
552;565;5.87;0.1;0.21;
552;581;9.0;0.1;0.15;
552;582;9.54;0.1;0.12;
552;604;8.56;0.1;0.11;
552;606;5.18;0.1;0.13;
554;557;8.05;0.22;0.39;
554;562;9.04;0.22;0.64;
554;563;5.72;0.22;0.49;
554;564;5.7;0.22;0.44;
554;565;4.31;0.22;0.21;
554;581;9.23;0.22;0.15;
554;582;7.08;0.22;0.12;
554;583;6.96;0.22;0.15;
554;604;5.51;0.22;0.11;
554;606;7.95;0.22;0.13;
557;559;6.84;0.39;0.65;
557;560;8.16;0.39;0.64;
557;561;5.44;0.39;0.82;
557;562;5.97;0.39;0.64;
557;563;5.8;0.39;0.49;
557;564;9.22;0.39;0.44;
557;583;8.72;0.39;0.15;
557;585;7.59;0.39;0.06;
557;604;9.05;0.39;0.11;
559;560;3.84;0.65;0.64;
559;561;5.49;0.65;0.82;
559;562;8.28;0.65;0.64;
559;585;4.9;0.65;0.06;
559;587;6.08;0.65;0.12;
559;590;6.59;0.65;0.18;
560;561;3.86;0.64;0.82;
560;562;7.04;0.64;0.64;
560;576;6.65;0.64;0.14;
560;585;5.99;0.64;0.06;
560;587;7.15;0.64;0.12;
560;590;5.23;0.64;0.18;
560;594;7.95;0.64;0.09;
561;562;3.81;0.82;0.64;
561;563;6.92;0.82;0.49;
561;576;6.36;0.82;0.14;
561;583;8.62;0.82;0.15;
561;585;6.41;0.82;0.06;
561;590;9.04;0.82;0.18;
562;563;3.82;0.64;0.49;
562;564;7.08;0.64;0.44;
562;576;6.7;0.64;0.14;
562;579;7.06;0.64;0.15;
562;582;7.11;0.64;0.12;
562;583;5.6;0.64;0.15;
562;585;6.82;0.64;0.06;
563;564;3.78;0.49;0.44;
563;565;6.52;0.49;0.21;
563;579;7.08;0.49;0.15;
563;581;9.11;0.49;0.15;
563;582;5.56;0.49;0.12;
563;583;5.28;0.49;0.15;
563;585;8.83;0.49;0.06;
563;604;9.65;0.49;0.11;
564;565;3.82;0.44;0.21;
564;579;6.47;0.44;0.15;
564;581;7.0;0.44;0.15;
564;582;4.72;0.44;0.12;
564;583;6.82;0.44;0.15;
565;579;8.91;0.21;0.15;
565;581;6.35;0.21;0.15;
565;582;5.58;0.21;0.12;
565;583;7.74;0.21;0.15;
565;604;9.48;0.21;0.11;
565;606;9.15;0.21;0.13;
576;579;9.33;0.14;0.15;
576;585;9.63;0.14;0.06;
576;590;9.91;0.14;0.18;
576;594;8.03;0.14;0.09;
579;581;6.11;0.15;0.15;
579;582;4.42;0.15;0.12;
579;583;6.63;0.15;0.15;
581;582;3.84;0.15;0.12;
581;583;7.13;0.15;0.15;
582;583;3.8;0.12;0.15;
583;585;6.7;0.15;0.06;
583;604;9.01;0.15;0.11;
583;606;9.89;0.15;0.13;
583;617;9.44;0.15;0.08;
585;587;7.07;0.06;0.12;
585;590;9.37;0.06;0.18;
587;590;5.45;0.12;0.18;
590;594;6.01;0.18;0.09;
604;606;6.85;0.11;0.13;
604;646;8.5;0.11;0.89;
606;644;9.67;0.13;0.53;
606;646;8.55;0.13;0.89;
617;644;9.02;0.08;0.53;
617;646;9.29;0.08;0.89;
622;624;7.03;0.09;0.36;
622;627;8.39;0.09;0.42;
622;628;5.68;0.09;0.27;
622;629;5.12;0.09;0.29;
622;630;8.75;0.09;0.24;
622;631;7.84;0.09;0.14;
622;644;9.72;0.09;0.53;
622;646;8.36;0.09;0.89;
623;626;8.16;0.2;0.37;
623;627;8.52;0.2;0.42;
623;628;4.54;0.2;0.27;
623;630;8.52;0.2;0.24;
624;626;5.46;0.36;0.37;
624;627;5.73;0.36;0.42;
624;628;6.68;0.36;0.27;
624;629;9.11;0.36;0.29;
626;627;3.81;0.37;0.42;
626;628;7.38;0.37;0.27;
627;628;3.78;0.42;0.27;
627;629;6.81;0.42;0.29;
628;629;3.77;0.27;0.29;
628;630;9.15;0.27;0.24;
628;631;9.95;0.27;0.14;
629;630;6.3;0.29;0.24;
629;631;6.56;0.29;0.14;
630;631;8.26;0.24;0.14;
630;644;9.42;0.24;0.53;
630;646;7.39;0.24;0.89;
631;633;7.14;0.14;0.27;
631;642;9.79;0.14;0.35;
631;644;6.31;0.14;0.53;
633;634;3.76;0.27;0.34;
633;641;9.48;0.27;0.44;
633;642;6.1;0.27;0.35;
633;644;8.59;0.27;0.53;
634;640;9.44;0.34;0.66;
634;641;9.34;0.34;0.44;
634;642;7.14;0.34;0.35;
640;641;3.89;0.66;0.44;
640;642;6.54;0.66;0.35;
641;642;3.81;0.44;0.35;
641;644;9.26;0.44;0.53;
642;644;6.53;0.35;0.53;
644;646;6.7;0.53;0.89;
