1;2;532;521;9.68;0.78;1.11;
1;2;532;559;9.47;0.78;0.93;
1;2;534;562;9.67;0.79;0.73;
1;2;534;563;9.7;0.79;0.7;
1;2;534;606;9.65;0.79;0.79;
1;2;576;559;9.98;0.61;0.93;
1;2;576;560;6.39;0.61;0.87;
1;2;576;561;6.18;0.61;0.84;
1;2;576;562;6.56;0.61;0.73;
1;2;579;562;7.05;0.68;0.73;
1;2;579;563;7.11;0.68;0.7;
1;2;579;564;6.47;0.68;0.72;
1;2;579;565;8.83;0.68;0.67;
1;2;581;552;9.02;0.98;0.73;
1;2;581;554;9.27;0.98;0.68;
1;2;581;563;9.16;0.98;0.7;
1;2;581;564;7.09;0.98;0.72;
1;2;581;565;6.29;0.98;0.67;
1;2;582;552;9.53;0.71;0.73;
1;2;582;554;7.08;0.71;0.68;
1;2;582;562;7.13;0.71;0.73;
1;2;582;563;5.61;0.71;0.7;
1;2;582;564;4.79;0.71;0.72;
1;2;582;565;5.49;0.71;0.67;
1;2;583;554;6.94;0.61;0.68;
1;2;583;557;8.86;0.61;0.82;
1;2;583;561;8.69;0.61;0.84;
1;2;583;562;5.68;0.61;0.73;
1;2;583;563;5.34;0.61;0.7;
1;2;583;564;6.86;0.61;0.72;
1;2;583;565;7.66;0.61;0.67;
1;2;583;604;8.92;0.61;0.86;
1;2;583;606;9.98;0.61;0.79;
1;2;585;557;7.66;0.64;0.82;
1;2;585;559;5.12;0.64;0.93;
1;2;585;560;6.03;0.64;0.87;
1;2;585;561;6.54;0.64;0.84;
1;2;585;562;6.88;0.64;0.73;
1;2;585;563;8.8;0.64;0.7;
1;2;587;559;6.23;0.73;0.93;
1;2;587;560;7.33;0.73;0.87;
1;2;590;559;6.71;0.76;0.93;
1;2;590;560;5.79;0.76;0.87;
1;2;590;561;9.56;0.76;0.84;
1;2;594;560;8.31;0.64;0.87;
1;2;623;626;8.27;1.29;1.6;
1;2;623;627;8.53;1.29;1.3;
1;2;627;624;9.51;1.3;1.46;
1;2;627;626;5.46;1.3;1.6;
1;2;627;627;4.52;1.3;1.3;
1;2;627;629;8.74;1.3;1.15;
1;2;628;622;9.29;1.4;1.04;
1;2;628;624;8.55;1.4;1.46;
1;2;628;626;6.6;1.4;1.6;
1;2;628;627;4.91;1.4;1.3;
1;2;628;629;6.45;1.4;1.15;
1;2;630;622;8.71;1.36;1.04;
1;2;630;629;6.35;1.36;1.15;
1;2;630;631;8.38;1.36;1.14;
1;2;640;517;6.18;3.96;0.87;
1;2;640;518;8.06;3.96;0.96;
1;2;640;634;9.64;3.96;1.72;
1;2;640;635;7.23;3.96;1.71;
1;2;641;517;4.65;4.98;0.87;
1;2;641;518;4.88;4.98;0.96;
1;2;641;519;7.44;4.98;0.95;
1;2;641;633;9.69;4.98;1.36;
1;2;641;634;9.55;4.98;1.72;
1;2;641;635;8.38;4.98;1.71;
1;2;642;517;6.28;4.57;0.87;
1;2;642;518;4.37;4.57;0.96;
1;2;642;519;6.65;4.57;0.95;
1;2;642;631;9.99;4.57;1.14;
1;2;642;633;6.32;4.57;1.36;
1;2;642;634;7.33;4.57;1.72;
1;2;642;635;7.74;4.57;1.71;
1;2;644;518;7.16;4.45;0.96;
1;2;644;519;5.49;4.45;0.95;
1;2;644;521;6.62;4.45;1.11;
1;2;644;606;9.53;4.45;0.79;
1;2;644;622;9.7;4.45;1.04;
1;2;644;631;6.4;4.45;1.14;
1;2;644;633;8.75;4.45;1.36;
1;2;645;519;7.41;5.89;0.95;
1;2;645;521;4.97;5.89;1.11;
1;2;645;606;8.32;5.89;0.79;
1;2;645;622;9.97;5.89;1.04;
1;2;645;631;8.86;5.89;1.14;
1;2;646;521;5.07;5.23;1.11;
1;2;646;523;8.45;5.23;1.68;
1;2;646;604;9.33;5.23;0.86;
1;2;646;606;9.33;5.23;0.79;
1;2;646;622;7.79;5.23;1.04;
1;2;646;629;9.35;5.23;1.15;
1;2;646;631;9.64;5.23;1.14;
2;3;532;521;9.62;0.78;1.11;
2;3;532;559;9.39;0.78;0.93;
2;3;534;562;9.67;0.79;0.73;
2;3;534;563;9.67;0.79;0.7;
2;3;534;606;9.58;0.79;0.79;
2;3;576;560;6.53;0.61;0.87;
2;3;576;561;6.26;0.61;0.84;
2;3;576;562;6.59;0.61;0.73;
2;3;579;562;7.11;0.68;0.73;
2;3;579;563;7.19;0.68;0.7;
2;3;579;564;6.53;0.68;0.72;
2;3;579;565;8.83;0.68;0.67;
2;3;581;552;8.98;0.98;0.73;
2;3;581;554;9.34;0.98;0.68;
2;3;581;563;9.23;0.98;0.7;
2;3;581;564;7.14;0.98;0.72;
2;3;581;565;6.29;0.98;0.67;
2;3;582;552;9.48;0.71;0.73;
2;3;582;554;7.14;0.71;0.68;
2;3;582;562;7.18;0.71;0.73;
2;3;582;563;5.65;0.71;0.7;
2;3;582;564;4.77;0.71;0.72;
2;3;582;565;5.41;0.71;0.67;
2;3;583;554;6.96;0.61;0.68;
2;3;583;557;8.96;0.61;0.82;
2;3;583;561;8.69;0.61;0.84;
2;3;583;562;5.66;0.61;0.73;
2;3;583;563;5.31;0.61;0.7;
2;3;583;564;6.78;0.61;0.72;
2;3;583;565;7.56;0.61;0.67;
2;3;583;604;9.07;0.61;0.86;
2;3;583;606;9.99;0.61;0.79;
2;3;585;557;7.63;0.64;0.82;
2;3;585;559;5.13;0.64;0.93;
2;3;585;560;6.03;0.64;0.87;
2;3;585;561;6.4;0.64;0.84;
2;3;585;562;6.75;0.64;0.73;
2;3;585;563;8.65;0.64;0.7;
2;3;587;559;6.08;0.73;0.93;
2;3;587;560;7.17;0.73;0.87;
2;3;590;559;6.68;0.76;0.93;
2;3;590;560;5.68;0.76;0.87;
2;3;590;561;9.47;0.76;0.84;
2;3;594;560;8.31;0.64;0.87;
2;3;617;519;9.99;0.97;0.95;
2;3;623;626;8.22;1.29;1.6;
2;3;623;627;8.73;1.29;1.3;
2;3;627;624;9.62;1.3;1.46;
2;3;627;626;5.45;1.3;1.6;
2;3;627;627;4.71;1.3;1.3;
2;3;627;629;8.87;1.3;1.15;
2;3;628;622;9.65;1.4;1.04;
2;3;628;624;8.55;1.4;1.46;
2;3;628;626;6.42;1.4;1.6;
2;3;628;627;4.98;1.4;1.3;
2;3;628;629;6.7;1.4;1.15;
2;3;630;622;9.07;1.36;1.04;
2;3;630;629;6.47;1.36;1.15;
2;3;630;631;8.26;1.36;1.14;
2;3;640;517;5.75;3.96;0.87;
2;3;640;518;7.75;3.96;0.96;
2;3;640;634;9.79;3.96;1.72;
2;3;640;635;7.25;3.96;1.71;
2;3;641;517;4.55;4.98;0.87;
2;3;641;518;4.69;4.98;0.96;
2;3;641;519;7.21;4.98;0.95;
2;3;641;633;9.75;4.98;1.36;
2;3;641;634;9.65;4.98;1.72;
2;3;641;635;8.45;4.98;1.71;
2;3;642;517;6.23;4.57;0.87;
2;3;642;518;4.39;4.57;0.96;
2;3;642;519;6.75;4.57;0.95;
2;3;642;633;6.19;4.57;1.36;
2;3;642;634;7.05;4.57;1.72;
2;3;642;635;7.37;4.57;1.71;
2;3;644;518;7.09;4.45;0.96;
2;3;644;519;5.61;4.45;0.95;
2;3;644;521;7.14;4.45;1.11;
2;3;644;606;9.96;4.45;0.79;
2;3;644;622;9.92;4.45;1.04;
2;3;644;631;6.18;4.45;1.14;
2;3;644;633;8.21;4.45;1.36;
2;3;645;518;9.5;5.89;0.96;
2;3;645;519;6.83;5.89;0.95;
2;3;645;521;5.05;5.89;1.11;
2;3;645;606;8.19;5.89;0.79;
2;3;645;631;8.86;5.89;1.14;
2;3;646;521;5.16;5.23;1.11;
2;3;646;604;9.72;5.23;0.86;
2;3;646;606;9.44;5.23;0.79;
2;3;646;622;8.55;5.23;1.04;
2;3;646;629;9.55;5.23;1.15;
2;3;646;631;9.44;5.23;1.14;
