517;518;3.78;0.35;0.38;
517;519;7.05;0.35;0.42;
517;634;9.6;0.35;0.2;
517;635;8.01;0.35;0.29;
517;640;6.18;0.35;0.56;
517;641;4.65;0.35;0.31;
517;642;6.28;0.35;0.79;
518;519;3.78;0.38;0.42;
518;633;8.62;0.38;0.36;
518;634;9.21;0.38;0.2;
518;635;9.12;0.38;0.29;
518;640;8.06;0.38;0.56;
518;641;4.88;0.38;0.31;
518;642;4.37;0.38;0.79;
518;644;7.16;0.38;1.31;
519;521;7.02;0.42;0.46;
519;606;7.07;0.42;0.23;
519;641;7.44;0.42;0.31;
519;642;6.65;0.42;0.79;
519;644;5.49;0.42;1.31;
519;645;7.41;0.42;1.32;
521;523;7.11;0.46;0.3;
521;532;9.68;0.46;0.12;
521;552;9.48;0.46;0.12;
521;604;7.1;0.46;0.15;
521;606;4.52;0.46;0.23;
521;622;9.49;0.46;0.29;
521;644;6.62;0.46;1.31;
521;645;4.97;0.46;1.32;
521;646;5.07;0.46;2.28;
523;554;9.71;0.3;0.19;
523;604;4.39;0.3;0.15;
523;606;8.85;0.3;0.23;
523;646;8.45;0.3;2.28;
532;534;6.76;0.12;0.22;
532;559;9.47;0.12;1.12;
532;583;7.12;0.12;0.15;
532;585;4.69;0.12;0.05;
532;587;8.86;0.12;0.19;
532;617;8.0;0.12;0.18;
532;645;8.1;0.12;1.32;
532;646;7.35;0.12;2.28;
534;536;6.38;0.22;0.13;
534;562;9.67;0.22;1.04;
534;563;9.7;0.22;0.65;
534;579;8.34;0.22;0.06;
534;581;6.93;0.22;0.15;
534;582;5.8;0.22;0.15;
534;583;4.47;0.22;0.15;
534;585;8.85;0.22;0.05;
534;606;9.65;0.22;0.23;
534;617;5.0;0.22;0.18;
534;645;9.3;0.22;1.32;
536;581;5.39;0.13;0.15;
536;582;7.94;0.13;0.15;
536;583;9.48;0.13;0.15;
536;617;7.05;0.13;0.18;
552;554;6.56;0.12;0.19;
552;564;9.66;0.12;0.44;
552;565;5.94;0.12;0.17;
552;581;9.02;0.12;0.15;
552;582;9.53;0.12;0.15;
552;604;8.51;0.12;0.15;
552;606;5.1;0.12;0.23;
554;557;8.08;0.19;0.55;
554;562;8.99;0.19;1.04;
554;563;5.66;0.19;0.65;
554;564;5.68;0.19;0.44;
554;565;4.34;0.19;0.17;
554;581;9.27;0.19;0.15;
554;582;7.08;0.19;0.15;
554;583;6.94;0.19;0.15;
554;604;5.41;0.19;0.15;
554;606;8.11;0.19;0.23;
557;559;6.86;0.55;1.12;
557;560;8.17;0.55;1.19;
557;561;5.45;0.55;1.23;
557;562;6.02;0.55;1.04;
557;563;5.83;0.55;0.65;
557;564;9.23;0.55;0.44;
557;583;8.86;0.55;0.15;
557;585;7.66;0.55;0.05;
557;604;9.05;0.55;0.15;
559;560;3.84;1.12;1.19;
559;561;5.5;1.12;1.23;
559;562;8.31;1.12;1.04;
559;576;9.98;1.12;0.09;
559;585;5.12;1.12;0.05;
559;587;6.23;1.12;0.19;
559;590;6.71;1.12;0.15;
560;561;3.85;1.19;1.23;
560;562;6.96;1.19;1.04;
560;576;6.39;1.19;0.09;
560;585;6.03;1.19;0.05;
560;587;7.33;1.19;0.19;
560;590;5.79;1.19;0.15;
560;594;8.31;1.19;0.21;
561;562;3.8;1.23;1.04;
561;563;6.89;1.23;0.65;
561;576;6.18;1.23;0.09;
561;583;8.69;1.23;0.15;
561;585;6.54;1.23;0.05;
561;590;9.56;1.23;0.15;
562;563;3.81;1.04;0.65;
562;564;7.03;1.04;0.44;
562;565;9.96;1.04;0.17;
562;576;6.56;1.04;0.09;
562;579;7.05;1.04;0.06;
562;582;7.13;1.04;0.15;
562;583;5.68;1.04;0.15;
562;585;6.88;1.04;0.05;
563;564;3.77;0.65;0.44;
563;565;6.49;0.65;0.17;
563;579;7.11;0.65;0.06;
563;581;9.16;0.65;0.15;
563;582;5.61;0.65;0.15;
563;583;5.34;0.65;0.15;
563;585;8.8;0.65;0.05;
563;604;9.52;0.65;0.15;
564;565;3.81;0.44;0.17;
564;579;6.47;0.44;0.06;
564;581;7.09;0.44;0.15;
564;582;4.79;0.44;0.15;
564;583;6.86;0.44;0.15;
565;579;8.83;0.17;0.06;
565;581;6.29;0.17;0.15;
565;582;5.49;0.17;0.15;
565;583;7.66;0.17;0.15;
565;604;9.39;0.17;0.15;
565;606;9.21;0.17;0.23;
576;579;9.28;0.09;0.06;
576;585;9.57;0.09;0.05;
576;594;8.93;0.09;0.21;
579;581;6.17;0.06;0.15;
579;582;4.49;0.06;0.15;
579;583;6.71;0.06;0.15;
581;582;3.84;0.15;0.15;
581;583;7.12;0.15;0.15;
582;583;3.79;0.15;0.15;
583;585;6.67;0.15;0.05;
583;604;8.92;0.15;0.15;
583;606;9.98;0.15;0.23;
583;617;9.29;0.15;0.18;
585;587;7.05;0.05;0.19;
585;590;9.77;0.05;0.15;
587;590;5.57;0.19;0.15;
590;594;6.07;0.15;0.21;
604;606;7.0;0.15;0.23;
604;646;9.33;0.15;2.28;
606;644;9.53;0.23;1.31;
606;645;8.32;0.23;1.32;
606;646;9.33;0.23;2.28;
617;644;9.12;0.18;1.31;
617;645;7.04;0.18;1.32;
617;646;9.94;0.18;2.28;
622;624;6.99;0.29;0.65;
622;627;8.28;0.29;0.64;
622;628;9.29;0.29;0.52;
622;629;5.06;0.29;0.5;
622;630;8.71;0.29;0.37;
622;631;7.98;0.29;0.21;
622;644;9.7;0.29;1.31;
622;645;9.97;0.29;1.32;
622;646;7.79;0.29;2.28;
623;626;8.27;0.44;0.81;
623;627;8.53;0.44;0.64;
623;628;4.56;0.44;0.52;
623;630;8.53;0.44;0.37;
624;626;5.46;0.65;0.81;
624;627;5.72;0.65;0.64;
624;628;8.55;0.65;0.52;
624;629;9.01;0.65;0.5;
626;627;3.81;0.81;0.64;
626;628;6.6;0.81;0.52;
627;628;4.91;0.64;0.52;
627;629;6.62;0.64;0.5;
628;629;6.45;0.52;0.5;
628;630;6.61;0.52;0.37;
629;630;6.35;0.5;0.37;
629;631;6.65;0.5;0.21;
629;646;9.35;0.5;2.28;
630;631;8.38;0.37;0.21;
630;644;9.43;0.37;1.31;
630;645;8.06;0.37;1.32;
630;646;6.41;0.37;2.28;
631;633;7.12;0.21;0.36;
631;642;9.99;0.21;0.79;
631;644;6.4;0.21;1.31;
631;645;8.86;0.21;1.32;
631;646;9.64;0.21;2.28;
633;634;3.76;0.36;0.2;
633;635;7.09;0.36;0.29;
633;641;9.69;0.36;0.31;
633;642;6.32;0.36;0.79;
633;644;8.75;0.36;1.31;
634;635;3.74;0.2;0.29;
634;640;9.64;0.2;0.56;
634;641;9.55;0.2;0.31;
634;642;7.33;0.2;0.79;
635;640;7.23;0.29;0.56;
635;641;8.38;0.29;0.31;
635;642;7.74;0.29;0.79;
640;641;3.89;0.56;0.31;
640;642;6.61;0.56;0.79;
641;642;3.8;0.31;0.79;
641;644;9.55;0.31;1.31;
642;644;6.75;0.79;1.31;
642;645;9.74;0.79;1.32;
644;645;3.84;1.31;1.32;
644;646;6.74;1.31;2.28;
645;646;3.9;1.32;2.28;
