1;2;532;559;9.19;0.76;0.9;
1;2;534;562;9.65;0.77;0.68;
1;2;534;563;9.77;0.77;0.71;
1;2;534;606;9.62;0.77;0.78;
1;2;536;606;9.99;1.12;0.78;
1;2;576;560;6.78;0.57;0.85;
1;2;576;561;6.38;0.57;0.79;
1;2;576;562;6.75;0.57;0.68;
1;2;579;562;7.18;0.67;0.68;
1;2;579;563;7.18;0.67;0.71;
1;2;579;564;6.52;0.67;0.69;
1;2;579;565;9.02;0.67;0.69;
1;2;581;552;9.06;0.86;0.76;
1;2;581;554;9.34;0.86;0.72;
1;2;581;563;9.19;0.86;0.71;
1;2;581;564;7.0;0.86;0.69;
1;2;581;565;6.41;0.86;0.69;
1;2;582;552;9.61;0.67;0.76;
1;2;582;554;7.23;0.67;0.72;
1;2;582;562;7.14;0.67;0.68;
1;2;582;563;5.65;0.67;0.71;
1;2;582;564;4.72;0.67;0.69;
1;2;582;565;5.64;0.67;0.69;
1;2;583;554;7.17;0.59;0.72;
1;2;583;557;8.81;0.59;0.8;
1;2;583;561;8.66;0.59;0.79;
1;2;583;562;5.6;0.59;0.68;
1;2;583;563;5.41;0.59;0.71;
1;2;583;564;6.83;0.59;0.69;
1;2;583;565;7.79;0.59;0.69;
1;2;583;604;9.33;0.59;0.91;
1;2;583;606;9.98;0.59;0.78;
1;2;585;557;7.65;0.62;0.8;
1;2;585;559;4.99;0.62;0.9;
1;2;585;560;5.95;0.62;0.85;
1;2;585;561;6.33;0.62;0.79;
1;2;585;562;6.68;0.62;0.68;
1;2;585;563;8.84;0.62;0.71;
1;2;587;559;6.16;0.73;0.9;
1;2;587;560;7.09;0.73;0.85;
1;2;590;559;6.73;0.71;0.9;
1;2;590;560;5.24;0.71;0.85;
1;2;590;561;9.05;0.71;0.79;
1;2;594;560;8.09;0.58;0.85;
1;2;623;626;8.36;1.01;1.47;
1;2;623;627;8.6;1.01;1.2;
1;2;627;624;9.61;1.2;1.23;
1;2;627;626;5.55;1.2;1.47;
1;2;627;627;4.67;1.2;1.2;
1;2;627;629;8.97;1.2;1.1;
1;2;628;622;9.43;1.2;1.0;
1;2;628;624;8.76;1.2;1.23;
1;2;628;626;6.7;1.2;1.47;
1;2;628;627;5.0;1.2;1.2;
1;2;628;629;6.63;1.2;1.1;
1;2;630;622;8.91;1.15;1.0;
1;2;630;629;6.42;1.15;1.1;
1;2;630;631;8.38;1.15;1.08;
1;2;640;517;6.2;3.01;0.99;
1;2;640;518;8.02;3.01;0.89;
1;2;640;634;9.55;3.01;1.35;
1;2;640;635;7.4;3.01;1.49;
1;2;641;517;4.63;4.35;0.99;
1;2;641;518;4.75;4.35;0.89;
1;2;641;519;7.09;4.35;0.87;
1;2;641;633;9.66;4.35;1.19;
1;2;641;634;9.28;4.35;1.35;
1;2;641;635;8.42;4.35;1.49;
1;2;642;517;6.3;3.84;0.99;
1;2;642;518;4.39;3.84;0.89;
1;2;642;519;6.6;3.84;0.87;
1;2;642;631;9.92;3.84;1.08;
1;2;642;633;6.24;3.84;1.19;
1;2;642;634;7.01;3.84;1.35;
1;2;642;635;7.79;3.84;1.49;
1;2;644;518;7.13;3.02;0.89;
1;2;644;519;5.68;3.02;0.87;
1;2;644;521;7.22;3.02;1.22;
1;2;644;606;9.91;3.02;0.78;
1;2;644;622;9.85;3.02;1.0;
1;2;644;631;6.2;3.02;1.08;
1;2;644;633;8.55;3.02;1.19;
1;2;645;518;9.63;3.9;0.89;
1;2;645;519;6.94;3.9;0.87;
1;2;645;521;5.56;3.9;1.22;
1;2;645;606;8.2;3.9;0.78;
1;2;645;631;9.0;3.9;1.08;
1;2;646;519;9.61;2.55;0.87;
1;2;646;521;4.71;2.55;1.22;
1;2;646;604;8.76;2.55;0.91;
1;2;646;606;8.57;2.55;0.78;
1;2;646;622;8.37;2.55;1.0;
1;2;646;631;9.87;2.55;1.08;
2;3;532;559;9.15;0.76;0.9;
2;3;532;562;9.97;0.76;0.68;
2;3;534;562;9.55;0.77;0.68;
2;3;534;563;9.65;0.77;0.71;
2;3;534;606;9.56;0.77;0.78;
2;3;536;606;9.93;1.12;0.78;
2;3;576;560;6.81;0.57;0.85;
2;3;576;561;6.47;0.57;0.79;
2;3;576;562;6.83;0.57;0.68;
2;3;579;562;7.18;0.67;0.68;
2;3;579;563;7.19;0.67;0.71;
2;3;579;564;6.56;0.67;0.69;
2;3;579;565;9.04;0.67;0.69;
2;3;581;552;9.04;0.86;0.76;
2;3;581;554;9.32;0.86;0.72;
2;3;581;563;9.13;0.86;0.71;
2;3;581;564;6.9;0.86;0.69;
2;3;581;565;6.3;0.86;0.69;
2;3;582;552;9.64;0.67;0.76;
2;3;582;554;7.24;0.67;0.72;
2;3;582;562;7.1;0.67;0.68;
2;3;582;563;5.6;0.67;0.71;
2;3;582;564;4.65;0.67;0.69;
2;3;582;565;5.59;0.67;0.69;
2;3;583;554;7.12;0.59;0.72;
2;3;583;557;8.77;0.59;0.8;
2;3;583;561;8.6;0.59;0.79;
2;3;583;562;5.54;0.59;0.68;
2;3;583;563;5.34;0.59;0.71;
2;3;583;564;6.75;0.59;0.69;
2;3;583;565;7.71;0.59;0.69;
2;3;583;604;9.36;0.59;0.91;
2;3;585;557;7.61;0.62;0.8;
2;3;585;559;4.95;0.62;0.9;
2;3;585;560;5.93;0.62;0.85;
2;3;585;561;6.24;0.62;0.79;
2;3;585;562;6.64;0.62;0.68;
2;3;585;563;8.81;0.62;0.71;
2;3;587;559;6.15;0.73;0.9;
2;3;587;560;7.11;0.73;0.85;
2;3;590;559;6.78;0.71;0.9;
2;3;590;560;5.29;0.71;0.85;
2;3;590;561;9.12;0.71;0.79;
2;3;594;560;8.19;0.58;0.85;
2;3;617;519;9.95;0.92;0.87;
2;3;623;626;8.38;1.01;1.47;
2;3;623;627;8.74;1.01;1.2;
2;3;627;624;9.72;1.2;1.23;
2;3;627;626;5.5;1.2;1.47;
2;3;627;627;4.85;1.2;1.2;
2;3;627;629;9.13;1.2;1.1;
2;3;628;622;9.54;1.2;1.0;
2;3;628;624;8.72;1.2;1.23;
2;3;628;626;6.55;1.2;1.47;
2;3;628;627;5.03;1.2;1.2;
2;3;628;629;6.83;1.2;1.1;
2;3;630;622;8.8;1.15;1.0;
2;3;630;629;6.53;1.15;1.1;
2;3;630;631;8.44;1.15;1.08;
2;3;640;517;5.97;3.01;0.99;
2;3;640;518;7.85;3.01;0.89;
2;3;640;634;9.68;3.01;1.35;
2;3;640;635;7.5;3.01;1.49;
2;3;641;517;4.51;4.35;0.99;
2;3;641;518;4.63;4.35;0.89;
2;3;641;519;6.98;4.35;0.87;
2;3;641;633;9.68;4.35;1.19;
2;3;641;634;9.51;4.35;1.35;
2;3;641;635;8.64;4.35;1.49;
2;3;642;517;6.23;3.84;0.99;
2;3;642;518;4.31;3.84;0.89;
2;3;642;519;6.54;3.84;0.87;
2;3;642;633;6.26;3.84;1.19;
2;3;642;634;7.21;3.84;1.35;
2;3;642;635;7.93;3.84;1.49;
2;3;644;518;7.18;3.02;0.89;
2;3;644;519;5.68;3.02;0.87;
2;3;644;521;7.11;3.02;1.22;
2;3;644;606;9.82;3.02;0.78;
2;3;644;622;9.78;3.02;1.0;
2;3;644;631;6.46;3.02;1.08;
2;3;644;633;8.64;3.02;1.19;
2;3;646;519;9.83;2.55;0.87;
2;3;646;521;4.71;2.55;1.22;
2;3;646;604;8.61;2.55;0.91;
2;3;646;606;8.57;2.55;0.78;
2;3;646;622;8.53;2.55;1.0;
