517;518;3.77;0.22;0.27;
517;519;7.03;0.22;0.36;
517;633;9.63;0.22;0.36;
517;634;9.09;0.22;0.23;
517;635;7.77;0.22;0.26;
517;640;6.32;0.22;0.48;
517;641;4.6;0.22;0.51;
517;642;6.36;0.22;0.32;
518;519;3.77;0.27;0.36;
518;632;9.76;0.27;0.26;
518;633;8.05;0.27;0.36;
518;634;9.06;0.27;0.23;
518;635;9.27;0.27;0.26;
518;640;7.94;0.27;0.48;
518;641;4.6;0.27;0.51;
518;642;4.39;0.27;0.32;
518;644;7.06;0.27;0.36;
518;645;9.35;0.27;0.21;
519;521;7.12;0.36;0.61;
519;606;7.13;0.36;0.23;
519;617;9.82;0.36;0.11;
519;641;6.85;0.36;0.51;
519;642;6.46;0.36;0.32;
519;644;5.6;0.36;0.36;
519;645;6.53;0.36;0.21;
519;646;9.65;0.36;1.48;
521;552;9.34;0.61;0.13;
521;604;6.58;0.61;0.08;
521;606;4.46;0.61;0.23;
521;622;9.34;0.61;0.16;
521;644;7.15;0.61;0.36;
521;645;5.28;0.61;0.21;
521;646;4.82;0.61;1.48;
534;536;6.43;0.22;0.15;
534;562;9.61;0.22;0.87;
534;563;9.66;0.22;0.57;
534;579;8.29;0.22;0.09;
534;581;6.95;0.22;0.07;
534;582;5.79;0.22;0.08;
534;583;4.44;0.22;0.11;
534;585;8.83;0.22;0.09;
534;606;9.67;0.22;0.23;
534;617;5.11;0.22;0.11;
534;645;9.05;0.22;0.21;
534;646;9.88;0.22;1.48;
536;579;9.83;0.15;0.09;
536;581;4.95;0.15;0.07;
536;582;7.6;0.15;0.08;
536;583;9.28;0.15;0.11;
536;617;7.42;0.15;0.11;
552;554;6.48;0.13;0.15;
552;564;9.59;0.13;0.47;
552;565;5.87;0.13;0.22;
552;581;9.16;0.13;0.07;
552;582;9.66;0.13;0.08;
552;604;8.46;0.13;0.08;
552;606;5.08;0.13;0.23;
554;557;8.08;0.15;0.48;
554;562;9.12;0.15;0.87;
554;563;5.79;0.15;0.57;
554;564;5.7;0.15;0.47;
554;565;4.29;0.15;0.22;
554;581;9.28;0.15;0.07;
554;582;7.15;0.15;0.08;
554;583;7.11;0.15;0.11;
554;604;5.49;0.15;0.08;
554;606;7.89;0.15;0.23;
557;559;6.87;0.48;1.01;
557;560;8.23;0.48;0.99;
557;561;5.5;0.48;1.12;
557;562;5.96;0.48;0.87;
557;563;5.81;0.48;0.57;
557;564;9.21;0.48;0.47;
557;583;8.71;0.48;0.11;
557;585;7.68;0.48;0.09;
557;604;9.15;0.48;0.08;
559;560;3.85;1.01;0.99;
559;561;5.46;1.01;1.12;
559;562;8.26;1.01;0.87;
559;585;4.91;1.01;0.09;
559;587;6.32;1.01;0.12;
559;590;6.72;1.01;0.09;
560;561;3.86;0.99;1.12;
560;562;7.04;0.99;0.87;
560;576;6.45;0.99;0.03;
560;585;5.99;0.99;0.09;
560;587;7.39;0.99;0.12;
560;590;5.44;0.99;0.09;
561;562;3.8;1.12;0.87;
561;563;6.96;1.12;0.57;
561;576;6.37;1.12;0.03;
561;583;8.58;1.12;0.11;
561;585;6.46;1.12;0.09;
561;590;9.26;1.12;0.09;
562;563;3.83;0.87;0.57;
562;564;7.12;0.87;0.47;
562;576;6.87;0.87;0.03;
562;579;6.89;0.87;0.09;
562;582;7.03;0.87;0.08;
562;583;5.61;0.87;0.11;
562;585;6.92;0.87;0.09;
563;564;3.78;0.57;0.47;
563;565;6.55;0.57;0.22;
563;579;7.0;0.57;0.09;
563;581;9.03;0.57;0.07;
563;582;5.51;0.57;0.08;
563;583;5.36;0.57;0.11;
563;585;8.97;0.57;0.09;
563;604;9.76;0.57;0.08;
564;565;3.82;0.47;0.22;
564;579;6.56;0.47;0.09;
564;581;6.97;0.47;0.07;
564;582;4.78;0.47;0.08;
564;583;6.93;0.47;0.11;
565;579;9.08;0.22;0.09;
565;581;6.42;0.22;0.07;
565;582;5.7;0.22;0.08;
565;583;7.88;0.22;0.11;
565;604;9.43;0.22;0.08;
565;606;9.07;0.22;0.23;
576;579;9.33;0.03;0.09;
576;585;9.58;0.03;0.09;
576;590;9.81;0.03;0.09;
579;581;6.17;0.09;0.07;
579;582;4.48;0.09;0.08;
579;583;6.63;0.09;0.11;
581;582;3.84;0.07;0.08;
581;583;7.13;0.07;0.11;
582;583;3.79;0.08;0.11;
583;585;6.69;0.11;0.09;
583;604;9.16;0.11;0.08;
583;606;9.98;0.11;0.23;
583;617;9.36;0.11;0.11;
585;587;7.09;0.09;0.12;
585;590;9.39;0.09;0.09;
587;590;5.5;0.12;0.09;
604;606;6.77;0.08;0.23;
604;646;8.6;0.08;1.48;
606;644;9.92;0.23;0.36;
606;645;7.98;0.23;0.21;
606;646;8.6;0.23;1.48;
617;644;9.3;0.11;0.36;
617;645;6.74;0.11;0.21;
617;646;9.18;0.11;1.48;
622;624;6.97;0.16;0.26;
622;627;8.33;0.16;0.51;
622;628;5.7;0.16;0.22;
622;629;5.13;0.16;0.22;
622;630;8.89;0.16;0.17;
622;631;8.25;0.16;0.03;
622;644;9.71;0.16;0.36;
622;646;8.44;0.16;1.48;
623;626;7.92;0.16;0.18;
623;627;8.17;0.16;0.51;
623;628;4.5;0.16;0.22;
623;630;8.62;0.16;0.17;
624;626;5.46;0.26;0.18;
624;627;5.71;0.26;0.51;
624;628;6.68;0.26;0.22;
624;629;9.07;0.26;0.22;
626;627;3.81;0.18;0.51;
626;628;7.38;0.18;0.22;
627;628;3.77;0.51;0.22;
627;629;6.74;0.51;0.22;
628;629;3.77;0.22;0.22;
628;630;9.2;0.22;0.17;
629;630;6.23;0.22;0.17;
629;631;6.76;0.22;0.03;
630;631;8.22;0.17;0.03;
630;644;9.24;0.17;0.36;
630;645;8.82;0.17;0.21;
630;646;7.47;0.17;1.48;
631;632;3.85;0.03;0.26;
631;633;7.18;0.03;0.36;
631;642;9.62;0.03;0.32;
631;644;6.15;0.03;0.36;
631;645;9.15;0.03;0.21;
632;633;3.78;0.26;0.36;
632;634;7.22;0.26;0.23;
632;642;8.13;0.26;0.32;
632;644;7.55;0.26;0.36;
633;634;3.76;0.36;0.23;
633;635;7.09;0.36;0.26;
633;641;9.11;0.36;0.51;
633;642;5.84;0.36;0.32;
633;644;8.44;0.36;0.36;
634;635;3.75;0.23;0.26;
634;640;9.34;0.23;0.48;
634;641;9.36;0.23;0.51;
634;642;7.33;0.23;0.32;
635;640;7.45;0.26;0.48;
635;641;8.64;0.26;0.51;
635;642;8.21;0.26;0.32;
640;641;3.88;0.48;0.51;
640;642;6.44;0.48;0.32;
641;642;3.81;0.51;0.32;
641;644;9.28;0.51;0.36;
642;644;6.51;0.32;0.36;
642;645;9.18;0.32;0.21;
644;645;3.84;0.36;0.21;
644;646;6.71;0.36;1.48;
645;646;3.93;0.21;1.48;
