1;2;534;562;9.61;1.19;0.99;
1;2;534;563;9.66;1.19;0.9;
1;2;534;606;9.67;1.19;0.94;
1;2;576;560;6.45;0.7;1.16;
1;2;576;561;6.37;0.7;1.11;
1;2;576;562;6.87;0.7;0.99;
1;2;579;562;6.89;0.99;0.99;
1;2;579;563;7.0;0.99;0.9;
1;2;579;564;6.56;0.99;0.86;
1;2;579;565;9.08;0.99;0.81;
1;2;581;552;9.16;1.31;0.87;
1;2;581;554;9.28;1.31;0.83;
1;2;581;563;9.03;1.31;0.9;
1;2;581;564;6.97;1.31;0.86;
1;2;581;565;6.42;1.31;0.81;
1;2;582;552;9.66;1.08;0.87;
1;2;582;554;7.15;1.08;0.83;
1;2;582;562;7.03;1.08;0.99;
1;2;582;563;5.51;1.08;0.9;
1;2;582;564;4.78;1.08;0.86;
1;2;582;565;5.7;1.08;0.81;
1;2;583;554;7.11;0.89;0.83;
1;2;583;557;8.71;0.89;1.17;
1;2;583;561;8.58;0.89;1.11;
1;2;583;562;5.61;0.89;0.99;
1;2;583;563;5.36;0.89;0.9;
1;2;583;564;6.93;0.89;0.86;
1;2;583;565;7.88;0.89;0.81;
1;2;583;604;9.16;0.89;1.01;
1;2;583;606;9.98;0.89;0.94;
1;2;585;557;7.68;0.85;1.17;
1;2;585;559;4.91;0.85;1.35;
1;2;585;560;5.99;0.85;1.16;
1;2;585;561;6.46;0.85;1.11;
1;2;585;562;6.92;0.85;0.99;
1;2;585;563;8.97;0.85;0.9;
1;2;587;559;6.32;0.91;1.35;
1;2;587;560;7.39;0.91;1.16;
1;2;590;559;6.72;0.84;1.35;
1;2;590;560;5.44;0.84;1.16;
1;2;590;561;9.26;0.84;1.11;
1;2;617;519;9.82;1.34;1.16;
1;2;623;626;7.92;1.59;2.11;
1;2;623;627;8.17;1.59;1.87;
1;2;627;624;9.81;1.87;1.79;
1;2;627;626;5.84;1.87;2.11;
1;2;627;627;4.57;1.87;1.87;
1;2;627;628;7.06;1.87;2.03;
1;2;627;629;8.59;1.87;1.58;
1;2;628;622;9.39;2.03;1.36;
1;2;628;624;8.83;2.03;1.79;
1;2;628;626;6.76;2.03;2.11;
1;2;628;627;4.91;2.03;1.87;
1;2;628;628;6.09;2.03;2.03;
1;2;628;629;6.2;2.03;1.58;
1;2;630;622;8.89;2.05;1.36;
1;2;630;628;9.2;2.05;2.03;
1;2;630;629;6.23;2.05;1.58;
1;2;630;631;8.22;2.05;1.69;
1;2;640;517;6.32;6.71;1.36;
1;2;640;518;7.94;6.71;1.24;
1;2;640;634;9.34;6.71;2.38;
1;2;640;635;7.45;6.71;1.99;
1;2;641;517;4.6;7.02;1.36;
1;2;641;518;4.6;7.02;1.24;
1;2;641;519;6.85;7.02;1.16;
1;2;641;633;9.11;7.02;1.81;
1;2;641;634;9.36;7.02;2.38;
1;2;641;635;8.64;7.02;1.99;
1;2;642;517;6.36;6.7;1.36;
1;2;642;518;4.39;6.7;1.24;
1;2;642;519;6.46;6.7;1.16;
1;2;642;631;9.62;6.7;1.69;
1;2;642;632;8.13;6.7;2.16;
1;2;642;633;5.84;6.7;1.81;
1;2;642;634;7.33;6.7;2.38;
1;2;642;635;8.21;6.7;1.99;
1;2;644;518;7.06;6.54;1.24;
1;2;644;519;5.6;6.54;1.16;
1;2;644;521;7.15;6.54;1.22;
1;2;644;606;9.92;6.54;0.94;
1;2;644;622;9.71;6.54;1.36;
1;2;644;631;6.15;6.54;1.69;
1;2;644;632;7.55;6.54;2.16;
1;2;644;633;8.44;6.54;1.81;
1;2;645;518;9.35;6.32;1.24;
1;2;645;519;6.53;6.32;1.16;
1;2;645;521;5.28;6.32;1.22;
1;2;645;606;7.98;6.32;0.94;
1;2;645;631;9.15;6.32;1.69;
1;2;646;519;9.65;7.52;1.16;
1;2;646;521;4.82;7.52;1.22;
1;2;646;604;8.6;7.52;1.01;
1;2;646;606;8.6;7.52;0.94;
1;2;646;622;8.44;7.52;1.36;
2;3;534;562;9.48;1.19;0.99;
2;3;534;563;9.5;1.19;0.9;
2;3;534;606;9.7;1.19;0.94;
2;3;576;560;6.69;0.7;1.16;
2;3;576;561;6.62;0.7;1.11;
2;3;576;562;7.06;0.7;0.99;
2;3;579;562;7.05;0.99;0.99;
2;3;579;563;7.22;0.99;0.9;
2;3;579;564;6.76;0.99;0.86;
2;3;579;565;9.28;0.99;0.81;
2;3;581;554;9.4;1.31;0.83;
2;3;581;563;9.03;1.31;0.9;
2;3;581;564;6.87;1.31;0.86;
2;3;581;565;6.37;1.31;0.81;
2;3;582;554;7.33;1.08;0.83;
2;3;582;562;7.0;1.08;0.99;
2;3;582;563;5.49;1.08;0.9;
2;3;582;564;4.63;1.08;0.86;
2;3;582;565;5.67;1.08;0.81;
2;3;583;554;7.15;0.89;0.83;
2;3;583;557;8.76;0.89;1.17;
2;3;583;561;8.51;0.89;1.11;
2;3;583;562;5.48;0.89;0.99;
2;3;583;563;5.22;0.89;0.9;
2;3;583;564;6.72;0.89;0.86;
2;3;583;565;7.74;0.89;0.81;
2;3;583;604;9.43;0.89;1.01;
2;3;585;557;7.55;0.85;1.17;
2;3;585;559;4.89;0.85;1.35;
2;3;585;560;5.92;0.85;1.16;
2;3;585;561;6.19;0.85;1.11;
2;3;585;562;6.65;0.85;0.99;
2;3;585;563;8.73;0.85;0.9;
2;3;587;559;6.12;0.91;1.35;
2;3;587;560;7.2;0.91;1.16;
2;3;590;559;6.73;0.84;1.35;
2;3;590;560;5.33;0.84;1.16;
2;3;590;561;9.17;0.84;1.11;
2;3;617;519;9.88;1.34;1.16;
2;3;623;626;8.11;1.59;2.11;
2;3;623;627;8.23;1.59;1.87;
2;3;627;624;9.5;1.87;1.79;
2;3;627;626;5.66;1.87;2.11;
2;3;627;627;4.41;1.87;1.87;
2;3;627;629;8.48;1.87;1.58;
2;3;628;622;9.24;2.03;1.36;
2;3;628;624;8.48;2.03;1.79;
2;3;628;626;6.67;2.03;2.11;
2;3;628;627;4.76;2.03;1.87;
2;3;628;629;6.28;2.03;1.58;
2;3;630;622;8.7;2.05;1.36;
2;3;630;629;6.28;2.05;1.58;
2;3;630;631;8.14;2.05;1.69;
2;3;640;514;7.97;6.71;2.39;
2;3;640;517;5.84;6.71;1.36;
2;3;640;518;7.73;6.71;1.24;
2;3;640;634;9.38;6.71;2.38;
2;3;640;635;7.31;6.71;1.99;
2;3;641;517;4.39;7.02;1.36;
2;3;641;518;4.54;7.02;1.24;
2;3;641;519;6.84;7.02;1.16;
2;3;641;633;9.6;7.02;1.81;
2;3;641;634;9.45;7.02;2.38;
2;3;641;635;8.67;7.02;1.99;
2;3;642;517;6.12;6.7;1.36;
2;3;642;518;4.28;6.7;1.24;
2;3;642;519;6.57;6.7;1.16;
2;3;642;631;9.95;6.7;1.69;
2;3;642;633;6.16;6.7;1.81;
2;3;642;634;7.13;6.7;2.38;
2;3;642;635;7.92;6.7;1.99;
2;3;644;518;6.92;6.54;1.24;
2;3;644;519;5.5;6.54;1.16;
2;3;644;521;7.2;6.54;1.22;
2;3;644;606;9.75;6.54;0.94;
2;3;644;631;6.57;6.54;1.69;
2;3;644;633;8.6;6.54;1.81;
2;3;645;518;9.21;6.32;1.24;
2;3;645;519;6.39;6.32;1.16;
2;3;645;521;5.3;6.32;1.22;
2;3;645;606;7.62;6.32;0.94;
2;3;645;631;9.65;6.32;1.69;
2;3;646;519;9.63;7.52;1.16;
2;3;646;521;5.27;7.52;1.22;
2;3;646;604;9.29;7.52;1.01;
2;3;646;606;9.0;7.52;0.94;
2;3;646;622;8.52;7.52;1.36;
2;3;646;629;9.91;7.52;1.58;
2;3;646;631;9.74;7.52;1.69;
