1;2;50;163;6.85;1.67;1.11;
1;2;50;321;8.91;1.67;2.1;
1;2;51;163;9.14;1.39;1.11;
1;2;51;318;8.92;1.39;1.18;
1;2;51;320;8.68;1.39;1.88;
1;2;51;321;5.08;1.39;2.1;
1;2;51;322;6.88;1.39;1.56;
1;2;51;323;8.74;1.39;1.26;
1;2;54;318;9.52;1.17;1.18;
1;2;54;320;6.68;1.17;1.88;
1;2;54;321;5.75;1.17;2.1;
1;2;54;322;9.24;1.17;1.56;
1;2;56;320;6.34;0.92;1.88;
1;2;56;321;8.34;0.92;2.1;
1;2;90;158;9.31;1.24;0.86;
1;2;90;160;6.66;1.24;0.82;
1;2;91;158;9.65;1.08;0.86;
1;2;91;160;8.35;1.08;0.82;
1;2;94;149;9.04;1.18;1.28;
1;2;94;158;8.64;1.18;0.86;
1;2;152;150;8.25;2.14;1.63;
1;2;152;151;5.5;2.14;1.94;
1;2;152;152;4.33;2.14;2.14;
1;2;153;149;8.21;1.78;1.28;
1;2;153;150;5.6;1.78;1.63;
1;2;153;151;4.68;1.78;1.94;
1;2;153;152;5.54;1.78;2.14;
1;2;154;149;8.01;1.36;1.28;
1;2;154;150;7.08;1.36;1.63;
1;2;154;151;6.59;1.36;1.94;
1;2;154;152;8.64;1.36;2.14;
1;2;299;74;7.94;1.29;1.08;
1;2;299;320;7.88;1.29;1.88;
1;2;300;74;9.82;1.13;1.08;
1;2;300;320;6.66;1.13;1.88;
1;2;300;321;8.16;1.13;2.1;
1;2;387;320;6.23;1.12;1.88;
1;2;387;321;8.13;1.12;2.1;
1;2;387;322;8.71;1.12;1.56;
1;2;388;320;5.73;1.01;1.88;
1;2;388;321;5.93;1.01;2.1;
1;2;388;322;5.58;1.01;1.56;
1;2;388;323;8.87;1.01;1.26;
1;2;388;324;9.75;1.01;1.1;
1;2;389;318;9.23;1.26;1.18;
1;2;389;320;7.37;1.26;1.88;
1;2;389;321;7.48;1.26;2.1;
1;2;389;322;4.93;1.26;1.56;
1;2;389;323;6.8;1.26;1.26;
1;2;389;324;6.76;1.26;1.1;
1;2;391;322;8.67;1.33;1.56;
1;2;391;323;7.97;1.33;1.26;
1;2;391;324;7.0;1.33;1.1;
1;2;391;326;8.66;1.33;1.14;
1;2;393;19;9.59;1.22;7.0;
1;2;393;20;8.74;1.22;6.19;
1;2;393;22;9.62;1.22;1.66;
1;2;394;19;9.9;1.06;7.0;
1;2;439;20;8.68;1.88;6.19;
1;2;439;22;8.03;1.88;1.66;
1;2;439;67;7.71;1.88;1.16;
1;2;441;67;9.76;1.59;1.16;
1;2;441;322;9.78;1.59;1.56;
1;2;441;323;9.16;1.59;1.26;
1;2;441;324;6.51;1.59;1.1;
1;2;443;320;9.24;1.29;1.88;
1;2;443;322;9.0;1.29;1.56;
1;2;443;324;9.26;1.29;1.1;
1;2;496;322;8.29;1.74;1.56;
1;2;496;323;7.67;1.74;1.26;
1;2;496;326;7.14;1.74;1.14;
1;2;497;318;9.63;1.57;1.18;
1;2;497;321;7.21;1.57;2.1;
1;2;497;322;5.61;1.57;1.56;
1;2;497;323;6.74;1.57;1.26;
1;2;497;326;8.72;1.57;1.14;
2;3;50;163;8.17;1.67;1.11;
2;3;50;321;8.05;1.67;2.1;
2;3;50;322;9.13;1.67;1.56;
2;3;51;318;8.18;1.39;1.18;
2;3;51;319;8.84;1.39;1.27;
2;3;51;320;8.03;1.39;1.88;
2;3;51;321;4.3;1.39;2.1;
2;3;51;322;5.49;1.39;1.56;
2;3;51;323;7.51;1.39;1.26;
2;3;54;318;8.55;1.17;1.18;
2;3;54;319;7.18;1.17;1.27;
2;3;54;320;5.31;1.17;1.88;
2;3;54;321;4.49;1.17;2.1;
2;3;54;322;7.94;1.17;1.56;
2;3;56;319;9.04;0.92;1.27;
2;3;56;320;5.73;0.92;1.88;
2;3;56;321;8.08;0.92;2.1;
2;3;90;158;8.71;1.24;0.86;
2;3;90;160;6.2;1.24;0.82;
2;3;91;158;9.66;1.08;0.86;
2;3;91;160;8.68;1.08;0.82;
2;3;94;147;9.78;1.18;0.77;
2;3;94;149;9.31;1.18;1.28;
2;3;94;158;8.51;1.18;0.86;
2;3;151;149;9.77;1.94;1.28;
2;3;151;150;8.11;1.94;1.63;
2;3;151;151;5.8;1.94;1.94;
2;3;151;152;7.1;1.94;2.14;
2;3;152;149;9.83;2.14;1.28;
2;3;152;150;6.92;2.14;1.63;
2;3;152;151;4.63;2.14;1.94;
2;3;152;152;4.31;2.14;2.14;
2;3;153;149;7.2;1.78;1.28;
2;3;153;150;4.83;1.78;1.63;
2;3;153;151;5.04;1.78;1.94;
2;3;153;152;6.55;1.78;2.14;
2;3;154;149;7.19;1.36;1.28;
2;3;154;150;6.69;1.36;1.63;
2;3;154;151;7.04;1.36;1.94;
2;3;154;152;9.46;1.36;2.14;
2;3;297;74;9.81;1.2;1.08;
2;3;299;74;7.21;1.29;1.08;
2;3;299;174;9.94;1.29;1.03;
2;3;299;319;8.47;1.29;1.27;
2;3;299;320;7.17;1.29;1.88;
2;3;300;74;9.03;1.13;1.08;
2;3;300;318;9.92;1.13;1.18;
2;3;300;319;7.26;1.13;1.27;
2;3;300;320;5.41;1.13;1.88;
2;3;300;321;7.39;1.13;2.1;
2;3;387;319;9.75;1.12;1.27;
2;3;387;320;7.3;1.12;1.88;
2;3;387;321;9.14;1.12;2.1;
2;3;387;322;9.29;1.12;1.56;
2;3;388;319;8.72;1.01;1.27;
2;3;388;320;6.8;1.01;1.88;
2;3;388;321;7.21;1.01;2.1;
2;3;388;322;6.33;1.01;1.56;
2;3;388;323;9.3;1.01;1.26;
2;3;388;324;9.64;1.01;1.1;
2;3;389;319;8.9;1.26;1.27;
2;3;389;320;8.59;1.26;1.88;
2;3;389;321;8.87;1.26;2.1;
2;3;389;322;6.33;1.26;1.56;
2;3;389;323;7.8;1.26;1.26;
2;3;389;324;7.11;1.26;1.1;
2;3;391;323;9.41;1.33;1.26;
2;3;391;324;8.02;1.33;1.1;
2;3;391;326;9.96;1.33;1.14;
2;3;393;20;9.24;1.22;6.19;
2;3;439;20;9.74;1.88;6.19;
2;3;439;22;9.57;1.88;1.66;
2;3;439;67;8.36;1.88;1.16;
2;3;441;67;9.79;1.59;1.16;
2;3;441;324;8.01;1.59;1.1;
2;3;457;202;7.33;1.74;1.41;
2;3;496;322;8.09;1.74;1.56;
2;3;496;323;7.22;1.74;1.26;
2;3;496;326;6.3;1.74;1.14;
2;3;497;318;9.8;1.57;1.18;
2;3;497;321;7.72;1.57;2.1;
2;3;497;322;5.49;1.57;1.56;
2;3;497;323;6.44;1.57;1.26;
2;3;497;324;9.32;1.57;1.1;
2;3;497;326;8.18;1.57;1.14;
