1;2;18;494;8.06;7.43;1.55;
1;2;20;393;8.83;6.64;1.34;
1;2;20;394;9.73;6.64;1.17;
1;2;20;439;9.83;6.64;2.06;
1;2;22;439;9.65;1.9;2.06;
1;2;67;439;7.83;1.42;2.06;
1;2;67;441;8.96;1.42;1.7;
1;2;74;91;9.71;1.52;1.16;
1;2;74;94;9.89;1.52;1.42;
1;2;74;297;9.53;1.52;1.4;
1;2;74;299;6.89;1.52;1.42;
1;2;74;300;8.74;1.52;1.48;
1;2;128;454;9.52;1.44;1.67;
1;2;128;455;7.36;1.44;2.02;
1;2;128;457;8.29;1.44;2.18;
1;2;147;94;9.48;1.02;1.42;
1;2;149;94;9.13;1.55;1.42;
1;2;149;151;9.24;1.55;2.62;
1;2;149;152;9.27;1.55;3.04;
1;2;149;153;7.16;1.55;2.42;
1;2;149;154;6.92;1.55;1.76;
1;2;150;151;7.63;2.06;2.62;
1;2;150;152;6.3;2.06;3.04;
1;2;150;153;4.66;2.06;2.42;
1;2;150;154;6.29;2.06;1.76;
1;2;151;151;5.39;2.62;2.62;
1;2;151;152;4.13;2.62;3.04;
1;2;151;153;5.18;2.62;2.42;
1;2;151;154;6.82;2.62;1.76;
1;2;152;151;6.66;3.04;2.62;
1;2;152;152;3.66;3.04;3.04;
1;2;152;153;6.49;3.04;2.42;
1;2;152;154;9.14;3.04;1.76;
1;2;158;90;8.68;1.29;1.44;
1;2;158;91;9.57;1.29;1.16;
1;2;158;94;8.26;1.29;1.42;
1;2;160;90;6.24;1.22;1.44;
1;2;160;91;8.71;1.22;1.16;
1;2;163;50;8.84;1.51;2.01;
1;2;169;90;9.99;0.87;1.44;
1;2;174;297;9.98;1.34;1.4;
1;2;174;299;9.6;1.34;1.42;
1;2;180;441;8.35;1.82;1.7;
1;2;180;443;7.31;1.82;1.27;
1;2;180;455;9.65;1.82;2.02;
1;2;181;443;9.13;1.55;1.27;
1;2;202;457;5.17;1.46;2.18;
1;2;270;454;7.31;2.01;1.67;
1;2;270;455;8.97;2.01;2.02;
1;2;270;457;6.9;2.01;2.18;
1;2;318;51;8.15;1.73;1.49;
1;2;318;54;8.54;1.73;1.4;
1;2;318;300;9.96;1.73;1.48;
1;2;318;497;9.87;1.73;1.32;
1;2;319;51;8.67;2.47;1.49;
1;2;319;54;7.05;2.47;1.4;
1;2;319;299;8.52;2.47;1.42;
1;2;319;300;7.28;2.47;1.48;
1;2;319;387;9.68;2.47;1.11;
1;2;319;388;8.54;2.47;1.14;
1;2;319;389;8.63;2.47;1.61;
1;2;320;51;7.77;4.23;1.49;
1;2;320;54;5.19;4.23;1.4;
1;2;320;299;7.41;4.23;1.42;
1;2;320;300;5.58;4.23;1.48;
1;2;320;387;7.2;4.23;1.11;
1;2;320;388;6.48;4.23;1.14;
1;2;320;389;8.22;4.23;1.61;
1;2;321;50;7.8;4.24;2.01;
1;2;321;51;4.06;4.24;1.49;
1;2;321;54;4.52;4.24;1.4;
1;2;321;300;7.59;4.24;1.48;
1;2;321;387;9.27;4.24;1.11;
1;2;321;388;7.17;4.24;1.14;
1;2;321;389;8.75;4.24;1.61;
1;2;321;497;7.59;4.24;1.32;
1;2;322;50;8.9;2.64;2.01;
1;2;322;51;5.34;2.64;1.49;
1;2;322;54;7.89;2.64;1.4;
1;2;322;387;9.5;2.64;1.11;
1;2;322;388;6.47;2.64;1.14;
1;2;322;389;6.35;2.64;1.61;
1;2;322;391;9.86;2.64;1.46;
1;2;322;496;7.88;2.64;1.9;
1;2;322;497;5.4;2.64;1.32;
1;2;323;51;7.4;2.31;1.49;
1;2;323;388;9.35;2.31;1.14;
1;2;323;389;7.8;2.31;1.61;
1;2;323;391;9.16;2.31;1.46;
1;2;323;496;7.1;2.31;1.9;
1;2;323;497;6.41;2.31;1.32;
1;2;324;388;9.62;1.42;1.14;
1;2;324;389;7.03;1.42;1.61;
1;2;324;391;7.69;1.42;1.46;
1;2;324;441;7.68;1.42;1.7;
1;2;324;443;9.92;1.42;1.27;
1;2;324;496;9.95;1.42;1.9;
1;2;324;497;9.21;1.42;1.32;
1;2;326;391;9.92;1.7;1.46;
1;2;326;494;9.84;1.7;1.55;
1;2;326;496;6.5;1.7;1.9;
1;2;326;497;8.45;1.7;1.32;
2;3;18;494;8.74;7.43;1.55;
2;3;22;393;9.32;1.9;1.34;
2;3;22;439;8.47;1.9;2.06;
2;3;67;439;6.87;1.42;2.06;
2;3;67;440;7.55;1.42;2.14;
2;3;67;441;9.08;1.42;1.7;
2;3;72;441;9.99;1.22;1.7;
2;3;74;299;7.77;1.52;1.42;
2;3;74;300;9.57;1.52;1.48;
2;3;128;455;7.55;1.44;2.02;
2;3;128;456;5.71;1.44;2.12;
2;3;128;457;7.05;1.44;2.18;
2;3;129;455;9.35;1.31;2.02;
2;3;129;456;6.95;1.31;2.12;
2;3;129;457;8.24;1.31;2.18;
2;3;149;94;8.96;1.55;1.42;
2;3;149;153;8.05;1.55;2.42;
2;3;149;154;7.74;1.55;1.76;
2;3;150;151;8.91;2.06;2.62;
2;3;150;152;7.65;2.06;3.04;
2;3;150;153;5.44;2.06;2.42;
2;3;150;154;6.78;2.06;1.76;
2;3;151;151;6.21;2.62;2.62;
2;3;151;152;5.04;2.62;3.04;
2;3;151;153;4.88;2.62;2.42;
2;3;151;154;6.41;2.62;1.76;
2;3;152;151;6.75;3.04;2.62;
2;3;152;152;3.72;3.04;3.04;
2;3;152;153;5.59;3.04;2.42;
2;3;152;154;8.37;3.04;1.76;
2;3;158;90;9.16;1.29;1.44;
2;3;158;91;9.54;1.29;1.16;
2;3;158;94;8.43;1.29;1.42;
2;3;160;90;6.43;1.22;1.44;
2;3;160;91;8.28;1.22;1.16;
2;3;163;50;7.72;1.51;2.01;
2;3;163;51;9.87;1.51;1.49;
2;3;180;440;9.36;1.82;2.14;
2;3;180;441;8.09;1.82;1.7;
2;3;180;443;7.71;1.82;1.27;
2;3;180;455;8.25;1.82;2.02;
2;3;180;456;9.66;1.82;2.12;
2;3;181;443;8.81;1.55;1.27;
2;3;202;457;6.84;1.46;2.18;
2;3;270;456;8.87;2.01;2.12;
2;3;270;457;7.15;2.01;2.18;
2;3;318;51;8.6;1.73;1.49;
2;3;318;54;9.4;1.73;1.4;
2;3;318;389;9.12;1.73;1.61;
2;3;318;497;9.43;1.73;1.32;
2;3;320;51;8.25;4.23;1.49;
2;3;320;54;6.45;4.23;1.4;
2;3;320;299;8.24;4.23;1.42;
2;3;320;300;6.81;4.23;1.48;
2;3;320;387;6.27;4.23;1.11;
2;3;320;388;5.42;4.23;1.14;
2;3;320;389;6.97;4.23;1.61;
2;3;320;443;8.84;4.23;1.27;
2;3;321;50;8.45;4.24;2.01;
2;3;321;51;4.66;4.24;1.49;
2;3;321;54;5.68;4.24;1.4;
2;3;321;300;8.39;4.24;1.48;
2;3;321;387;8.47;4.24;1.11;
2;3;321;388;6.09;4.24;1.14;
2;3;321;389;7.5;4.24;1.61;
2;3;321;496;9.81;4.24;1.9;
2;3;321;497;6.93;4.24;1.32;
2;3;322;50;9.88;2.64;2.01;
2;3;322;51;6.47;2.64;1.49;
2;3;322;54;9.13;2.64;1.4;
2;3;322;387;9.16;2.64;1.11;
2;3;322;388;5.92;2.64;1.14;
2;3;322;389;5.21;2.64;1.61;
2;3;322;391;8.5;2.64;1.46;
2;3;322;441;9.84;2.64;1.7;
2;3;322;443;9.2;2.64;1.27;
2;3;322;496;7.78;2.64;1.9;
2;3;322;497;5.16;2.64;1.32;
2;3;323;51;8.38;2.31;1.49;
2;3;323;388;9.13;2.31;1.14;
2;3;323;389;7.08;2.31;1.61;
2;3;323;391;7.84;2.31;1.46;
2;3;323;441;9.23;2.31;1.7;
2;3;323;496;7.14;2.31;1.9;
2;3;323;497;6.39;2.31;1.32;
2;3;324;388;9.79;1.42;1.14;
2;3;324;389;6.78;1.42;1.61;
2;3;324;391;6.57;1.42;1.46;
2;3;324;440;8.83;1.42;2.14;
2;3;324;441;6.39;1.42;1.7;
2;3;324;443;9.37;1.42;1.27;
2;3;324;497;9.58;1.42;1.32;
2;3;326;391;8.97;1.7;1.46;
2;3;326;494;9.32;1.7;1.55;
2;3;326;496;6.86;1.7;1.9;
2;3;326;497;8.71;1.7;1.32;
