19;20;3.93;0.94;0.84;
19;22;8.99;0.94;0.53;
19;393;9.59;0.94;0.27;
19;394;9.9;0.94;0.17;
20;22;6.29;0.84;0.53;
20;393;8.74;0.84;0.27;
20;439;8.68;0.84;0.32;
22;67;6.23;0.53;0.32;
22;324;8.68;0.53;0.28;
22;326;6.69;0.53;0.33;
22;393;9.62;0.53;0.27;
22;439;8.03;0.53;0.32;
50;51;3.84;0.25;0.2;
50;54;8.76;0.25;0.24;
50;163;6.85;0.25;0.16;
50;321;8.91;0.25;0.27;
50;496;8.43;0.25;0.23;
50;497;8.03;0.25;0.2;
51;54;6.29;0.2;0.24;
51;163;9.14;0.2;0.16;
51;318;8.92;0.2;0.21;
51;320;8.68;0.2;0.26;
51;321;5.08;0.2;0.27;
51;322;6.88;0.2;0.3;
51;323;8.74;0.2;0.28;
51;496;7.94;0.2;0.23;
51;497;6.19;0.2;0.2;
54;56;6.98;0.24;0.15;
54;91;9.05;0.24;0.06;
54;299;8.22;0.24;0.18;
54;300;4.47;0.24;0.24;
54;318;9.52;0.24;0.21;
54;320;6.68;0.24;0.26;
54;321;5.75;0.24;0.27;
54;322;9.24;0.24;0.3;
56;297;7.67;0.15;0.14;
56;299;5.17;0.15;0.18;
56;300;4.63;0.15;0.24;
56;320;6.34;0.15;0.26;
56;321;8.34;0.15;0.27;
56;387;8.05;0.15;0.14;
56;388;9.7;0.15;0.08;
67;324;9.32;0.32;0.28;
67;439;7.71;0.32;0.32;
67;441;9.76;0.32;0.23;
72;74;6.29;0.28;0.15;
72;76;7.78;0.28;0.3;
72;174;8.64;0.28;0.11;
72;181;5.55;0.28;0.23;
72;318;8.15;0.28;0.21;
72;323;9.97;0.28;0.28;
72;324;7.52;0.28;0.28;
74;76;6.98;0.15;0.3;
74;147;7.69;0.15;0.24;
74;174;4.45;0.15;0.11;
74;181;8.44;0.15;0.23;
74;299;7.94;0.15;0.18;
74;300;9.82;0.15;0.24;
74;318;9.58;0.15;0.21;
74;320;9.55;0.15;0.26;
76;147;9.48;0.3;0.24;
76;158;9.78;0.3;0.14;
76;160;9.86;0.3;0.09;
76;169;5.79;0.3;0.1;
76;318;5.01;0.3;0.21;
76;320;9.59;0.3;0.26;
76;323;8.99;0.3;0.28;
76;324;9.47;0.3;0.28;
90;91;3.85;0.08;0.06;
90;94;6.44;0.08;0.05;
90;158;9.31;0.08;0.14;
90;160;6.66;0.08;0.09;
90;300;9.78;0.08;0.24;
91;94;5.03;0.06;0.05;
91;158;9.65;0.06;0.14;
91;160;8.35;0.06;0.09;
91;299;7.07;0.06;0.18;
91;300;6.49;0.06;0.24;
94;149;9.04;0.05;0.18;
94;158;8.64;0.05;0.14;
94;299;8.94;0.05;0.18;
147;149;7.26;0.24;0.18;
147;158;5.69;0.24;0.14;
147;174;6.91;0.24;0.11;
149;150;3.77;0.18;0.31;
149;151;6.69;0.18;0.23;
149;153;8.21;0.18;0.37;
149;154;8.01;0.18;0.16;
149;158;6.12;0.18;0.14;
150;151;3.79;0.31;0.23;
150;152;6.73;0.31;0.36;
150;153;5.6;0.31;0.37;
150;154;7.08;0.31;0.16;
150;158;9.62;0.31;0.14;
151;152;3.84;0.23;0.36;
151;153;4.68;0.23;0.37;
151;154;6.59;0.23;0.16;
152;153;5.54;0.36;0.37;
152;154;8.64;0.36;0.16;
153;154;3.75;0.37;0.16;
158;160;7.29;0.14;0.09;
158;169;8.53;0.14;0.1;
160;167;8.32;0.09;0.17;
160;169;5.28;0.09;0.1;
163;167;5.71;0.16;0.17;
167;169;6.45;0.17;0.1;
169;318;8.72;0.1;0.21;
174;181;9.04;0.11;0.23;
297;299;5.31;0.14;0.18;
297;300;8.85;0.14;0.24;
299;300;3.83;0.18;0.24;
299;320;7.88;0.18;0.26;
300;320;6.66;0.24;0.26;
300;321;8.16;0.24;0.27;
318;320;7.03;0.21;0.26;
318;321;7.04;0.21;0.27;
318;322;5.74;0.21;0.3;
318;323;4.08;0.21;0.28;
318;324;5.68;0.21;0.28;
318;326;8.02;0.21;0.33;
318;389;9.23;0.21;0.03;
318;497;9.63;0.21;0.2;
320;321;3.87;0.26;0.27;
320;322;5.54;0.26;0.3;
320;323;8.09;0.26;0.28;
320;324;9.38;0.26;0.28;
320;387;6.23;0.26;0.14;
320;388;5.73;0.26;0.08;
320;389;7.37;0.26;0.03;
320;443;9.24;0.26;0.12;
321;322;3.82;0.27;0.3;
321;323;7.02;0.27;0.28;
321;324;9.7;0.27;0.28;
321;387;8.13;0.27;0.14;
321;388;5.93;0.27;0.08;
321;389;7.48;0.27;0.03;
321;497;7.21;0.27;0.2;
322;323;3.79;0.3;0.28;
322;324;6.39;0.3;0.28;
322;326;8.83;0.3;0.33;
322;387;8.71;0.3;0.14;
322;388;5.58;0.3;0.08;
322;389;4.93;0.3;0.03;
322;391;8.67;0.3;0.16;
322;441;9.78;0.3;0.23;
322;443;9.0;0.3;0.12;
322;496;8.29;0.3;0.23;
322;497;5.61;0.3;0.2;
323;324;3.83;0.28;0.28;
323;326;5.43;0.28;0.33;
323;388;8.87;0.28;0.08;
323;389;6.8;0.28;0.03;
323;391;7.97;0.28;0.16;
323;441;9.16;0.28;0.23;
323;496;7.67;0.28;0.23;
323;497;6.74;0.28;0.2;
324;326;6.41;0.28;0.33;
324;388;9.75;0.28;0.08;
324;389;6.76;0.28;0.03;
324;391;7.0;0.28;0.16;
324;441;6.51;0.28;0.23;
324;443;9.26;0.28;0.12;
326;391;8.66;0.33;0.16;
326;496;7.14;0.33;0.23;
326;497;8.72;0.33;0.2;
387;388;3.8;0.14;0.08;
387;389;6.65;0.14;0.03;
387;443;5.9;0.14;0.12;
388;389;3.8;0.08;0.03;
388;391;9.87;0.08;0.16;
388;441;9.79;0.08;0.23;
388;443;5.68;0.08;0.12;
388;497;9.25;0.08;0.2;
389;391;6.32;0.03;0.16;
389;441;6.2;0.03;0.23;
389;443;4.43;0.03;0.12;
389;497;8.66;0.03;0.2;
391;393;5.48;0.16;0.27;
391;394;5.47;0.16;0.17;
391;439;7.03;0.16;0.32;
391;441;4.63;0.16;0.23;
391;443;8.63;0.16;0.12;
391;497;9.56;0.16;0.2;
393;394;3.82;0.27;0.17;
393;439;4.78;0.27;0.32;
393;441;8.24;0.27;0.23;
394;439;8.35;0.17;0.32;
394;441;9.73;0.17;0.23;
439;441;6.94;0.32;0.23;
441;443;6.17;0.23;0.12;
496;497;3.85;0.23;0.2;
