1;2;50;163;8.75;1.38;0.93;
1;2;50;321;8.29;1.38;1.41;
1;2;50;322;9.39;1.38;1.18;
1;2;51;318;8.22;1.1;0.89;
1;2;51;319;8.92;1.1;0.77;
1;2;51;320;8.13;1.1;1.15;
1;2;51;321;4.59;1.1;1.41;
1;2;51;322;5.94;1.1;1.18;
1;2;51;323;7.72;1.1;1.08;
1;2;54;318;8.79;0.98;0.89;
1;2;54;319;7.35;0.98;0.77;
1;2;54;320;5.6;0.98;1.15;
1;2;54;321;5.38;0.98;1.41;
1;2;54;322;8.65;0.98;1.18;
1;2;90;158;9.47;1.08;0.8;
1;2;90;160;7.08;1.08;0.78;
1;2;91;158;9.8;1.01;0.8;
1;2;91;160;8.87;1.01;0.78;
1;2;94;149;9.26;1.04;1.2;
1;2;94;158;8.92;1.04;0.8;
1;2;100;149;7.53;2.87;1.2;
1;2;100;150;6.63;2.87;1.45;
1;2;152;149;9.91;2.29;1.2;
1;2;152;150;7.26;2.29;1.45;
1;2;152;152;5.24;2.29;2.29;
1;2;153;149;8.98;1.86;1.2;
1;2;153;150;6.66;1.86;1.45;
1;2;153;152;7.78;1.86;2.29;
1;2;154;149;8.76;1.47;1.2;
1;2;154;150;7.93;1.47;1.45;
1;2;297;74;9.31;0.96;1.0;
1;2;297;174;9.36;0.96;0.85;
1;2;297;176;8.39;0.96;1.13;
1;2;299;74;7.0;1.07;1.0;
1;2;299;174;9.26;1.07;0.85;
1;2;299;319;9.06;1.07;0.77;
1;2;299;320;8.12;1.07;1.15;
1;2;300;74;8.72;0.89;1.0;
1;2;300;76;9.87;0.89;0.67;
1;2;300;319;7.68;0.89;0.77;
1;2;300;320;6.19;0.89;1.15;
1;2;300;321;8.42;0.89;1.41;
1;2;387;181;9.6;0.83;0.87;
1;2;387;319;8.5;0.83;0.77;
1;2;387;320;6.35;0.83;1.15;
1;2;387;321;8.58;0.83;1.41;
1;2;387;322;8.79;0.83;1.18;
1;2;388;318;9.74;0.8;0.89;
1;2;388;319;7.37;0.8;0.77;
1;2;388;320;5.71;0.8;1.15;
1;2;388;321;6.41;0.8;1.41;
1;2;388;322;5.55;0.8;1.18;
1;2;388;323;8.33;0.8;1.08;
1;2;388;324;8.6;0.8;0.8;
1;2;389;72;9.47;0.92;0.74;
1;2;389;180;9.94;0.92;1.0;
1;2;389;318;8.77;0.92;0.89;
1;2;389;319;7.46;0.92;0.77;
1;2;389;320;7.71;0.92;1.15;
1;2;389;321;8.22;0.92;1.41;
1;2;389;322;5.52;0.92;1.18;
1;2;389;323;6.54;0.92;1.08;
1;2;389;324;5.62;0.92;0.8;
1;2;391;22;8.74;0.93;1.72;
1;2;391;67;9.18;0.93;0.85;
1;2;391;322;9.3;0.93;1.18;
1;2;391;323;7.98;0.93;1.08;
1;2;391;324;6.23;0.93;0.8;
1;2;391;326;8.57;0.93;0.91;
1;2;393;19;8.34;1.0;6.91;
1;2;393;20;7.59;1.0;5.42;
1;2;393;22;8.28;1.0;1.72;
1;2;393;67;9.15;1.0;0.85;
1;2;394;19;8.26;0.82;6.91;
1;2;394;20;8.98;0.82;5.42;
1;2;394;22;9.45;0.82;1.72;
1;2;394;326;9.93;0.82;0.91;
1;2;439;20;8.42;1.43;5.42;
1;2;439;22;8.15;1.43;1.72;
1;2;439;67;5.8;1.43;0.85;
1;2;439;68;7.48;1.43;0.93;
1;2;440;22;9.55;1.46;1.72;
1;2;440;67;5.84;1.46;0.85;
1;2;440;68;5.56;1.46;0.93;
1;2;440;129;9.99;1.46;0.96;
1;2;440;324;9.23;1.46;0.8;
1;2;441;22;9.9;1.12;1.72;
1;2;441;67;7.33;1.12;0.85;
1;2;441;68;6.68;1.12;0.93;
1;2;441;72;9.35;1.12;0.74;
1;2;441;180;8.35;1.12;1.0;
1;2;441;323;9.49;1.12;1.08;
1;2;441;324;6.25;1.12;0.8;
1;2;443;72;9.17;0.88;0.74;
1;2;443;180;6.4;0.88;1.0;
1;2;443;181;7.49;0.88;0.87;
1;2;443;319;9.42;0.88;0.77;
1;2;443;320;9.5;0.88;1.15;
1;2;443;322;9.34;0.88;1.18;
1;2;443;324;8.35;0.88;0.8;
1;2;454;128;7.04;0.9;1.15;
1;2;454;129;9.29;0.9;0.96;
1;2;454;270;4.94;0.9;2.21;
1;2;454;271;5.14;0.9;2.01;
1;2;455;128;5.78;1.16;1.15;
1;2;455;129;6.84;1.16;0.96;
1;2;455;180;7.61;1.16;1.0;
1;2;455;270;7.84;1.16;2.21;
1;2;455;271;7.6;1.16;2.01;
1;2;456;68;9.94;1.26;0.93;
1;2;456;128;5.23;1.26;1.15;
1;2;456;129;4.88;1.26;0.96;
1;2;456;180;9.75;1.26;1.0;
1;2;456;270;7.89;1.26;2.21;
1;2;456;271;9.02;1.26;2.01;
1;2;457;128;7.14;1.25;1.15;
1;2;457;129;6.79;1.25;0.96;
1;2;457;198;8.61;1.25;0.99;
1;2;457;270;7.62;1.25;2.21;
1;2;460;270;7.13;0.88;2.21;
1;2;460;271;9.94;0.88;2.01;
1;2;496;322;7.99;1.17;1.18;
1;2;496;323;6.94;1.17;1.08;
1;2;496;324;9.88;1.17;0.8;
1;2;496;326;6.07;1.17;0.91;
1;2;497;318;9.31;1.01;0.89;
1;2;497;321;7.37;1.01;1.41;
1;2;497;322;5.14;1.01;1.18;
1;2;497;323;5.9;1.01;1.08;
1;2;497;324;8.9;1.01;0.8;
1;2;497;326;7.95;1.01;0.91;
2;3;50;163;9.08;1.38;0.93;
2;3;50;321;8.25;1.38;1.41;
2;3;50;322;9.21;1.38;1.18;
2;3;51;318;8.07;1.1;0.89;
2;3;51;319;8.83;1.1;0.77;
2;3;51;320;8.11;1.1;1.15;
2;3;51;321;4.57;1.1;1.41;
2;3;51;322;5.69;1.1;1.18;
2;3;51;323;7.45;1.1;1.08;
2;3;53;163;9.3;1.01;0.93;
2;3;53;320;8.44;1.01;1.15;
2;3;53;321;6.36;1.01;1.41;
2;3;53;322;9.51;1.01;1.18;
2;3;54;76;9.9;0.98;0.67;
2;3;54;318;8.49;0.98;0.89;
2;3;54;319;7.09;0.98;0.77;
2;3;54;320;5.38;0.98;1.15;
2;3;54;321;5.1;0.98;1.41;
2;3;54;322;8.31;0.98;1.18;
2;3;90;160;6.91;1.08;0.78;
2;3;91;160;8.99;1.01;0.78;
2;3;100;150;7.05;2.87;1.45;
2;3;152;150;6.79;2.29;1.45;
2;3;152;152;5.52;2.29;2.29;
2;3;153;150;6.51;1.86;1.45;
2;3;153;152;8.32;1.86;2.29;
2;3;154;150;7.95;1.47;1.45;
2;3;297;74;9.27;0.96;1.0;
2;3;297;174;9.39;0.96;0.85;
2;3;297;176;8.16;0.96;1.13;
2;3;299;74;6.79;1.07;1.0;
2;3;299;174;9.13;1.07;0.85;
2;3;299;319;8.83;1.07;0.77;
2;3;299;320;7.9;1.07;1.15;
2;3;300;74;8.53;0.89;1.0;
2;3;300;76;9.78;0.89;0.67;
2;3;300;318;9.99;0.89;0.89;
2;3;300;319;7.37;0.89;0.77;
2;3;300;320;5.88;0.89;1.15;
2;3;300;321;8.14;0.89;1.41;
2;3;387;181;9.53;0.83;0.87;
2;3;387;319;8.68;0.83;0.77;
2;3;387;320;6.55;0.83;1.15;
2;3;387;321;8.7;0.83;1.41;
2;3;387;322;8.8;0.83;1.18;
2;3;388;318;9.91;0.8;0.89;
2;3;388;319;7.57;0.8;0.77;
2;3;388;320;5.97;0.8;1.15;
2;3;388;321;6.62;0.8;1.41;
2;3;388;322;5.63;0.8;1.18;
2;3;388;323;8.34;0.8;1.08;
2;3;388;324;8.52;0.8;0.8;
2;3;389;72;9.58;0.92;0.74;
2;3;389;180;9.82;0.92;1.0;
2;3;389;318;9.04;0.92;0.89;
2;3;389;319;7.74;0.92;0.77;
2;3;389;320;7.97;0.92;1.15;
2;3;389;321;8.46;0.92;1.41;
2;3;389;322;5.73;0.92;1.18;
2;3;389;323;6.68;0.92;1.08;
2;3;389;324;5.65;0.92;0.8;
2;3;391;22;8.64;0.93;1.72;
2;3;391;67;9.07;0.93;0.85;
2;3;391;322;9.6;0.93;1.18;
2;3;391;323;8.25;0.93;1.08;
2;3;391;324;6.49;0.93;0.8;
2;3;391;326;8.71;0.93;0.91;
2;3;393;19;8.28;1.0;6.91;
2;3;393;20;7.5;1.0;5.42;
2;3;393;22;8.35;1.0;1.72;
2;3;393;67;9.17;1.0;0.85;
2;3;394;19;8.02;0.82;6.91;
2;3;394;20;8.75;0.82;5.42;
2;3;394;22;9.43;0.82;1.72;
2;3;439;20;8.52;1.43;5.42;
2;3;439;22;8.32;1.43;1.72;
2;3;439;67;5.92;1.43;0.85;
2;3;439;68;7.57;1.43;0.93;
2;3;440;22;9.66;1.46;1.72;
2;3;440;67;5.93;1.46;0.85;
2;3;440;68;5.68;1.46;0.93;
2;3;440;129;9.88;1.46;0.96;
2;3;440;324;9.5;1.46;0.8;
2;3;441;22;9.85;1.12;1.72;
2;3;441;67;7.25;1.12;0.85;
2;3;441;68;6.65;1.12;0.93;
2;3;441;72;9.57;1.12;0.74;
2;3;441;180;8.41;1.12;1.0;
2;3;441;323;9.69;1.12;1.08;
2;3;441;324;6.48;1.12;0.8;
2;3;443;72;9.4;0.88;0.74;
2;3;443;180;6.32;0.88;1.0;
2;3;443;181;7.59;0.88;0.87;
2;3;443;319;9.71;0.88;0.77;
2;3;443;320;9.74;0.88;1.15;
2;3;443;322;9.51;0.88;1.18;
2;3;443;324;8.45;0.88;0.8;
2;3;454;128;7.16;0.9;1.15;
2;3;454;129;9.38;0.9;0.96;
2;3;454;270;4.77;0.9;2.21;
2;3;455;128;5.79;1.16;1.15;
2;3;455;129;6.84;1.16;0.96;
2;3;455;180;7.91;1.16;1.0;
2;3;455;270;7.65;1.16;2.21;
2;3;456;128;5.34;1.26;1.15;
2;3;456;129;4.99;1.26;0.96;
2;3;456;270;7.81;1.26;2.21;
2;3;457;128;7.36;1.25;1.15;
2;3;457;129;7.03;1.25;0.96;
2;3;457;198;8.43;1.25;0.99;
2;3;457;202;8.45;1.25;1.31;
2;3;457;270;7.65;1.25;2.21;
2;3;460;202;8.78;0.88;1.31;
2;3;460;270;7.24;0.88;2.21;
2;3;494;19;8.69;1.04;6.91;
2;3;494;326;9.36;1.04;0.91;
2;3;496;322;8.14;1.17;1.18;
2;3;496;323;7.01;1.17;1.08;
2;3;496;324;9.87;1.17;0.8;
2;3;496;326;5.95;1.17;0.91;
2;3;497;318;9.45;1.01;0.89;
2;3;497;321;7.62;1.01;1.41;
2;3;497;322;5.32;1.01;1.18;
2;3;497;323;5.94;1.01;1.08;
2;3;497;324;8.85;1.01;0.8;
2;3;497;326;7.8;1.01;0.91;
