20;22;6.14;1.16;0.55;
20;393;9.78;1.16;0.27;
20;439;9.57;1.16;0.35;
22;67;5.96;0.55;0.35;
22;324;8.77;0.55;0.45;
22;326;6.81;0.55;0.42;
22;439;9.47;0.55;0.35;
50;51;3.81;0.57;0.43;
50;54;9.0;0.57;0.41;
50;163;8.08;0.57;0.3;
50;321;8.19;0.57;0.54;
50;322;9.34;0.57;0.49;
50;496;8.24;0.57;0.42;
50;497;7.92;0.57;0.38;
51;54;6.43;0.43;0.41;
51;318;8.47;0.43;0.37;
51;320;8.22;0.43;0.5;
51;321;4.45;0.43;0.54;
51;322;5.78;0.43;0.49;
51;323;7.77;0.43;0.4;
51;496;7.86;0.43;0.42;
51;497;6.22;0.43;0.38;
54;56;7.0;0.41;0.37;
54;91;9.05;0.41;0.32;
54;299;8.25;0.41;0.39;
54;300;4.45;0.41;0.47;
54;318;8.75;0.41;0.37;
54;320;5.34;0.41;0.5;
54;321;4.51;0.41;0.54;
54;322;8.03;0.41;0.49;
56;297;7.78;0.37;0.3;
56;299;5.24;0.37;0.39;
56;300;4.72;0.37;0.47;
56;320;5.78;0.37;0.5;
56;321;8.22;0.37;0.54;
56;387;8.06;0.37;0.3;
56;388;9.74;0.37;0.24;
67;324;9.25;0.35;0.45;
67;439;8.7;0.35;0.35;
72;74;6.24;0.35;0.21;
72;76;7.65;0.35;0.32;
72;174;8.65;0.35;0.17;
72;181;5.65;0.35;0.23;
72;318;8.08;0.35;0.37;
72;323;9.96;0.35;0.4;
72;324;7.51;0.35;0.45;
74;76;7.01;0.21;0.32;
74;147;8.17;0.21;0.17;
74;174;4.41;0.21;0.17;
74;181;8.51;0.21;0.23;
74;297;9.78;0.21;0.3;
74;299;7.24;0.21;0.39;
74;300;9.08;0.21;0.47;
74;318;9.63;0.21;0.37;
74;320;9.43;0.21;0.5;
76;147;9.83;0.32;0.17;
76;160;9.98;0.32;0.18;
76;169;5.82;0.32;0.14;
76;300;9.92;0.32;0.47;
76;318;5.0;0.32;0.37;
76;320;9.4;0.32;0.5;
76;323;8.92;0.32;0.4;
76;324;9.29;0.32;0.45;
90;91;3.78;0.31;0.32;
90;94;6.43;0.31;0.28;
90;158;8.61;0.31;0.13;
90;160;6.08;0.31;0.18;
90;169;9.94;0.31;0.14;
90;300;9.55;0.31;0.47;
91;94;5.01;0.32;0.28;
91;158;9.59;0.32;0.13;
91;160;8.43;0.32;0.18;
91;299;6.79;0.32;0.39;
91;300;6.35;0.32;0.47;
94;147;9.62;0.28;0.17;
94;149;9.65;0.28;0.14;
94;158;8.67;0.28;0.13;
94;299;8.61;0.28;0.39;
147;149;7.23;0.17;0.14;
147;158;5.55;0.17;0.13;
147;174;7.2;0.17;0.17;
149;150;3.69;0.14;0.13;
149;151;9.0;0.14;0.26;
149;152;9.12;0.14;0.33;
149;153;7.55;0.14;0.39;
149;154;7.43;0.14;0.34;
149;158;6.32;0.14;0.13;
150;151;7.55;0.13;0.26;
150;152;6.42;0.13;0.33;
150;153;5.83;0.13;0.39;
150;154;7.33;0.13;0.34;
150;158;9.72;0.13;0.13;
151;152;3.86;0.26;0.33;
151;153;5.53;0.26;0.39;
151;154;5.03;0.26;0.34;
152;153;3.79;0.33;0.39;
152;154;6.01;0.33;0.34;
153;154;3.72;0.39;0.34;
158;160;7.33;0.13;0.18;
158;169;8.55;0.13;0.14;
160;167;8.29;0.18;0.23;
160;169;5.29;0.18;0.14;
163;167;5.79;0.3;0.23;
167;169;6.43;0.23;0.14;
169;318;8.78;0.14;0.37;
174;181;9.26;0.17;0.23;
174;299;9.87;0.17;0.39;
202;270;6.6;0.1;0.14;
202;457;7.6;0.1;0.46;
270;457;7.38;0.14;0.46;
297;299;5.37;0.3;0.39;
297;300;8.96;0.3;0.47;
299;300;3.87;0.39;0.47;
299;320;7.25;0.39;0.5;
300;318;9.98;0.47;0.37;
300;320;5.44;0.47;0.5;
300;321;7.41;0.47;0.54;
318;320;7.01;0.37;0.5;
318;321;6.85;0.37;0.54;
318;322;5.54;0.37;0.49;
318;323;4.01;0.37;0.4;
318;324;5.49;0.37;0.45;
318;326;8.06;0.37;0.42;
320;321;3.83;0.5;0.54;
320;322;5.54;0.5;0.49;
320;323;8.15;0.5;0.4;
320;324;9.48;0.5;0.45;
320;387;7.26;0.5;0.3;
320;388;6.81;0.5;0.24;
320;389;8.59;0.5;0.2;
321;322;3.76;0.54;0.49;
321;323;6.91;0.54;0.4;
321;324;9.61;0.54;0.45;
321;387;9.15;0.54;0.3;
321;388;7.21;0.54;0.24;
321;389;8.79;0.54;0.2;
321;497;7.85;0.54;0.38;
322;323;3.72;0.49;0.4;
322;324;6.34;0.49;0.45;
322;326;8.9;0.49;0.42;
322;387;9.24;0.49;0.3;
322;388;6.33;0.49;0.24;
322;389;6.21;0.49;0.2;
322;391;9.94;0.49;0.16;
322;496;8.23;0.49;0.42;
322;497;5.81;0.49;0.38;
323;324;3.78;0.4;0.45;
323;326;5.55;0.4;0.42;
323;388;9.25;0.4;0.24;
323;389;7.7;0.4;0.2;
323;391;9.29;0.4;0.16;
323;496;7.54;0.4;0.42;
323;497;6.79;0.4;0.38;
324;326;6.49;0.45;0.42;
324;388;9.83;0.45;0.24;
324;389;7.3;0.45;0.2;
324;391;8.14;0.45;0.16;
324;441;7.94;0.45;0.27;
324;497;9.71;0.45;0.38;
326;391;9.98;0.42;0.16;
326;496;6.82;0.42;0.42;
326;497;8.65;0.42;0.38;
387;388;3.81;0.3;0.24;
387;389;6.63;0.3;0.2;
387;443;5.86;0.3;0.22;
388;389;3.74;0.24;0.2;
388;391;9.82;0.24;0.16;
388;441;9.74;0.24;0.27;
388;443;5.62;0.24;0.22;
388;497;9.27;0.24;0.38;
389;391;6.32;0.2;0.16;
389;441;6.2;0.2;0.27;
389;443;4.42;0.2;0.22;
389;497;8.68;0.2;0.38;
391;393;5.51;0.16;0.27;
391;439;6.86;0.16;0.35;
391;441;4.62;0.16;0.27;
391;443;8.65;0.16;0.22;
391;497;9.5;0.16;0.38;
393;439;4.85;0.27;0.35;
393;441;8.29;0.27;0.27;
439;441;6.8;0.35;0.27;
441;443;6.21;0.27;0.22;
496;497;3.79;0.42;0.38;
