19;20;4.01;0.84;0.86;
19;22;8.9;0.84;0.69;
19;393;8.34;0.84;0.36;
19;394;8.26;0.84;0.25;
20;22;6.03;0.86;0.69;
20;67;9.76;0.86;0.53;
20;393;7.59;0.86;0.36;
20;394;8.98;0.86;0.25;
20;439;8.42;0.86;0.38;
22;67;6.2;0.69;0.53;
22;68;9.73;0.69;0.37;
22;324;8.82;0.69;0.56;
22;326;6.64;0.69;0.75;
22;391;8.74;0.69;0.26;
22;393;8.28;0.69;0.36;
22;394;9.45;0.69;0.25;
22;439;8.15;0.69;0.38;
22;440;9.55;0.69;0.42;
22;441;9.9;0.69;0.33;
50;51;3.79;0.28;0.25;
50;54;9.53;0.28;0.33;
50;163;8.75;0.28;0.64;
50;321;8.29;0.28;0.83;
50;322;9.39;0.28;0.73;
50;496;8.29;0.28;0.25;
50;497;7.89;0.28;0.1;
51;54;6.81;0.25;0.33;
51;318;8.22;0.25;0.52;
51;319;8.92;0.25;0.44;
51;320;8.13;0.25;0.58;
51;321;4.59;0.25;0.83;
51;322;5.94;0.25;0.73;
51;323;7.72;0.25;0.64;
51;496;7.96;0.25;0.25;
51;497;6.3;0.25;0.1;
54;91;9.17;0.33;0.32;
54;299;8.37;0.33;0.64;
54;300;4.63;0.33;0.44;
54;318;8.79;0.33;0.52;
54;319;7.35;0.33;0.44;
54;320;5.6;0.33;0.58;
54;321;5.38;0.33;0.83;
54;322;8.65;0.33;0.73;
67;68;3.82;0.53;0.37;
67;324;9.18;0.53;0.56;
67;391;9.18;0.53;0.26;
67;393;9.15;0.53;0.36;
67;439;5.8;0.53;0.38;
67;440;5.84;0.53;0.42;
67;441;7.33;0.53;0.33;
68;72;9.26;0.37;0.16;
68;129;8.76;0.37;0.22;
68;180;9.48;0.37;0.14;
68;324;9.63;0.37;0.56;
68;439;7.48;0.37;0.38;
68;440;5.56;0.37;0.42;
68;441;6.68;0.37;0.33;
68;456;9.94;0.37;0.66;
72;74;6.28;0.16;0.17;
72;76;7.68;0.16;0.3;
72;174;8.66;0.16;0.2;
72;180;8.22;0.16;0.14;
72;181;5.73;0.16;0.18;
72;318;7.98;0.16;0.52;
72;319;6.92;0.16;0.44;
72;320;9.95;0.16;0.58;
72;323;9.79;0.16;0.64;
72;324;7.31;0.16;0.56;
72;389;9.47;0.16;0.32;
72;441;9.35;0.16;0.33;
72;443;9.17;0.16;0.39;
74;76;6.95;0.17;0.3;
74;147;7.83;0.17;0.21;
74;174;4.33;0.17;0.2;
74;176;8.08;0.17;0.35;
74;181;8.49;0.17;0.18;
74;297;9.31;0.17;0.64;
74;299;7.0;0.17;0.64;
74;300;8.72;0.17;0.44;
74;318;9.62;0.17;0.52;
74;319;7.56;0.17;0.44;
74;320;9.54;0.17;0.58;
76;147;9.7;0.3;0.21;
76;158;9.86;0.3;0.13;
76;160;9.91;0.3;0.13;
76;169;5.79;0.3;0.3;
76;300;9.87;0.3;0.44;
76;318;5.0;0.3;0.52;
76;319;6.18;0.3;0.44;
76;320;9.48;0.3;0.58;
76;323;9.07;0.3;0.64;
76;324;9.36;0.3;0.56;
90;91;3.75;0.24;0.32;
90;94;6.38;0.24;0.47;
90;158;9.47;0.24;0.13;
90;160;7.08;0.24;0.13;
90;300;9.64;0.24;0.44;
91;94;5.05;0.32;0.47;
91;158;9.8;0.32;0.13;
91;160;8.87;0.32;0.13;
91;299;6.89;0.32;0.64;
91;300;6.43;0.32;0.44;
94;149;9.26;0.47;0.45;
94;158;8.92;0.47;0.13;
94;299;8.75;0.47;0.64;
100;149;7.53;1.3;0.45;
100;150;6.63;1.3;0.63;
100;152;8.72;1.3;1.03;
100;153;5.14;1.3;1.03;
100;154;5.24;1.3;0.83;
128;129;3.78;0.16;0.22;
128;180;8.16;0.16;0.14;
128;270;7.49;0.16;0.3;
128;271;7.03;0.16;0.39;
128;454;7.04;0.16;0.52;
128;455;5.78;0.16;0.5;
128;456;5.23;0.16;0.66;
128;457;7.14;0.16;0.73;
129;180;8.42;0.22;0.14;
129;440;9.99;0.22;0.42;
129;454;9.29;0.22;0.52;
129;455;6.84;0.22;0.5;
129;456;4.88;0.22;0.66;
129;457;6.79;0.22;0.73;
147;149;7.21;0.21;0.45;
147;158;5.53;0.21;0.13;
147;174;7.08;0.21;0.2;
149;150;3.74;0.45;0.63;
149;152;9.91;0.45;1.03;
149;153;8.98;0.45;1.03;
149;154;8.76;0.45;0.83;
149;158;6.16;0.45;0.13;
150;152;6.79;0.63;1.03;
150;153;6.66;0.63;1.03;
150;154;7.93;0.63;0.83;
150;158;9.68;0.63;0.13;
152;153;7.78;1.03;1.03;
152;154;6.05;1.03;0.83;
153;154;3.61;1.03;0.83;
158;160;7.27;0.13;0.13;
158;169;8.52;0.13;0.3;
160;167;8.36;0.13;0.44;
160;169;5.3;0.13;0.3;
163;167;5.77;0.64;0.44;
167;169;6.43;0.44;0.3;
169;318;8.79;0.3;0.52;
174;176;5.96;0.2;0.35;
174;181;9.14;0.2;0.18;
174;297;9.36;0.2;0.64;
174;299;9.26;0.2;0.64;
176;180;9.95;0.35;0.14;
176;181;6.82;0.35;0.18;
176;297;8.39;0.35;0.64;
180;181;3.89;0.14;0.18;
180;389;9.94;0.14;0.32;
180;441;8.35;0.14;0.33;
180;443;6.4;0.14;0.39;
180;455;7.61;0.14;0.5;
180;456;9.75;0.14;0.66;
181;387;9.6;0.18;0.5;
181;443;7.49;0.18;0.39;
198;457;8.61;0.28;0.73;
270;271;3.77;0.3;0.39;
270;454;4.94;0.3;0.52;
270;455;7.84;0.3;0.5;
270;456;7.89;0.3;0.66;
270;457;7.62;0.3;0.73;
270;460;7.13;0.3;0.5;
271;454;5.14;0.39;0.52;
271;455;7.6;0.39;0.5;
271;456;9.02;0.39;0.66;
271;460;9.94;0.39;0.5;
297;299;5.23;0.64;0.64;
297;300;8.79;0.64;0.44;
299;300;3.81;0.64;0.44;
299;319;9.06;0.64;0.44;
299;320;8.12;0.64;0.58;
300;319;7.68;0.44;0.44;
300;320;6.19;0.44;0.58;
300;321;8.42;0.44;0.83;
318;319;3.81;0.52;0.44;
318;320;6.99;0.52;0.58;
318;321;7.17;0.52;0.83;
318;322;5.76;0.52;0.73;
318;323;4.17;0.52;0.64;
318;324;5.59;0.52;0.56;
318;326;8.01;0.52;0.75;
318;388;9.74;0.52;0.4;
318;389;8.77;0.52;0.32;
318;497;9.31;0.52;0.1;
319;320;3.83;0.44;0.58;
319;321;5.88;0.44;0.83;
319;322;5.55;0.44;0.73;
319;323;6.1;0.44;0.64;
319;324;6.7;0.44;0.56;
319;387;8.5;0.44;0.5;
319;388;7.37;0.44;0.4;
319;389;7.46;0.44;0.32;
319;443;9.42;0.44;0.39;
320;321;3.84;0.58;0.83;
320;322;5.54;0.58;0.73;
320;323;8.09;0.58;0.64;
320;324;9.34;0.58;0.56;
320;387;6.35;0.58;0.5;
320;388;5.71;0.58;0.4;
320;389;7.71;0.58;0.32;
320;443;9.5;0.58;0.39;
321;322;3.79;0.83;0.73;
321;323;7.03;0.83;0.64;
321;324;9.62;0.83;0.56;
321;387;8.58;0.83;0.5;
321;388;6.41;0.83;0.4;
321;389;8.22;0.83;0.32;
321;497;7.37;0.83;0.1;
322;323;3.75;0.73;0.64;
322;324;6.29;0.73;0.56;
322;326;8.9;0.73;0.75;
322;387;8.79;0.73;0.5;
322;388;5.55;0.73;0.4;
322;389;5.52;0.73;0.32;
322;391;9.3;0.73;0.26;
322;443;9.34;0.73;0.39;
322;496;7.99;0.73;0.25;
322;497;5.14;0.73;0.1;
323;324;3.76;0.64;0.56;
323;326;5.49;0.64;0.75;
323;388;8.33;0.64;0.4;
323;389;6.54;0.64;0.32;
323;391;7.98;0.64;0.26;
323;441;9.49;0.64;0.33;
323;496;6.94;0.64;0.25;
323;497;5.9;0.64;0.1;
324;326;6.5;0.56;0.75;
324;388;8.6;0.56;0.4;
324;389;5.62;0.56;0.32;
324;391;6.23;0.56;0.26;
324;440;9.23;0.56;0.42;
324;441;6.25;0.56;0.33;
324;443;8.35;0.56;0.39;
324;496;9.88;0.56;0.25;
324;497;8.9;0.56;0.1;
326;391;8.57;0.75;0.26;
326;394;9.93;0.75;0.25;
326;496;6.07;0.75;0.25;
326;497;7.95;0.75;0.1;
387;388;3.8;0.5;0.4;
387;389;6.6;0.5;0.32;
387;443;5.75;0.5;0.39;
388;389;3.77;0.4;0.32;
388;391;9.87;0.4;0.26;
388;441;10.0;0.4;0.33;
388;443;5.5;0.4;0.39;
388;497;9.25;0.4;0.1;
389;391;6.34;0.32;0.26;
389;441;6.4;0.32;0.33;
389;443;4.21;0.32;0.39;
389;497;8.66;0.32;0.1;
391;393;5.53;0.26;0.36;
391;394;5.51;0.26;0.25;
391;439;7.53;0.26;0.38;
391;440;6.34;0.26;0.42;
391;441;4.53;0.26;0.33;
391;443;8.58;0.26;0.39;
391;497;9.44;0.26;0.1;
393;394;3.8;0.36;0.25;
393;439;4.81;0.36;0.38;
393;440;6.74;0.36;0.42;
393;441;7.96;0.36;0.33;
394;439;8.5;0.25;0.38;
394;440;9.65;0.25;0.42;
394;441;9.56;0.25;0.33;
439;440;3.92;0.38;0.42;
439;441;7.02;0.38;0.33;
440;441;3.71;0.42;0.33;
440;443;9.66;0.42;0.39;
440;455;8.17;0.42;0.5;
440;456;8.3;0.42;0.66;
441;443;6.43;0.33;0.39;
441;455;8.8;0.33;0.5;
443;455;9.46;0.39;0.5;
454;455;3.76;0.52;0.5;
454;456;5.72;0.52;0.66;
454;457;7.48;0.52;0.73;
454;460;6.15;0.52;0.5;
455;456;3.81;0.5;0.66;
455;457;7.16;0.5;0.73;
455;460;7.5;0.5;0.5;
456;457;3.74;0.66;0.73;
456;460;6.22;0.66;0.5;
457;460;5.03;0.73;0.5;
496;497;3.89;0.25;0.1;
