1;2;19;393;9.41;8.28;1.32;
1;2;19;394;9.51;8.28;1.17;
1;2;67;441;9.74;1.17;1.8;
1;2;74;297;9.48;1.17;1.14;
1;2;74;299;7.22;1.17;1.17;
1;2;74;300;9.16;1.17;1.07;
1;2;147;94;9.67;0.99;1.19;
1;2;149;94;9.94;1.57;1.19;
1;2;149;151;8.61;1.57;2.17;
1;2;149;152;8.61;1.57;2.78;
1;2;149;153;7.01;1.57;2.42;
1;2;149;154;6.95;1.57;1.76;
1;2;150;151;7.28;2.02;2.17;
1;2;150;152;5.87;2.02;2.78;
1;2;150;153;5.27;2.02;2.42;
1;2;150;154;7.02;2.02;1.76;
1;2;151;151;5.81;2.17;2.17;
1;2;151;152;4.51;2.17;2.78;
1;2;151;153;6.46;2.17;2.42;
1;2;151;154;8.13;2.17;1.76;
1;2;152;151;7.63;2.78;2.17;
1;2;152;152;5.07;2.78;2.78;
1;2;152;153;8.16;2.78;2.42;
1;2;158;90;9.24;1.1;1.32;
1;2;158;94;8.61;1.1;1.19;
1;2;160;90;6.41;0.92;1.32;
1;2;160;91;8.78;0.92;1.0;
1;2;163;50;8.36;1.21;1.63;
1;2;169;90;9.99;0.79;1.32;
1;2;174;297;9.93;1.14;1.14;
1;2;174;299;9.81;1.14;1.17;
1;2;180;441;8.74;1.36;1.8;
1;2;180;443;8.01;1.36;1.33;
1;2;181;443;9.73;1.16;1.33;
1;2;202;457;6.11;1.38;2.21;
1;2;318;51;8.3;1.36;1.22;
1;2;318;54;8.87;1.36;1.09;
1;2;319;51;8.76;1.61;1.22;
1;2;319;54;7.49;1.61;1.09;
1;2;319;56;9.35;1.61;0.81;
1;2;319;299;8.55;1.61;1.17;
1;2;319;300;7.52;1.61;1.07;
1;2;319;387;9.83;1.61;1.02;
1;2;319;388;8.75;1.61;0.95;
1;2;319;389;8.74;1.61;1.27;
1;2;320;51;7.8;3.17;1.22;
1;2;320;54;5.43;3.17;1.09;
1;2;320;56;6.01;3.17;0.81;
1;2;320;299;7.07;3.17;1.17;
1;2;320;300;5.5;3.17;1.07;
1;2;320;387;7.36;3.17;1.02;
1;2;320;388;6.74;3.17;0.95;
1;2;320;389;8.35;3.17;1.27;
1;2;321;50;7.76;2.87;1.63;
1;2;321;51;4.04;2.87;1.22;
1;2;321;54;4.43;2.87;1.09;
1;2;321;56;8.21;2.87;0.81;
1;2;321;300;7.25;2.87;1.07;
1;2;321;387;9.23;2.87;1.02;
1;2;321;388;7.17;2.87;0.95;
1;2;321;389;8.68;2.87;1.27;
1;2;321;497;7.6;2.87;1.28;
1;2;322;50;9.0;2.06;1.63;
1;2;322;51;5.49;2.06;1.22;
1;2;322;54;7.97;2.06;1.09;
1;2;322;387;9.51;2.06;1.02;
1;2;322;388;6.53;2.06;0.95;
1;2;322;389;6.28;2.06;1.27;
1;2;322;391;9.79;2.06;1.31;
1;2;322;496;8.01;2.06;1.88;
1;2;322;497;5.59;2.06;1.28;
1;2;323;51;7.63;1.72;1.22;
1;2;323;388;9.46;1.72;0.95;
1;2;323;389;7.84;1.72;1.27;
1;2;323;391;9.24;1.72;1.31;
1;2;323;496;7.43;1.72;1.88;
1;2;323;497;6.76;1.72;1.28;
1;2;324;388;9.81;1.34;0.95;
1;2;324;389;7.2;1.34;1.27;
1;2;324;391;8.01;1.34;1.31;
1;2;324;441;7.86;1.34;1.8;
1;2;324;497;9.67;1.34;1.28;
1;2;326;391;9.86;1.45;1.31;
1;2;326;496;7.0;1.45;1.88;
1;2;326;497;8.82;1.45;1.28;
2;3;19;393;8.48;8.28;1.32;
2;3;19;394;8.83;8.28;1.17;
2;3;20;393;9.02;6.83;1.32;
2;3;20;439;8.91;6.83;2.14;
2;3;22;393;9.83;1.99;1.32;
2;3;22;439;8.45;1.99;2.14;
2;3;67;439;7.8;1.17;2.14;
2;3;67;441;9.52;1.17;1.8;
2;3;74;297;9.89;1.17;1.14;
2;3;74;299;7.83;1.17;1.17;
2;3;74;300;9.74;1.17;1.07;
2;3;149;94;9.74;1.57;1.19;
2;3;149;152;9.99;1.57;2.78;
2;3;149;153;8.01;1.57;2.42;
2;3;149;154;7.96;1.57;1.76;
2;3;150;151;8.66;2.02;2.17;
2;3;150;152;7.35;2.02;2.78;
2;3;150;153;6.11;2.02;2.42;
2;3;150;154;7.69;2.02;1.76;
2;3;151;151;6.79;2.17;2.17;
2;3;151;152;5.51;2.17;2.78;
2;3;151;153;6.46;2.17;2.42;
2;3;151;154;8.17;2.17;1.76;
2;3;152;151;8.07;2.78;2.17;
2;3;152;152;5.43;2.78;2.78;
2;3;152;153;7.77;2.78;2.42;
2;3;158;90;9.64;1.1;1.32;
2;3;158;94;8.97;1.1;1.19;
2;3;160;90;6.9;0.92;1.32;
2;3;160;91;8.64;0.92;1.0;
2;3;163;50;6.95;1.21;1.63;
2;3;163;51;9.49;1.21;1.22;
2;3;180;441;8.5;1.36;1.8;
2;3;180;443;8.14;1.36;1.33;
2;3;181;443;9.31;1.16;1.33;
2;3;202;457;7.11;1.38;2.21;
2;3;318;51;8.59;1.36;1.22;
2;3;318;54;9.58;1.36;1.09;
2;3;318;389;9.09;1.36;1.27;
2;3;318;497;9.48;1.36;1.28;
2;3;320;51;8.32;3.17;1.22;
2;3;320;54;6.56;3.17;1.09;
2;3;320;299;7.83;3.17;1.17;
2;3;320;300;6.63;3.17;1.07;
2;3;320;387;6.4;3.17;1.02;
2;3;320;388;5.73;3.17;0.95;
2;3;320;389;7.22;3.17;1.27;
2;3;320;443;9.11;3.17;1.33;
2;3;321;50;8.47;2.87;1.63;
2;3;321;51;4.7;2.87;1.22;
2;3;321;54;5.58;2.87;1.09;
2;3;321;300;8.06;2.87;1.07;
2;3;321;387;8.36;2.87;1.02;
2;3;321;388;6.05;2.87;0.95;
2;3;321;389;7.45;2.87;1.27;
2;3;321;496;9.93;2.87;1.88;
2;3;321;497;7.06;2.87;1.28;
2;3;322;50;9.98;2.06;1.63;
2;3;322;51;6.57;2.06;1.22;
2;3;322;54;9.14;2.06;1.09;
2;3;322;387;9.05;2.06;1.02;
2;3;322;388;5.86;2.06;0.95;
2;3;322;389;5.08;2.06;1.27;
2;3;322;391;8.55;2.06;1.31;
2;3;322;441;9.81;2.06;1.8;
2;3;322;443;9.13;2.06;1.33;
2;3;322;496;7.98;2.06;1.88;
2;3;322;497;5.41;2.06;1.28;
2;3;323;51;8.49;1.72;1.22;
2;3;323;388;9.04;1.72;0.95;
2;3;323;389;6.92;1.72;1.27;
2;3;323;391;7.88;1.72;1.31;
2;3;323;441;9.21;1.72;1.8;
2;3;323;496;7.42;1.72;1.88;
2;3;323;497;6.63;1.72;1.28;
2;3;324;388;9.75;1.34;0.95;
2;3;324;389;6.7;1.34;1.27;
2;3;324;391;6.85;1.34;1.31;
2;3;324;441;6.51;1.34;1.8;
2;3;324;443;9.31;1.34;1.33;
2;3;324;497;9.92;1.34;1.28;
2;3;326;391;8.65;1.45;1.31;
2;3;326;394;9.94;1.45;1.17;
2;3;326;496;7.18;1.45;1.88;
2;3;326;497;8.86;1.45;1.28;
