19;22;8.64;0.64;0.22;
19;393;9.41;0.64;0.19;
19;394;9.51;0.64;0.16;
22;67;5.76;0.22;0.1;
22;324;8.7;0.22;0.1;
22;326;6.79;0.22;0.12;
50;51;3.8;0.27;0.11;
50;54;8.27;0.27;0.16;
50;163;8.36;0.27;0.12;
50;321;7.76;0.27;0.18;
50;322;9.0;0.27;0.15;
50;496;8.34;0.27;0.09;
50;497;7.9;0.27;0.19;
51;54;5.9;0.11;0.16;
51;300;9.93;0.11;0.26;
51;318;8.3;0.11;0.12;
51;319;8.76;0.11;0.08;
51;320;7.8;0.11;0.07;
51;321;4.04;0.11;0.18;
51;322;5.49;0.11;0.15;
51;323;7.63;0.11;0.12;
51;496;7.96;0.11;0.09;
51;497;6.17;0.11;0.19;
54;56;6.95;0.16;0.15;
54;91;8.9;0.16;0.16;
54;299;8.09;0.16;0.25;
54;300;4.29;0.16;0.26;
54;318;8.87;0.16;0.12;
54;319;7.49;0.16;0.08;
54;320;5.43;0.16;0.07;
54;321;4.43;0.16;0.18;
54;322;7.97;0.16;0.15;
56;297;7.73;0.15;0.2;
56;299;5.09;0.15;0.25;
56;300;4.72;0.15;0.26;
56;319;9.35;0.15;0.08;
56;320;6.01;0.15;0.07;
56;321;8.21;0.15;0.18;
56;387;8.04;0.15;0.19;
56;388;9.59;0.15;0.2;
67;324;9.2;0.1;0.1;
67;441;9.74;0.1;0.29;
72;74;6.21;0.15;0.12;
72;76;7.69;0.15;0.11;
72;174;8.62;0.15;0.1;
72;180;7.89;0.15;0.05;
72;181;5.55;0.15;0.08;
72;318;7.97;0.15;0.12;
72;319;6.81;0.15;0.08;
72;320;9.79;0.15;0.07;
72;323;9.9;0.15;0.12;
72;324;7.46;0.15;0.1;
74;76;6.99;0.12;0.11;
74;147;8.14;0.12;0.2;
74;174;4.37;0.12;0.1;
74;181;8.52;0.12;0.08;
74;297;9.48;0.12;0.2;
74;299;7.22;0.12;0.25;
74;300;9.16;0.12;0.26;
74;318;9.54;0.12;0.12;
74;319;7.44;0.12;0.08;
74;320;9.22;0.12;0.07;
76;147;9.81;0.11;0.2;
76;169;5.76;0.11;0.11;
76;318;5.0;0.11;0.12;
76;319;6.23;0.11;0.08;
76;320;9.42;0.11;0.07;
76;323;8.96;0.11;0.12;
76;324;9.35;0.11;0.1;
90;91;3.78;0.17;0.16;
90;94;6.42;0.17;0.23;
90;158;9.24;0.17;0.14;
90;160;6.41;0.17;0.08;
90;169;9.99;0.17;0.11;
90;300;9.54;0.17;0.26;
91;94;5.03;0.16;0.23;
91;160;8.78;0.16;0.08;
91;299;6.95;0.16;0.25;
91;300;6.33;0.16;0.26;
94;147;9.67;0.23;0.2;
94;149;9.94;0.23;0.18;
94;158;8.61;0.23;0.14;
94;299;8.75;0.23;0.25;
114;297;6.34;0.22;0.2;
147;149;7.21;0.2;0.18;
147;158;5.58;0.2;0.14;
147;174;7.12;0.2;0.1;
149;150;3.72;0.18;0.16;
149;151;8.61;0.18;0.35;
149;152;8.61;0.18;0.6;
149;153;7.01;0.18;0.61;
149;154;6.95;0.18;0.4;
149;158;6.33;0.18;0.14;
150;151;7.28;0.16;0.35;
150;152;5.87;0.16;0.6;
150;153;5.27;0.16;0.61;
150;154;7.02;0.16;0.4;
150;158;9.78;0.16;0.14;
151;152;3.86;0.35;0.6;
151;153;5.51;0.35;0.61;
151;154;4.97;0.35;0.4;
152;153;3.84;0.6;0.61;
152;154;6.07;0.6;0.4;
153;154;3.77;0.61;0.4;
158;160;7.36;0.14;0.08;
158;169;8.53;0.14;0.11;
160;167;8.26;0.08;0.13;
160;169;5.27;0.08;0.11;
163;167;5.69;0.12;0.13;
167;169;6.43;0.13;0.11;
169;318;8.8;0.11;0.12;
174;181;9.37;0.1;0.08;
174;297;9.93;0.1;0.2;
174;299;9.81;0.1;0.25;
180;181;3.86;0.05;0.08;
180;441;8.74;0.05;0.29;
180;443;8.01;0.05;0.24;
181;319;9.97;0.08;0.08;
181;443;9.73;0.08;0.24;
202;457;6.11;0.16;0.32;
297;299;5.31;0.2;0.25;
297;300;8.98;0.2;0.26;
299;300;3.9;0.25;0.26;
299;319;8.55;0.25;0.08;
299;320;7.07;0.25;0.07;
300;319;7.52;0.26;0.08;
300;320;5.5;0.26;0.07;
300;321;7.25;0.26;0.18;
318;319;3.78;0.12;0.08;
318;320;6.95;0.12;0.07;
318;321;6.99;0.12;0.18;
318;322;5.63;0.12;0.15;
318;323;4.04;0.12;0.12;
318;324;5.49;0.12;0.1;
318;326;7.99;0.12;0.12;
319;320;3.79;0.08;0.07;
319;321;5.76;0.08;0.18;
319;322;5.46;0.08;0.15;
319;323;5.99;0.08;0.12;
319;324;6.51;0.08;0.1;
319;387;9.83;0.08;0.19;
319;388;8.75;0.08;0.2;
319;389;8.74;0.08;0.17;
320;321;3.86;0.07;0.18;
320;322;5.54;0.07;0.15;
320;323;8.04;0.07;0.12;
320;324;9.18;0.07;0.1;
320;387;7.36;0.07;0.19;
320;388;6.74;0.07;0.2;
320;389;8.35;0.07;0.17;
321;322;3.77;0.18;0.15;
321;323;6.93;0.18;0.12;
321;324;9.5;0.18;0.1;
321;387;9.23;0.18;0.19;
321;388;7.17;0.18;0.2;
321;389;8.68;0.18;0.17;
321;497;7.6;0.18;0.19;
322;323;3.71;0.15;0.12;
322;324;6.24;0.15;0.1;
322;326;8.81;0.15;0.12;
322;387;9.51;0.15;0.19;
322;388;6.53;0.15;0.2;
322;389;6.28;0.15;0.17;
322;391;9.79;0.15;0.21;
322;496;8.01;0.15;0.09;
322;497;5.59;0.15;0.19;
323;324;3.79;0.12;0.1;
323;326;5.45;0.12;0.12;
323;388;9.46;0.12;0.2;
323;389;7.84;0.12;0.17;
323;391;9.24;0.12;0.21;
323;496;7.43;0.12;0.09;
323;497;6.76;0.12;0.19;
324;326;6.43;0.1;0.12;
324;388;9.81;0.1;0.2;
324;389;7.2;0.1;0.17;
324;391;8.01;0.1;0.21;
324;441;7.86;0.1;0.29;
324;497;9.67;0.1;0.19;
326;391;9.86;0.12;0.21;
326;496;7.0;0.12;0.09;
326;497;8.82;0.12;0.19;
387;388;3.8;0.19;0.2;
387;389;6.61;0.19;0.17;
387;443;5.77;0.19;0.24;
388;389;3.77;0.2;0.17;
388;391;9.86;0.2;0.21;
388;441;9.78;0.2;0.29;
388;443;5.57;0.2;0.24;
388;497;9.37;0.2;0.19;
389;391;6.36;0.17;0.21;
389;441;6.2;0.17;0.29;
389;443;4.38;0.17;0.24;
389;497;8.81;0.17;0.19;
391;393;5.55;0.21;0.19;
391;394;5.57;0.21;0.16;
391;441;4.57;0.21;0.29;
391;443;8.71;0.21;0.24;
391;497;9.58;0.21;0.19;
393;394;3.84;0.19;0.16;
393;441;8.29;0.19;0.29;
394;441;9.78;0.16;0.29;
441;443;6.32;0.29;0.24;
496;497;3.82;0.09;0.19;
