1;2;20;393;9.78;7.31;1.23;
1;2;20;439;9.57;7.31;1.99;
1;2;22;439;9.47;2.16;1.99;
1;2;67;439;8.7;1.21;1.99;
1;2;74;297;9.78;1.21;1.22;
1;2;74;299;7.24;1.21;1.3;
1;2;74;300;9.08;1.21;1.13;
1;2;76;300;9.92;0.86;1.13;
1;2;147;94;9.62;0.87;1.09;
1;2;149;94;9.65;1.39;1.09;
1;2;149;151;9.0;1.39;2.14;
1;2;149;152;9.12;1.39;2.81;
1;2;149;153;7.55;1.39;2.64;
1;2;149;154;7.43;1.39;1.81;
1;2;150;151;7.55;1.95;2.14;
1;2;150;152;6.42;1.95;2.81;
1;2;150;153;5.83;1.95;2.64;
1;2;150;154;7.33;1.95;1.81;
1;2;151;151;5.91;2.14;2.14;
1;2;151;152;5.06;2.14;2.81;
1;2;151;153;6.76;2.14;2.64;
1;2;151;154;8.23;2.14;1.81;
1;2;152;151;7.61;2.81;2.14;
1;2;152;152;5.4;2.81;2.81;
1;2;152;153;8.29;2.81;2.64;
1;2;158;90;8.61;1.0;1.21;
1;2;158;91;9.59;1.0;1.03;
1;2;158;94;8.67;1.0;1.09;
1;2;160;90;6.08;0.91;1.21;
1;2;160;91;8.43;0.91;1.03;
1;2;163;50;8.08;1.18;1.73;
1;2;169;90;9.94;0.83;1.21;
1;2;174;299;9.87;1.03;1.3;
1;2;202;457;7.6;1.25;1.83;
1;2;270;457;7.38;1.36;1.83;
1;2;318;51;8.47;1.32;1.38;
1;2;318;54;8.75;1.32;1.18;
1;2;318;300;9.98;1.32;1.13;
1;2;320;51;8.22;2.69;1.38;
1;2;320;54;5.34;2.69;1.18;
1;2;320;56;5.78;2.69;0.92;
1;2;320;299;7.25;2.69;1.3;
1;2;320;300;5.44;2.69;1.13;
1;2;320;387;7.26;2.69;1.1;
1;2;320;388;6.81;2.69;1.04;
1;2;320;389;8.59;2.69;1.29;
1;2;321;50;8.19;2.74;1.73;
1;2;321;51;4.45;2.74;1.38;
1;2;321;54;4.51;2.74;1.18;
1;2;321;56;8.22;2.74;0.92;
1;2;321;300;7.41;2.74;1.13;
1;2;321;387;9.15;2.74;1.1;
1;2;321;388;7.21;2.74;1.04;
1;2;321;389;8.79;2.74;1.29;
1;2;321;497;7.85;2.74;1.29;
1;2;322;50;9.34;1.79;1.73;
1;2;322;51;5.78;1.79;1.38;
1;2;322;54;8.03;1.79;1.18;
1;2;322;387;9.24;1.79;1.1;
1;2;322;388;6.33;1.79;1.04;
1;2;322;389;6.21;1.79;1.29;
1;2;322;391;9.94;1.79;1.23;
1;2;322;496;8.23;1.79;1.68;
1;2;322;497;5.81;1.79;1.29;
1;2;323;51;7.77;1.57;1.38;
1;2;323;388;9.25;1.57;1.04;
1;2;323;389;7.7;1.57;1.29;
1;2;323;391;9.29;1.57;1.23;
1;2;323;496;7.54;1.57;1.68;
1;2;323;497;6.79;1.57;1.29;
1;2;324;388;9.83;1.3;1.04;
1;2;324;389;7.3;1.3;1.29;
1;2;324;391;8.14;1.3;1.23;
1;2;324;441;7.94;1.3;1.38;
1;2;324;497;9.71;1.3;1.29;
1;2;326;391;9.98;1.41;1.23;
1;2;326;496;6.82;1.41;1.68;
1;2;326;497;8.65;1.41;1.29;
2;3;20;393;9.22;7.31;1.23;
2;3;20;439;8.91;7.31;1.99;
2;3;22;439;8.09;2.16;1.99;
2;3;67;439;7.79;1.21;1.99;
2;3;74;299;8.2;1.21;1.3;
2;3;74;300;9.94;1.21;1.13;
2;3;150;152;8.08;1.95;2.81;
2;3;150;153;6.63;1.95;2.64;
2;3;151;152;5.96;2.14;2.81;
2;3;151;153;6.45;2.14;2.64;
2;3;152;152;5.63;2.81;2.81;
2;3;152;153;7.58;2.81;2.64;
2;3;158;90;9.5;1.0;1.21;
2;3;158;91;9.82;1.0;1.03;
2;3;158;94;9.13;1.0;1.09;
2;3;160;90;6.89;0.91;1.21;
2;3;160;91;8.37;0.91;1.03;
2;3;162;50;9.26;1.32;1.73;
2;3;162;51;9.87;1.32;1.38;
2;3;162;54;9.27;1.32;1.18;
2;3;163;50;6.65;1.18;1.73;
2;3;163;51;8.66;1.18;1.38;
2;3;180;441;8.89;1.39;1.38;
2;3;180;443;8.98;1.39;1.19;
2;3;180;455;8.6;1.39;1.85;
2;3;181;443;9.74;1.11;1.19;
2;3;202;457;8.35;1.25;1.83;
2;3;270;457;7.56;1.36;1.83;
2;3;318;51;9.15;1.32;1.38;
2;3;318;54;9.89;1.32;1.18;
2;3;318;389;8.98;1.32;1.29;
2;3;318;497;9.65;1.32;1.29;
2;3;320;51;8.7;2.69;1.38;
2;3;320;54;6.7;2.69;1.18;
2;3;320;299;8.21;2.69;1.3;
2;3;320;300;6.82;2.69;1.13;
2;3;320;387;6.29;2.69;1.1;
2;3;320;388;5.7;2.69;1.04;
2;3;320;389;7.28;2.69;1.29;
2;3;320;443;9.12;2.69;1.19;
2;3;321;50;8.85;2.74;1.73;
2;3;321;51;5.06;2.74;1.38;
2;3;321;54;5.9;2.74;1.18;
2;3;321;300;8.4;2.74;1.13;
2;3;321;387;8.36;2.74;1.1;
2;3;321;388;6.11;2.74;1.04;
2;3;321;389;7.45;2.74;1.29;
2;3;321;496;9.9;2.74;1.68;
2;3;321;497;7.12;2.74;1.29;
2;3;322;51;7.08;1.79;1.38;
2;3;322;54;9.52;1.79;1.18;
2;3;322;387;8.88;1.79;1.1;
2;3;322;388;5.73;1.79;1.04;
2;3;322;389;4.92;1.79;1.29;
2;3;322;391;8.48;1.79;1.23;
2;3;322;441;9.65;1.79;1.38;
2;3;322;443;8.94;1.79;1.19;
2;3;322;496;8.14;1.79;1.68;
2;3;322;497;5.62;1.79;1.29;
2;3;323;51;9.01;1.57;1.38;
2;3;323;388;8.98;1.57;1.04;
2;3;323;389;6.86;1.57;1.29;
2;3;323;391;7.84;1.57;1.23;
2;3;323;441;9.08;1.57;1.38;
2;3;323;496;7.68;1.57;1.68;
2;3;323;497;6.87;1.57;1.29;
2;3;324;388;9.93;1.3;1.04;
2;3;324;389;6.92;1.3;1.29;
2;3;324;391;6.92;1.3;1.23;
2;3;324;439;9.78;1.3;1.99;
2;3;324;441;6.49;1.3;1.38;
2;3;324;443;9.37;1.3;1.19;
2;3;326;391;8.77;1.41;1.23;
2;3;326;394;9.99;1.41;1.16;
2;3;326;496;7.45;1.41;1.68;
2;3;326;497;9.09;1.41;1.29;
