18;20;5.79;1.06;0.9;
18;494;8.06;1.06;0.22;
20;22;6.47;0.9;0.42;
20;393;8.83;0.9;0.27;
20;394;9.73;0.9;0.24;
20;439;9.83;0.9;0.3;
22;67;6.03;0.42;0.35;
22;324;8.6;0.42;0.4;
22;326;6.57;0.42;0.41;
22;439;9.65;0.42;0.3;
50;51;3.81;0.26;0.26;
50;54;8.76;0.26;0.38;
50;163;8.84;0.26;0.33;
50;321;7.8;0.26;0.79;
50;322;8.9;0.26;0.54;
50;496;8.39;0.26;0.28;
50;497;8.04;0.26;0.24;
51;54;6.26;0.26;0.38;
51;318;8.15;0.26;0.4;
51;319;8.67;0.26;0.39;
51;320;7.77;0.26;0.58;
51;321;4.06;0.26;0.79;
51;322;5.34;0.26;0.54;
51;323;7.4;0.26;0.45;
51;496;7.93;0.26;0.28;
51;497;6.27;0.26;0.24;
54;91;9.03;0.38;0.39;
54;299;8.2;0.38;0.54;
54;300;4.44;0.38;0.52;
54;318;8.54;0.38;0.4;
54;319;7.05;0.38;0.39;
54;320;5.19;0.38;0.58;
54;321;4.52;0.38;0.79;
54;322;7.89;0.38;0.54;
67;324;8.97;0.35;0.4;
67;439;7.83;0.35;0.3;
67;441;8.96;0.35;0.26;
72;74;6.2;0.22;0.22;
72;76;7.71;0.22;0.19;
72;174;8.58;0.22;0.2;
72;180;7.87;0.22;0.17;
72;181;5.53;0.22;0.17;
72;318;8.06;0.22;0.4;
72;319;6.96;0.22;0.39;
72;320;9.96;0.22;0.58;
72;324;7.55;0.22;0.4;
74;76;6.94;0.22;0.19;
74;91;9.71;0.22;0.39;
74;94;9.89;0.22;0.47;
74;147;7.85;0.22;0.12;
74;174;4.56;0.22;0.2;
74;181;8.43;0.22;0.17;
74;297;9.53;0.22;0.54;
74;299;6.89;0.22;0.54;
74;300;8.74;0.22;0.52;
74;318;9.52;0.22;0.4;
74;319;7.47;0.22;0.39;
74;320;9.44;0.22;0.58;
76;147;9.66;0.19;0.12;
76;158;9.9;0.19;0.13;
76;160;9.96;0.19;0.1;
76;169;5.73;0.19;0.23;
76;318;5.02;0.19;0.4;
76;319;6.26;0.19;0.39;
76;320;9.61;0.19;0.58;
76;323;9.02;0.19;0.45;
76;324;9.32;0.19;0.4;
90;91;3.78;0.39;0.39;
90;94;6.39;0.39;0.47;
90;158;8.68;0.39;0.13;
90;160;6.24;0.39;0.1;
90;169;9.99;0.39;0.23;
90;300;9.61;0.39;0.52;
91;94;5.01;0.39;0.47;
91;158;9.57;0.39;0.13;
91;160;8.71;0.39;0.1;
91;299;6.91;0.39;0.54;
91;300;6.4;0.39;0.52;
94;147;9.48;0.47;0.12;
94;149;9.13;0.47;0.24;
94;158;8.26;0.47;0.13;
94;299;8.78;0.47;0.54;
114;297;6.23;0.5;0.54;
128;180;8.68;0.04;0.17;
128;270;8.75;0.04;0.26;
128;454;9.52;0.04;0.2;
128;455;7.36;0.04;0.3;
128;457;8.29;0.04;0.19;
147;149;7.2;0.12;0.24;
147;158;5.68;0.12;0.13;
147;174;6.87;0.12;0.2;
149;150;3.72;0.24;0.36;
149;151;9.24;0.24;0.52;
149;152;9.27;0.24;0.81;
149;153;7.16;0.24;0.75;
149;154;6.92;0.24;0.55;
149;158;6.17;0.24;0.13;
150;151;7.63;0.36;0.52;
150;152;6.3;0.36;0.81;
150;153;4.66;0.36;0.75;
150;154;6.29;0.36;0.55;
150;158;9.64;0.36;0.13;
151;152;3.88;0.52;0.81;
151;153;5.55;0.52;0.75;
151;154;4.98;0.52;0.55;
152;153;3.83;0.81;0.75;
152;154;6.0;0.81;0.55;
153;154;3.69;0.75;0.55;
158;160;7.27;0.13;0.1;
158;169;8.56;0.13;0.23;
160;167;8.32;0.1;0.14;
160;169;5.4;0.1;0.23;
163;167;5.7;0.33;0.14;
167;169;6.46;0.14;0.23;
169;318;8.8;0.23;0.4;
174;181;9.19;0.2;0.17;
174;297;9.98;0.2;0.54;
174;299;9.6;0.2;0.54;
180;181;3.8;0.17;0.17;
180;441;8.35;0.17;0.26;
180;443;7.31;0.17;0.34;
180;455;9.65;0.17;0.3;
181;319;9.98;0.17;0.39;
181;443;9.13;0.17;0.34;
202;270;6.66;0.19;0.26;
202;457;5.17;0.19;0.19;
270;454;7.31;0.26;0.2;
270;455;8.97;0.26;0.3;
270;457;6.9;0.26;0.19;
297;299;5.34;0.54;0.54;
297;300;8.91;0.54;0.52;
299;300;3.86;0.54;0.52;
299;319;8.52;0.54;0.39;
299;320;7.41;0.54;0.58;
300;318;9.96;0.52;0.4;
300;319;7.28;0.52;0.39;
300;320;5.58;0.52;0.58;
300;321;7.59;0.52;0.79;
318;319;3.78;0.4;0.39;
318;320;6.99;0.4;0.58;
318;321;7.02;0.4;0.79;
318;322;5.7;0.4;0.54;
318;323;4.1;0.4;0.45;
318;324;5.49;0.4;0.4;
318;326;7.98;0.4;0.41;
318;497;9.87;0.4;0.24;
319;320;3.84;0.39;0.58;
319;321;5.77;0.39;0.79;
319;322;5.5;0.39;0.54;
319;323;6.06;0.39;0.45;
319;324;6.61;0.39;0.4;
319;387;9.68;0.39;0.38;
319;388;8.54;0.39;0.37;
319;389;8.63;0.39;0.35;
320;321;3.82;0.58;0.79;
320;322;5.45;0.58;0.54;
320;323;8.03;0.58;0.45;
320;324;9.21;0.58;0.4;
320;387;7.2;0.58;0.38;
320;388;6.48;0.58;0.37;
320;389;8.22;0.58;0.35;
321;322;3.71;0.79;0.54;
321;323;6.92;0.79;0.45;
321;324;9.49;0.79;0.4;
321;387;9.27;0.79;0.38;
321;388;7.17;0.79;0.37;
321;389;8.75;0.79;0.35;
321;497;7.59;0.79;0.24;
322;323;3.75;0.54;0.45;
322;324;6.27;0.54;0.4;
322;326;8.82;0.54;0.41;
322;387;9.5;0.54;0.38;
322;388;6.47;0.54;0.37;
322;389;6.35;0.54;0.35;
322;391;9.86;0.54;0.25;
322;496;7.88;0.54;0.28;
322;497;5.4;0.54;0.24;
323;324;3.76;0.45;0.4;
323;326;5.41;0.45;0.41;
323;388;9.35;0.45;0.37;
323;389;7.8;0.45;0.35;
323;391;9.16;0.45;0.25;
323;496;7.1;0.45;0.28;
323;497;6.41;0.45;0.24;
324;326;6.41;0.4;0.41;
324;388;9.62;0.4;0.37;
324;389;7.03;0.4;0.35;
324;391;7.69;0.4;0.25;
324;441;7.68;0.4;0.26;
324;443;9.92;0.4;0.34;
324;496;9.95;0.4;0.28;
324;497;9.21;0.4;0.24;
326;391;9.92;0.41;0.25;
326;494;9.84;0.41;0.22;
326;496;6.5;0.41;0.28;
326;497;8.45;0.41;0.24;
387;388;3.79;0.38;0.37;
387;389;6.59;0.38;0.35;
387;443;5.72;0.38;0.34;
388;389;3.75;0.37;0.35;
388;391;9.83;0.37;0.25;
388;441;9.76;0.37;0.26;
388;443;5.54;0.37;0.34;
388;497;9.34;0.37;0.24;
389;391;6.31;0.35;0.25;
389;441;6.2;0.35;0.26;
389;443;4.35;0.35;0.34;
389;497;8.71;0.35;0.24;
391;393;5.52;0.25;0.27;
391;394;5.51;0.25;0.24;
391;439;7.27;0.25;0.3;
391;441;4.54;0.25;0.26;
391;443;8.65;0.25;0.34;
391;497;9.46;0.25;0.24;
393;394;3.81;0.27;0.24;
393;439;4.85;0.27;0.3;
393;441;8.16;0.27;0.26;
394;439;8.48;0.24;0.3;
394;441;9.66;0.24;0.26;
394;494;7.66;0.24;0.22;
439;441;6.98;0.3;0.26;
441;443;6.3;0.26;0.34;
441;455;8.67;0.26;0.3;
443;455;9.39;0.34;0.3;
454;455;3.73;0.2;0.3;
454;457;7.41;0.2;0.19;
455;457;7.11;0.3;0.19;
494;496;6.96;0.22;0.28;
494;497;9.22;0.22;0.24;
496;497;3.81;0.28;0.24;
