43;321;7.95;0.08;0.08;
50;51;3.86;0.1;0.12;
50;54;7.92;0.1;0.05;
50;163;6.8;0.1;0.08;
50;167;9.23;0.1;0.04;
50;321;8.45;0.1;0.08;
51;54;6.21;0.12;0.05;
51;318;7.55;0.12;0.04;
51;320;8.06;0.12;0.09;
51;321;4.78;0.12;0.08;
51;323;7.29;0.12;0.06;
54;56;7.02;0.05;0.05;
54;76;9.88;0.05;0.05;
54;91;8.82;0.05;0.04;
54;299;8.18;0.05;0.01;
54;300;4.5;0.05;0.05;
54;318;8.42;0.05;0.04;
54;320;5.58;0.05;0.09;
54;321;5.32;0.05;0.08;
56;299;5.21;0.05;0.01;
56;300;4.79;0.05;0.05;
56;320;5.53;0.05;0.09;
56;321;7.74;0.05;0.08;
74;76;6.96;0.07;0.05;
74;147;7.82;0.07;0.03;
74;174;4.34;0.07;0.02;
74;299;7.64;0.07;0.01;
74;300;9.06;0.07;0.05;
74;318;9.53;0.07;0.04;
74;320;9.43;0.07;0.09;
76;147;9.57;0.05;0.03;
76;160;9.99;0.05;0.03;
76;169;5.79;0.05;0.04;
76;318;5.11;0.05;0.04;
76;320;9.7;0.05;0.09;
76;323;9.29;0.05;0.06;
90;91;3.86;0.04;0.04;
90;94;6.24;0.04;0.03;
90;160;7.62;0.04;0.03;
90;300;9.55;0.04;0.05;
91;94;4.9;0.04;0.03;
91;160;9.76;0.04;0.03;
91;299;7.12;0.04;0.01;
91;300;6.21;0.04;0.05;
94;299;8.95;0.03;0.01;
94;300;9.95;0.03;0.05;
114;299;9.88;0.04;0.01;
147;174;6.73;0.03;0.02;
150;151;3.81;0.04;0.06;
150;152;9.19;0.04;0.08;
150;153;7.04;0.04;0.03;
151;152;7.05;0.06;0.08;
151;153;6.62;0.06;0.03;
152;153;3.85;0.08;0.03;
160;167;8.43;0.03;0.04;
160;169;5.36;0.03;0.04;
163;167;5.82;0.08;0.04;
167;169;6.47;0.04;0.04;
169;318;8.93;0.04;0.04;
299;300;3.82;0.01;0.05;
299;320;7.16;0.01;0.09;
300;320;5.77;0.05;0.09;
300;321;7.99;0.05;0.08;
318;320;7.05;0.04;0.09;
318;321;7.09;0.04;0.08;
318;323;4.29;0.04;0.06;
320;321;3.85;0.09;0.08;
320;323;8.28;0.09;0.06;
321;323;6.94;0.08;0.06;
