1;2;74;297;9.94;0.73;0.88;
1;2;74;299;7.25;0.73;0.83;
1;2;74;300;8.86;0.73;0.72;
1;2;76;54;9.95;0.57;0.79;
1;2;150;152;8.26;1.19;1.86;
1;2;150;153;6.7;1.19;1.53;
1;2;152;152;6.39;1.86;1.86;
1;2;152;153;8.15;1.86;1.53;
1;2;158;90;9.36;0.68;0.85;
1;2;158;94;9.67;0.68;0.84;
1;2;160;90;7.42;0.65;0.85;
1;2;160;91;9.65;0.65;0.67;
1;2;163;50;7.54;0.74;1.89;
1;2;167;50;9.7;0.57;1.89;
1;2;174;299;9.86;0.86;0.83;
1;2;318;51;7.48;0.68;1.48;
1;2;318;54;8.46;0.68;0.79;
1;2;320;51;7.72;0.97;1.48;
1;2;320;54;5.56;0.97;0.79;
1;2;320;56;5.65;0.97;0.72;
1;2;320;299;7.31;0.97;0.83;
1;2;320;300;5.86;0.97;0.72;
1;2;321;43;8.42;1.12;1.14;
1;2;321;48;9.52;1.12;3.11;
1;2;321;50;8.26;1.12;1.89;
1;2;321;51;4.45;1.12;1.48;
1;2;321;54;5.33;1.12;0.79;
1;2;321;56;8.0;1.12;0.72;
1;2;321;300;8.05;1.12;0.72;
1;2;323;50;9.86;0.76;1.89;
1;2;323;51;7.15;0.76;1.48;
2;3;74;297;9.89;0.73;0.88;
2;3;74;299;7.2;0.73;0.83;
2;3;74;300;8.83;0.73;0.72;
2;3;76;54;9.9;0.57;0.79;
2;3;150;152;8.26;1.19;1.86;
2;3;150;153;6.69;1.19;1.53;
2;3;152;152;6.47;1.86;1.86;
2;3;152;153;8.2;1.86;1.53;
2;3;158;90;9.39;0.68;0.85;
2;3;158;94;9.69;0.68;0.84;
2;3;160;90;7.44;0.65;0.85;
2;3;160;91;9.66;0.65;0.67;
2;3;163;50;7.56;0.74;1.89;
2;3;167;50;9.73;0.57;1.89;
2;3;174;299;9.8;0.86;0.83;
2;3;318;50;10.0;0.68;1.89;
2;3;318;51;7.42;0.68;1.48;
2;3;318;54;8.37;0.68;0.79;
2;3;320;51;7.7;0.97;1.48;
2;3;320;54;5.56;0.97;0.79;
2;3;320;56;5.64;0.97;0.72;
2;3;320;299;7.3;0.97;0.83;
2;3;320;300;5.84;0.97;0.72;
2;3;321;43;8.36;1.12;1.14;
2;3;321;48;9.55;1.12;3.11;
2;3;321;50;8.29;1.12;1.89;
2;3;321;51;4.48;1.12;1.48;
2;3;321;54;5.35;1.12;0.79;
2;3;321;56;7.98;1.12;0.72;
2;3;321;300;8.05;1.12;0.72;
2;3;323;50;9.88;0.76;1.89;
2;3;323;51;7.16;0.76;1.48;
3;4;74;297;9.93;0.73;0.88;
3;4;74;299;7.24;0.73;0.83;
3;4;74;300;8.86;0.73;0.72;
3;4;76;54;9.92;0.57;0.79;
3;4;150;152;8.27;1.19;1.86;
3;4;150;153;6.68;1.19;1.53;
3;4;152;152;6.41;1.86;1.86;
3;4;152;153;8.15;1.86;1.53;
3;4;158;90;9.36;0.68;0.85;
3;4;158;94;9.68;0.68;0.84;
3;4;160;90;7.38;0.65;0.85;
3;4;160;91;9.63;0.65;0.67;
3;4;163;50;7.53;0.74;1.89;
3;4;167;50;9.68;0.57;1.89;
3;4;174;299;9.85;0.86;0.83;
3;4;318;50;10.0;0.68;1.89;
3;4;318;51;7.46;0.68;1.48;
3;4;318;54;8.42;0.68;0.79;
3;4;320;51;7.74;0.97;1.48;
3;4;320;54;5.56;0.97;0.79;
3;4;320;56;5.66;0.97;0.72;
3;4;320;299;7.27;0.97;0.83;
3;4;320;300;5.84;0.97;0.72;
3;4;321;43;8.39;1.12;1.14;
3;4;321;48;9.59;1.12;3.11;
3;4;321;50;8.29;1.12;1.89;
3;4;321;51;4.48;1.12;1.48;
3;4;321;54;5.32;1.12;0.79;
3;4;321;56;7.98;1.12;0.72;
3;4;321;300;8.02;1.12;0.72;
3;4;323;50;9.84;0.76;1.89;
3;4;323;51;7.12;0.76;1.48;
1;4;43;321;8.45;1.14;1.12;
1;4;48;321;9.56;3.11;1.12;
1;4;50;163;7.59;1.89;0.74;
1;4;50;167;9.79;1.89;0.57;
1;4;50;321;8.27;1.89;1.12;
1;4;50;323;9.88;1.89;0.76;
1;4;51;318;7.46;1.48;0.68;
1;4;51;320;7.7;1.48;0.97;
1;4;51;321;4.45;1.48;1.12;
1;4;51;323;7.18;1.48;0.76;
1;4;54;76;9.98;0.79;0.57;
1;4;54;318;8.44;0.79;0.68;
1;4;54;320;5.57;0.79;0.97;
1;4;54;321;5.32;0.79;1.12;
1;4;56;320;5.71;0.72;0.97;
1;4;56;321;8.0;0.72;1.12;
1;4;90;158;9.41;0.85;0.68;
1;4;90;160;7.48;0.85;0.65;
1;4;91;160;9.69;0.67;0.65;
1;4;94;158;9.72;0.84;0.68;
1;4;152;150;8.29;1.86;1.19;
1;4;152;152;6.46;1.86;1.86;
1;4;153;150;6.7;1.53;1.19;
1;4;153;152;8.17;1.53;1.86;
1;4;297;74;9.99;0.88;0.73;
1;4;299;74;7.3;0.83;0.73;
1;4;299;174;9.9;0.83;0.86;
1;4;299;320;7.31;0.83;0.97;
1;4;300;74;8.92;0.72;0.73;
1;4;300;320;5.86;0.72;0.97;
1;4;300;321;8.04;0.72;1.12;
