1;2;74;299;7.73;0.67;0.76;
1;2;74;300;9.16;0.67;0.66;
1;2;76;54;9.91;0.55;0.8;
1;2;150;152;9.93;0.91;1.46;
1;2;150;153;7.72;0.91;1.2;
1;2;152;152;8.1;1.46;1.46;
1;2;152;153;8.77;1.46;1.2;
1;2;160;90;7.81;0.64;0.79;
1;2;160;91;9.84;0.64;0.63;
1;2;163;50;7.08;0.78;1.94;
1;2;167;50;9.39;0.57;1.94;
1;2;318;51;7.49;0.67;1.45;
1;2;318;54;8.52;0.67;0.8;
1;2;320;51;7.97;0.91;1.45;
1;2;320;54;5.6;0.91;0.8;
1;2;320;56;5.56;0.91;0.7;
1;2;320;299;7.26;0.91;0.76;
1;2;320;300;5.76;0.91;0.66;
1;2;321;43;8.14;1.03;1.68;
1;2;321;48;8.92;1.03;3.38;
1;2;321;50;8.4;1.03;1.94;
1;2;321;51;4.65;1.03;1.45;
1;2;321;54;5.31;1.03;0.8;
1;2;321;56;7.79;1.03;0.7;
1;2;321;300;7.93;1.03;0.66;
1;2;323;48;9.9;0.78;3.38;
1;2;323;51;7.17;0.78;1.45;
2;3;74;299;7.72;0.67;0.76;
2;3;74;300;9.14;0.67;0.66;
2;3;76;54;9.89;0.55;0.8;
2;3;150;152;9.89;0.91;1.46;
2;3;150;153;7.67;0.91;1.2;
2;3;152;152;8.04;1.46;1.46;
2;3;152;153;8.7;1.46;1.2;
2;3;160;90;7.77;0.64;0.79;
2;3;160;91;9.8;0.64;0.63;
2;3;163;50;7.07;0.78;1.94;
2;3;167;50;9.38;0.57;1.94;
2;3;318;51;7.46;0.67;1.45;
2;3;318;54;8.47;0.67;0.8;
2;3;320;51;8.0;0.91;1.45;
2;3;320;54;5.61;0.91;0.8;
2;3;320;56;5.54;0.91;0.7;
2;3;320;299;7.21;0.91;0.76;
2;3;320;300;5.7;0.91;0.66;
2;3;321;43;8.16;1.03;1.68;
2;3;321;48;8.92;1.03;3.38;
2;3;321;50;8.42;1.03;1.94;
2;3;321;51;4.68;1.03;1.45;
2;3;321;54;5.31;1.03;0.8;
2;3;321;56;7.78;1.03;0.7;
2;3;321;300;7.88;1.03;0.66;
2;3;323;48;9.85;0.78;3.38;
2;3;323;51;7.15;0.78;1.45;
3;4;74;299;7.75;0.67;0.76;
3;4;74;300;9.15;0.67;0.66;
3;4;76;54;9.91;0.55;0.8;
3;4;150;152;9.91;0.91;1.46;
3;4;150;153;7.68;0.91;1.2;
3;4;152;152;8.08;1.46;1.46;
3;4;152;153;8.73;1.46;1.2;
3;4;160;90;7.8;0.64;0.79;
3;4;160;91;9.82;0.64;0.63;
3;4;163;50;7.03;0.78;1.94;
3;4;167;50;9.36;0.57;1.94;
3;4;318;51;7.52;0.67;1.45;
3;4;318;54;8.48;0.67;0.8;
3;4;320;51;8.05;0.91;1.45;
3;4;320;54;5.62;0.91;0.8;
3;4;320;56;5.54;0.91;0.7;
3;4;320;299;7.21;0.91;0.76;
3;4;320;300;5.72;0.91;0.66;
3;4;321;43;8.19;1.03;1.68;
3;4;321;48;8.96;1.03;3.38;
3;4;321;50;8.47;1.03;1.94;
3;4;321;51;4.73;1.03;1.45;
3;4;321;54;5.33;1.03;0.8;
3;4;321;56;7.79;1.03;0.7;
3;4;321;300;7.91;1.03;0.66;
3;4;323;48;9.9;0.78;3.38;
3;4;323;51;7.2;0.78;1.45;
1;4;43;321;8.18;1.68;1.03;
1;4;48;321;8.97;3.38;1.03;
1;4;48;323;9.98;3.38;0.78;
1;4;50;163;7.02;1.94;0.78;
1;4;50;167;9.35;1.94;0.57;
1;4;50;321;8.43;1.94;1.03;
1;4;51;318;7.5;1.45;0.67;
1;4;51;320;8.02;1.45;0.91;
1;4;51;321;4.7;1.45;1.03;
1;4;51;323;7.18;1.45;0.78;
1;4;54;76;9.92;0.8;0.55;
1;4;54;318;8.52;0.8;0.67;
1;4;54;320;5.6;0.8;0.91;
1;4;54;321;5.3;0.8;1.03;
1;4;56;320;5.56;0.7;0.91;
1;4;56;321;7.78;0.7;1.03;
1;4;90;160;7.79;0.79;0.64;
1;4;91;160;9.83;0.63;0.64;
1;4;152;150;9.9;1.46;0.91;
1;4;152;152;8.06;1.46;1.46;
1;4;153;150;7.72;1.2;0.91;
1;4;153;152;8.76;1.2;1.46;
1;4;299;74;7.75;0.76;0.67;
1;4;299;320;7.24;0.76;0.91;
1;4;300;74;9.14;0.66;0.67;
1;4;300;320;5.75;0.66;0.91;
1;4;300;321;7.91;0.66;1.03;
