8;37;9.34;6.62;0.43;
50;51;3.88;0.52;0.47;
50;54;7.94;0.52;0.41;
50;163;7.04;0.52;0.61;
50;167;9.59;0.52;0.36;
50;321;8.63;0.52;0.95;
51;54;6.14;0.47;0.41;
51;318;7.65;0.47;0.58;
51;320;7.98;0.47;0.91;
51;321;4.9;0.47;0.95;
51;323;7.38;0.47;0.71;
54;56;7.12;0.41;0.32;
54;91;8.96;0.41;0.47;
54;299;8.25;0.41;0.46;
54;300;4.55;0.41;0.42;
54;318;8.62;0.41;0.58;
54;320;5.63;0.41;0.91;
54;321;5.56;0.41;0.95;
56;299;5.2;0.32;0.46;
56;300;4.81;0.32;0.42;
56;320;5.81;0.32;0.91;
56;321;8.06;0.32;0.95;
74;76;7.03;0.41;0.35;
74;147;8.09;0.41;0.02;
74;174;4.33;0.41;0.32;
74;176;9.88;0.41;0.32;
74;299;7.68;0.41;0.46;
74;300;9.16;0.41;0.42;
74;318;9.55;0.41;0.58;
74;320;9.48;0.41;0.91;
76;147;9.65;0.35;0.02;
76;169;5.92;0.35;0.28;
76;318;5.12;0.35;0.58;
76;320;9.77;0.35;0.91;
76;323;9.25;0.35;0.71;
90;91;3.86;0.56;0.47;
90;94;6.26;0.56;0.57;
90;160;7.85;0.56;0.38;
90;300;9.59;0.56;0.42;
91;94;4.95;0.47;0.57;
91;160;9.91;0.47;0.38;
91;299;6.99;0.47;0.46;
91;300;6.22;0.47;0.42;
94;299;8.75;0.57;0.46;
94;300;9.95;0.57;0.42;
107;108;3.78;1.39;1.16;
107;176;6.24;1.39;0.32;
107;187;6.87;1.39;0.26;
108;174;8.58;1.16;0.32;
108;176;5.93;1.16;0.32;
147;174;7.02;0.02;0.32;
150;152;9.62;0.48;0.79;
150;153;8.02;0.48;0.84;
152;153;3.86;0.79;0.84;
160;167;8.48;0.38;0.36;
160;169;5.31;0.38;0.28;
163;167;5.75;0.61;0.36;
167;169;6.53;0.36;0.28;
169;318;9.04;0.28;0.58;
174;176;7.07;0.32;0.32;
176;187;9.28;0.32;0.26;
299;300;3.84;0.46;0.42;
299;320;7.49;0.46;0.91;
300;320;5.99;0.42;0.91;
300;321;8.3;0.42;0.95;
318;320;7.13;0.58;0.91;
318;321;7.39;0.58;0.95;
318;323;4.22;0.58;0.71;
320;321;3.85;0.91;0.95;
320;323;8.25;0.91;0.71;
321;323;7.04;0.95;0.71;
