1;2;8;37;9.34;10.75;0.96;
1;2;74;299;7.68;0.63;0.68;
1;2;74;300;9.16;0.63;0.59;
1;2;150;152;9.62;1.18;1.79;
1;2;150;153;8.02;1.18;1.33;
1;2;152;152;8.03;1.79;1.79;
1;2;152;153;9.15;1.79;1.33;
1;2;160;90;7.85;0.53;0.65;
1;2;160;91;9.91;0.53;0.58;
1;2;163;50;7.04;0.58;1.07;
1;2;167;50;9.59;0.5;1.07;
1;2;174;108;8.58;0.73;6.58;
1;2;176;107;6.24;1.19;6.98;
1;2;176;108;5.93;1.19;6.58;
1;2;187;107;6.87;0.67;6.98;
1;2;318;51;7.65;0.58;0.85;
1;2;318;54;8.62;0.58;0.63;
1;2;320;51;7.98;0.71;0.85;
1;2;320;54;5.63;0.71;0.63;
1;2;320;56;5.81;0.71;0.62;
1;2;320;299;7.49;0.71;0.68;
1;2;320;300;5.99;0.71;0.59;
1;2;321;50;8.63;0.78;1.07;
1;2;321;51;4.9;0.78;0.85;
1;2;321;54;5.56;0.78;0.63;
1;2;321;56;8.06;0.78;0.62;
1;2;321;300;8.3;0.78;0.59;
1;2;323;51;7.38;0.65;0.85;
2;3;6;44;7.6;11.28;1.27;
2;3;6;45;4.54;11.28;2.07;
2;3;6;46;4.53;11.28;1.83;
2;3;6;47;7.87;11.28;1.47;
2;3;6;48;9.65;11.28;1.09;
2;3;6;306;8.16;11.28;0.87;
2;3;6;337;7.72;11.28;1.37;
2;3;7;44;6.37;11.24;1.27;
2;3;7;45;4.75;11.24;2.07;
2;3;7;46;3.44;11.24;1.83;
2;3;7;47;6.7;11.24;1.47;
2;3;7;48;9.12;11.24;1.09;
2;3;7;306;9.7;11.24;0.87;
2;3;7;337;8.71;11.24;1.37;
2;3;8;44;4.42;10.75;1.27;
2;3;8;45;5.35;10.75;2.07;
2;3;8;46;4.44;10.75;1.83;
2;3;8;47;5.57;10.75;1.47;
2;3;8;48;8.93;10.75;1.09;
2;3;8;337;9.39;10.75;1.37;
2;3;9;42;9.02;11.3;0.75;
2;3;9;44;3.96;11.3;1.27;
2;3;9;45;5.46;11.3;2.07;
2;3;9;46;6.87;11.3;1.83;
2;3;9;47;8.42;11.3;1.47;
2;3;9;337;6.78;11.3;1.37;
2;3;11;42;6.47;10.85;0.75;
2;3;11;44;6.6;10.85;1.27;
2;3;11;337;9.44;10.85;1.37;
2;3;74;299;7.67;0.63;0.68;
2;3;74;300;9.23;0.63;0.59;
2;3;150;152;9.61;1.18;1.79;
2;3;150;153;8.05;1.18;1.33;
2;3;152;152;8.07;1.79;1.79;
2;3;152;153;9.22;1.79;1.33;
2;3;160;90;7.86;0.53;0.65;
2;3;160;91;9.9;0.53;0.58;
2;3;163;50;6.71;0.58;1.07;
2;3;167;50;9.31;0.5;1.07;
2;3;174;108;8.43;0.73;6.58;
2;3;176;107;6.11;1.19;6.98;
2;3;176;108;5.27;1.19;6.58;
2;3;187;107;6.92;0.67;6.98;
2;3;187;108;9.92;0.67;6.58;
2;3;188;107;9.26;0.64;6.98;
2;3;318;51;7.78;0.58;0.85;
2;3;318;54;8.67;0.58;0.63;
2;3;320;51;8.07;0.71;0.85;
2;3;320;54;5.67;0.71;0.63;
2;3;320;56;5.81;0.71;0.62;
2;3;320;299;7.36;0.71;0.68;
2;3;320;300;5.94;0.71;0.59;
2;3;321;44;8.32;0.78;1.27;
2;3;321;47;6.97;0.78;1.47;
2;3;321;48;8.86;0.78;1.09;
2;3;321;50;8.73;0.78;1.07;
2;3;321;51;4.95;0.78;0.85;
2;3;321;54;5.5;0.78;0.63;
2;3;321;56;8.03;0.78;0.62;
2;3;321;300;8.18;0.78;0.59;
2;3;323;47;9.51;0.65;1.47;
2;3;323;51;7.57;0.65;0.85;
3;4;74;299;7.76;0.63;0.68;
3;4;74;300;9.23;0.63;0.59;
3;4;150;152;9.4;1.18;1.79;
3;4;150;153;7.99;1.18;1.33;
3;4;152;152;7.8;1.79;1.79;
3;4;152;153;9.09;1.79;1.33;
3;4;160;90;7.87;0.53;0.65;
3;4;160;91;9.94;0.53;0.58;
3;4;163;50;6.95;0.58;1.07;
3;4;167;50;9.51;0.5;1.07;
3;4;174;108;8.68;0.73;6.58;
3;4;176;107;6.97;1.19;6.98;
3;4;176;108;6.52;1.19;6.58;
3;4;187;107;6.32;0.67;6.98;
3;4;187;108;9.78;0.67;6.58;
3;4;318;51;7.64;0.58;0.85;
3;4;318;54;8.7;0.58;0.63;
3;4;320;51;7.92;0.71;0.85;
3;4;320;54;5.62;0.71;0.63;
3;4;320;56;5.94;0.71;0.62;
3;4;320;299;7.51;0.71;0.68;
3;4;320;300;6.02;0.71;0.59;
3;4;321;50;8.58;0.78;1.07;
3;4;321;51;4.83;0.78;0.85;
3;4;321;54;5.54;0.78;0.63;
3;4;321;56;8.17;0.78;0.62;
3;4;321;300;8.31;0.78;0.59;
3;4;323;51;7.45;0.65;0.85;
1;4;50;163;6.94;1.07;0.58;
1;4;50;167;9.56;1.07;0.5;
1;4;50;321;8.6;1.07;0.78;
1;4;51;318;7.81;0.85;0.58;
1;4;51;320;7.93;0.85;0.71;
1;4;51;321;4.82;0.85;0.78;
1;4;51;323;7.64;0.85;0.65;
1;4;54;318;8.88;0.63;0.58;
1;4;54;320;5.62;0.63;0.71;
1;4;54;321;5.55;0.63;0.78;
1;4;56;320;6.02;0.62;0.71;
1;4;56;321;8.21;0.62;0.78;
1;4;90;160;7.99;0.65;0.53;
1;4;107;176;5.82;6.98;1.19;
1;4;107;187;7.34;6.98;0.67;
1;4;108;174;8.75;6.58;0.73;
1;4;108;176;5.52;6.58;1.19;
1;4;152;150;9.57;1.79;1.18;
1;4;152;152;8.18;1.79;1.79;
1;4;153;150;8.17;1.33;1.18;
1;4;153;152;9.5;1.33;1.79;
1;4;299;74;7.97;0.68;0.63;
1;4;299;320;7.39;0.68;0.71;
1;4;300;74;9.43;0.59;0.63;
1;4;300;320;5.95;0.59;0.71;
1;4;300;321;8.24;0.59;0.78;
