43;321;8.14;0.02;0.04;
48;50;5.5;0.07;0.06;
48;51;5.74;0.07;0.06;
48;321;8.92;0.07;0.04;
48;323;9.9;0.07;0.05;
50;51;3.87;0.06;0.06;
50;54;8.43;0.06;0.05;
50;163;7.08;0.06;0.05;
50;167;9.39;0.06;0.04;
50;321;8.4;0.06;0.04;
51;54;6.27;0.06;0.05;
51;318;7.49;0.06;0.03;
51;320;7.97;0.06;0.03;
51;321;4.65;0.06;0.04;
51;323;7.17;0.06;0.05;
54;56;7.02;0.05;0.03;
54;76;9.91;0.05;0.01;
54;91;8.78;0.05;0.03;
54;299;8.13;0.05;0.03;
54;300;4.44;0.05;0.04;
54;318;8.52;0.05;0.03;
54;320;5.6;0.05;0.03;
54;321;5.31;0.05;0.04;
56;299;5.22;0.03;0.03;
56;300;4.72;0.03;0.04;
56;320;5.56;0.03;0.03;
56;321;7.79;0.03;0.04;
74;76;6.95;0.04;0.01;
74;147;7.85;0.04;0.05;
74;174;4.35;0.04;0.06;
74;299;7.73;0.04;0.03;
74;300;9.16;0.04;0.04;
74;318;9.43;0.04;0.03;
74;320;9.39;0.04;0.03;
76;147;9.47;0.01;0.05;
76;160;9.87;0.01;0.03;
76;169;5.74;0.01;0.02;
76;318;5.09;0.01;0.03;
76;320;9.69;0.01;0.03;
76;323;9.26;0.01;0.05;
90;91;3.86;0.04;0.03;
90;94;6.26;0.04;0.08;
90;160;7.81;0.04;0.03;
90;300;9.52;0.04;0.04;
91;94;4.94;0.03;0.08;
91;160;9.84;0.03;0.03;
91;299;6.9;0.03;0.03;
91;300;6.19;0.03;0.04;
94;299;8.77;0.08;0.03;
94;300;9.99;0.08;0.04;
147;174;6.85;0.05;0.06;
150;152;9.93;0.06;0.07;
150;153;7.72;0.06;0.11;
152;153;3.85;0.07;0.11;
160;167;8.34;0.03;0.04;
160;169;5.31;0.03;0.02;
163;167;5.82;0.05;0.04;
167;169;6.42;0.04;0.02;
169;318;8.83;0.02;0.03;
299;300;3.81;0.03;0.04;
299;320;7.26;0.03;0.03;
300;320;5.76;0.04;0.03;
300;321;7.93;0.04;0.04;
318;320;7.04;0.03;0.03;
318;321;7.08;0.03;0.04;
318;323;4.27;0.03;0.05;
320;321;3.84;0.03;0.04;
320;323;8.26;0.03;0.05;
321;323;6.93;0.04;0.05;
