43;321;8.42;0.02;0.04;
48;50;5.49;0.18;0.06;
48;51;6.36;0.18;0.07;
48;321;9.52;0.18;0.04;
50;51;3.88;0.06;0.07;
50;54;8.32;0.06;0.03;
50;163;7.54;0.06;0.03;
50;167;9.7;0.06;0.02;
50;321;8.26;0.06;0.04;
50;323;9.86;0.06;0.04;
51;54;6.06;0.07;0.03;
51;318;7.48;0.07;0.07;
51;320;7.72;0.07;0.01;
51;321;4.45;0.07;0.04;
51;323;7.15;0.07;0.04;
54;56;7.04;0.03;0.03;
54;76;9.95;0.03;0.02;
54;91;8.89;0.03;0.09;
54;299;8.07;0.03;0.04;
54;300;4.4;0.03;0.03;
54;318;8.46;0.03;0.07;
54;320;5.56;0.03;0.01;
54;321;5.33;0.03;0.04;
56;58;6.69;0.03;0.07;
56;297;7.57;0.03;0.03;
56;299;5.19;0.03;0.04;
56;300;4.82;0.03;0.03;
56;320;5.65;0.03;0.01;
56;321;8.0;0.03;0.04;
58;297;8.79;0.07;0.03;
74;76;6.95;0.01;0.02;
74;147;7.87;0.01;0.01;
74;174;4.41;0.01;0.02;
74;297;9.94;0.01;0.03;
74;299;7.25;0.01;0.04;
74;300;8.86;0.01;0.03;
74;318;9.5;0.01;0.07;
74;320;9.53;0.01;0.01;
76;147;9.54;0.02;0.01;
76;158;9.77;0.02;0.01;
76;160;9.98;0.02;0.02;
76;169;5.82;0.02;0.02;
76;318;5.1;0.02;0.07;
76;320;9.81;0.02;0.01;
76;323;9.28;0.02;0.04;
90;91;3.85;0.03;0.09;
90;94;6.37;0.03;0.04;
90;158;9.36;0.03;0.01;
90;160;7.42;0.03;0.02;
90;300;9.56;0.03;0.03;
91;94;4.94;0.09;0.04;
91;160;9.65;0.09;0.02;
91;299;7.02;0.09;0.04;
91;300;6.27;0.09;0.03;
94;158;9.67;0.04;0.01;
94;299;8.82;0.04;0.04;
114;297;6.37;0.04;0.03;
147;158;5.63;0.01;0.01;
147;174;6.96;0.01;0.02;
150;152;8.26;0.01;0.02;
150;153;6.7;0.01;0.04;
150;158;9.8;0.01;0.01;
152;153;3.85;0.02;0.04;
158;160;7.24;0.01;0.02;
158;169;8.51;0.01;0.02;
160;167;8.35;0.02;0.02;
160;169;5.36;0.02;0.02;
163;167;5.7;0.03;0.02;
167;169;6.45;0.02;0.02;
169;318;8.92;0.02;0.07;
174;299;9.86;0.02;0.04;
297;299;5.3;0.03;0.04;
297;300;8.84;0.03;0.03;
299;300;3.8;0.04;0.03;
299;320;7.31;0.04;0.01;
300;320;5.86;0.03;0.01;
300;321;8.05;0.03;0.04;
318;320;7.09;0.07;0.01;
318;321;7.24;0.07;0.04;
318;323;4.28;0.07;0.04;
320;321;3.85;0.01;0.04;
320;323;8.24;0.01;0.04;
321;323;6.99;0.04;0.04;
