1;2;74;299;7.64;0.67;0.72;
1;2;74;300;9.06;0.67;0.63;
1;2;76;54;9.88;0.53;0.71;
1;2;150;152;9.19;0.95;1.72;
1;2;150;153;7.04;0.95;1.26;
1;2;151;152;7.05;1.3;1.72;
1;2;151;153;6.62;1.3;1.26;
1;2;152;152;6.87;1.72;1.72;
1;2;152;153;7.9;1.72;1.26;
1;2;160;90;7.62;0.6;0.68;
1;2;160;91;9.76;0.6;0.58;
1;2;163;50;6.8;0.65;1.27;
1;2;167;50;9.23;0.53;1.27;
1;2;318;51;7.55;0.61;1.19;
1;2;318;54;8.42;0.61;0.71;
1;2;320;51;8.06;0.79;1.19;
1;2;320;54;5.58;0.79;0.71;
1;2;320;56;5.53;0.79;0.64;
1;2;320;299;7.16;0.79;0.72;
1;2;320;300;5.77;0.79;0.63;
1;2;321;43;7.95;0.85;1.02;
1;2;321;50;8.45;0.85;1.27;
1;2;321;51;4.78;0.85;1.19;
1;2;321;54;5.32;0.85;0.71;
1;2;321;56;7.74;0.85;0.64;
1;2;321;300;7.99;0.85;0.63;
1;2;323;51;7.29;0.69;1.19;
2;3;74;299;7.65;0.67;0.72;
2;3;74;300;9.08;0.67;0.63;
2;3;76;54;9.88;0.53;0.71;
2;3;150;152;9.17;0.95;1.72;
2;3;150;153;7.03;0.95;1.26;
2;3;152;152;6.81;1.72;1.72;
2;3;152;153;7.84;1.72;1.26;
2;3;160;90;7.59;0.6;0.68;
2;3;160;91;9.73;0.6;0.58;
2;3;163;50;6.77;0.65;1.27;
2;3;167;50;9.23;0.53;1.27;
2;3;318;51;7.53;0.61;1.19;
2;3;318;54;8.42;0.61;0.71;
2;3;320;51;8.06;0.79;1.19;
2;3;320;54;5.6;0.79;0.71;
2;3;320;56;5.55;0.79;0.64;
2;3;320;299;7.18;0.79;0.72;
2;3;320;300;5.78;0.79;0.63;
2;3;321;43;7.98;0.85;1.02;
2;3;321;50;8.47;0.85;1.27;
2;3;321;51;4.79;0.85;1.19;
2;3;321;54;5.32;0.85;0.71;
2;3;321;56;7.74;0.85;0.64;
2;3;321;300;7.97;0.85;0.63;
2;3;323;51;7.29;0.69;1.19;
3;4;74;299;7.59;0.67;0.72;
3;4;74;300;9.02;0.67;0.63;
3;4;76;54;9.85;0.53;0.71;
3;4;150;152;9.22;0.95;1.72;
3;4;150;153;7.06;0.95;1.26;
3;4;151;151;8.57;1.3;1.3;
3;4;151;152;7.05;1.3;1.72;
3;4;151;153;6.6;1.3;1.26;
3;4;152;151;9.48;1.72;1.3;
3;4;152;152;6.81;1.72;1.72;
3;4;152;153;7.83;1.72;1.26;
3;4;160;90;7.61;0.6;0.68;
3;4;160;91;9.76;0.6;0.58;
3;4;163;50;6.78;0.65;1.27;
3;4;167;50;9.2;0.53;1.27;
3;4;318;50;9.98;0.61;1.27;
3;4;318;51;7.5;0.61;1.19;
3;4;318;54;8.4;0.61;0.71;
3;4;320;51;8.05;0.79;1.19;
3;4;320;54;5.58;0.79;0.71;
3;4;320;56;5.52;0.79;0.64;
3;4;320;299;7.18;0.79;0.72;
3;4;320;300;5.75;0.79;0.63;
3;4;321;43;7.96;0.85;1.02;
3;4;321;50;8.45;0.85;1.27;
3;4;321;51;4.77;0.85;1.19;
3;4;321;54;5.33;0.85;0.71;
3;4;321;56;7.74;0.85;0.64;
3;4;321;300;7.99;0.85;0.63;
3;4;323;51;7.26;0.69;1.19;
1;4;43;321;7.99;1.02;0.85;
1;4;50;163;6.76;1.27;0.65;
1;4;50;167;9.22;1.27;0.53;
1;4;50;318;9.99;1.27;0.61;
1;4;50;321;8.47;1.27;0.85;
1;4;51;318;7.5;1.19;0.61;
1;4;51;320;8.05;1.19;0.79;
1;4;51;321;4.79;1.19;0.85;
1;4;51;323;7.28;1.19;0.69;
1;4;54;76;9.88;0.71;0.53;
1;4;54;318;8.43;0.71;0.61;
1;4;54;320;5.58;0.71;0.79;
1;4;54;321;5.32;0.71;0.85;
1;4;56;320;5.54;0.64;0.79;
1;4;56;321;7.75;0.64;0.85;
1;4;90;160;7.59;0.68;0.6;
1;4;91;160;9.74;0.58;0.6;
1;4;151;151;8.49;1.3;1.3;
1;4;151;152;9.4;1.3;1.72;
1;4;152;150;9.15;1.72;0.95;
1;4;152;151;7.02;1.72;1.3;
1;4;152;152;6.77;1.72;1.72;
1;4;153;150;6.99;1.26;0.95;
1;4;153;151;6.58;1.26;1.3;
1;4;153;152;7.83;1.26;1.72;
1;4;299;74;7.61;0.72;0.67;
1;4;299;320;7.17;0.72;0.79;
1;4;300;74;9.02;0.63;0.67;
1;4;300;320;5.75;0.63;0.79;
1;4;300;321;7.97;0.63;0.85;
