1;2;532;521;8.33;2.9;6.47;
1;2;532;523;6.91;2.9;6.59;
1;2;532;559;9.14;2.9;4.99;
1;2;532;604;9.23;2.9;2.9;
1;2;534;521;8.1;2.83;6.47;
1;2;534;552;9.78;2.83;1.79;
1;2;534;554;9.49;2.83;2.22;
1;2;534;565;9.48;2.83;1.86;
1;2;534;606;7.91;2.83;2.25;
1;2;536;519;8.49;3.47;5.42;
1;2;536;606;9.11;3.47;2.25;
1;2;576;560;8.15;1.15;3.99;
1;2;576;561;6.41;1.15;3.36;
1;2;576;562;4.84;1.15;3.75;
1;2;576;563;7.94;1.15;2.69;
1;2;576;564;9.41;1.15;2.2;
1;2;577;561;9.15;1.2;3.36;
1;2;577;562;6.13;1.2;3.75;
1;2;577;563;7.88;1.2;2.69;
1;2;577;564;8.17;1.2;2.2;
1;2;579;554;9.17;1.56;2.22;
1;2;579;562;8.37;1.56;3.75;
1;2;579;563;7.26;1.56;2.69;
1;2;579;564;5.36;1.56;2.2;
1;2;579;565;5.93;1.56;1.86;
1;2;580;552;9.68;1.84;1.79;
1;2;580;564;7.8;1.84;2.2;
1;2;580;565;6.53;1.84;1.86;
1;2;580;567;8.94;1.84;1.18;
1;2;581;552;6.8;2.38;1.79;
1;2;581;554;9.36;2.38;2.22;
1;2;581;564;8.72;2.38;2.2;
1;2;581;565;6.02;2.38;1.86;
1;2;581;567;7.42;2.38;1.18;
1;2;581;606;8.75;2.38;2.25;
1;2;582;552;6.9;2.28;1.79;
1;2;582;554;6.47;2.28;2.22;
1;2;582;562;9.0;2.28;3.75;
1;2;582;563;6.91;2.28;2.69;
1;2;582;564;5.88;2.28;2.2;
1;2;582;565;4.2;2.28;1.86;
1;2;582;567;8.45;2.28;1.18;
1;2;582;606;8.49;2.28;2.25;
1;2;583;552;8.51;2.0;1.79;
1;2;583;554;5.96;2.0;2.22;
1;2;583;557;9.77;2.0;3.13;
1;2;583;562;7.24;2.0;3.75;
1;2;583;563;5.98;2.0;2.69;
1;2;583;564;7.13;2.0;2.2;
1;2;583;565;6.6;2.0;1.86;
1;2;583;604;8.29;2.0;2.9;
1;2;583;606;8.24;2.0;2.25;
1;2;584;554;7.58;1.8;2.22;
1;2;584;557;7.77;1.8;3.13;
1;2;584;559;8.13;1.8;4.99;
1;2;584;560;7.58;1.8;3.99;
1;2;584;561;7.02;1.8;3.36;
1;2;584;562;4.85;1.8;3.75;
1;2;584;563;5.56;1.8;2.69;
1;2;584;564;8.27;1.8;2.2;
1;2;584;565;9.26;1.8;1.86;
1;2;584;604;9.23;1.8;2.9;
1;2;585;523;9.33;2.15;6.59;
1;2;585;554;9.25;2.15;2.22;
1;2;585;557;7.33;2.15;3.13;
1;2;585;559;5.23;2.15;4.99;
1;2;585;560;6.13;2.15;3.99;
1;2;585;561;7.05;2.15;3.36;
1;2;585;562;6.94;2.15;3.75;
1;2;585;563;8.01;2.15;2.69;
1;2;585;604;8.77;2.15;2.9;
1;2;587;559;5.12;2.04;4.99;
1;2;587;560;5.86;2.04;3.99;
1;2;587;561;9.39;2.04;3.36;
1;2;590;559;6.09;1.47;4.99;
1;2;590;560;4.23;1.47;3.99;
1;2;590;561;7.24;1.47;3.36;
1;2;594;560;6.96;1.14;3.99;
1;2;594;561;7.7;1.14;3.36;
1;2;594;562;9.91;1.14;3.75;
1;2;617;519;8.55;3.91;5.42;
1;2;617;521;7.13;3.91;6.47;
1;2;617;606;10.0;3.91;2.25;
1;2;619;521;6.87;4.58;6.47;
1;2;619;523;7.17;4.58;6.59;
1;2;619;631;9.47;4.58;8.07;
1;2;621;523;8.87;4.25;6.59;
1;2;621;624;9.32;4.25;5.48;
1;2;621;628;8.34;4.25;6.79;
1;2;621;629;9.52;4.25;6.49;
1;2;623;628;8.33;4.83;6.79;
1;2;629;628;6.43;6.49;6.79;
1;2;629;629;6.53;6.49;6.49;
1;2;629;631;8.84;6.49;8.07;
1;2;631;629;9.57;8.07;6.49;
1;2;631;631;6.8;8.07;8.07;
1;2;631;633;9.03;8.07;8.75;
1;2;634;633;6.99;9.37;8.75;
1;2;634;635;7.41;9.37;9.16;
1;2;637;635;9.13;11.35;9.16;
2;3;532;521;7.1;2.9;6.47;
2;3;532;523;6.47;2.9;6.59;
2;3;532;604;8.92;2.9;2.9;
2;3;532;606;8.85;2.9;2.25;
2;3;534;519;8.36;2.83;5.42;
2;3;534;521;7.79;2.83;6.47;
2;3;534;552;9.8;2.83;1.79;
2;3;534;606;7.19;2.83;2.25;
2;3;536;519;6.97;3.47;5.42;
2;3;575;561;8.45;1.02;3.36;
2;3;575;562;5.9;1.02;3.75;
2;3;575;563;8.85;1.02;2.69;
2;3;575;564;8.65;1.02;2.2;
2;3;576;560;9.96;1.15;3.99;
2;3;576;561;7.96;1.15;3.36;
2;3;576;562;4.52;1.15;3.75;
2;3;576;563;6.09;1.15;2.69;
2;3;576;564;5.54;1.15;2.2;
2;3;576;565;8.57;1.15;1.86;
2;3;577;562;8.04;1.2;3.75;
2;3;577;563;8.37;1.2;2.69;
2;3;577;564;6.48;1.2;2.2;
2;3;577;565;8.31;1.2;1.86;
2;3;579;552;8.97;1.56;1.79;
2;3;579;564;7.33;1.56;2.2;
2;3;579;565;6.31;1.56;1.86;
2;3;581;552;8.54;2.38;1.79;
2;3;581;565;9.69;2.38;1.86;
2;3;581;570;8.76;2.38;1.03;
2;3;581;606;9.22;2.38;2.25;
2;3;582;552;6.1;2.28;1.79;
2;3;582;554;9.21;2.28;2.22;
2;3;582;564;8.79;2.28;2.2;
2;3;582;565;6.05;2.28;1.86;
2;3;582;570;9.73;2.28;1.03;
2;3;582;606;7.24;2.28;2.25;
2;3;583;521;9.85;2.0;6.47;
2;3;583;552;6.68;2.0;1.79;
2;3;583;554;7.39;2.0;2.22;
2;3;583;563;8.48;2.0;2.69;
2;3;583;564;7.98;2.0;2.2;
2;3;583;565;5.75;2.0;1.86;
2;3;583;604;9.76;2.0;2.9;
2;3;583;606;6.07;2.0;2.25;
2;3;585;523;8.33;2.15;6.59;
2;3;585;554;7.28;2.15;2.22;
2;3;585;557;8.23;2.15;3.13;
2;3;585;559;8.98;2.15;4.99;
2;3;585;560;7.07;2.15;3.99;
2;3;585;561;8.38;2.15;3.36;
2;3;585;562;8.16;2.15;3.75;
2;3;585;563;6.84;2.15;2.69;
2;3;585;564;9.29;2.15;2.2;
2;3;585;565;9.0;2.15;1.86;
2;3;585;604;7.33;2.15;2.9;
2;3;585;606;9.21;2.15;2.25;
2;3;587;557;9.63;2.04;3.13;
2;3;587;559;5.06;2.04;4.99;
2;3;587;560;4.11;2.04;3.99;
2;3;587;561;7.94;2.04;3.36;
2;3;590;557;8.1;1.47;3.13;
2;3;590;559;5.27;1.47;4.99;
2;3;590;560;3.86;1.47;3.99;
2;3;590;561;4.53;1.47;3.36;
2;3;590;562;7.94;1.47;3.75;
2;3;594;560;7.77;1.14;3.99;
2;3;594;561;5.97;1.14;3.36;
2;3;594;562;6.44;1.14;3.75;
2;3;615;636;9.96;2.98;10.17;
2;3;615;637;8.02;2.98;11.35;
2;3;615;638;8.82;2.98;10.69;
2;3;615;639;8.78;2.98;10.25;
2;3;617;519;7.23;3.91;5.42;
2;3;617;521;7.15;3.91;6.47;
2;3;617;632;9.25;3.91;8.27;
2;3;617;634;7.55;3.91;9.37;
2;3;617;637;8.9;3.91;11.35;
2;3;619;521;6.37;4.58;6.47;
2;3;619;523;7.53;4.58;6.59;
2;3;619;630;7.8;4.58;7.1;
2;3;619;631;8.45;4.58;8.07;
2;3;619;632;7.04;4.58;8.27;
2;3;619;634;9.3;4.58;9.37;
2;3;621;523;8.0;4.25;6.59;
2;3;621;624;8.69;4.25;5.48;
2;3;621;628;8.78;4.25;6.79;
2;3;621;630;6.89;4.25;7.1;
2;3;621;631;9.37;4.25;8.07;
2;3;623;628;9.4;4.83;6.79;
2;3;629;628;8.32;6.49;6.79;
2;3;629;630;9.15;6.49;7.1;
2;3;631;631;8.77;8.07;8.07;
2;3;634;635;8.22;9.37;9.16;
2;3;634;636;9.86;9.37;10.17;
2;3;635;635;9.19;9.16;9.16;
2;3;639;636;7.44;10.25;10.17;
2;3;639;637;9.64;10.25;11.35;
2;3;639;638;8.1;10.25;10.69;
2;3;642;634;7.78;12.46;9.37;
2;3;642;635;7.07;12.46;9.16;
2;3;642;636;5.15;12.46;10.17;
2;3;642;637;7.12;12.46;11.35;
2;3;642;638;9.1;12.46;10.69;
3;4;532;521;7.91;2.9;6.47;
3;4;532;523;6.64;2.9;6.59;
3;4;532;604;8.92;2.9;2.9;
3;4;532;606;9.84;2.9;2.25;
3;4;534;521;8.23;2.83;6.47;
3;4;534;552;9.23;2.83;1.79;
3;4;534;554;9.71;2.83;2.22;
3;4;534;565;9.34;2.83;1.86;
3;4;534;606;7.69;2.83;2.25;
3;4;536;519;9.14;3.47;5.42;
3;4;536;552;9.72;3.47;1.79;
3;4;536;606;9.39;3.47;2.25;
3;4;576;560;9.25;1.15;3.99;
3;4;576;561;7.38;1.15;3.36;
3;4;576;562;5.57;1.15;3.75;
3;4;576;563;7.62;1.15;2.69;
3;4;576;564;7.22;1.15;2.2;
3;4;577;562;7.63;1.2;3.75;
3;4;577;563;8.13;1.2;2.69;
3;4;577;564;6.35;1.2;2.2;
3;4;577;565;8.78;1.2;1.86;
3;4;579;552;9.77;1.56;1.79;
3;4;579;554;9.56;1.56;2.22;
3;4;579;563;8.71;1.56;2.69;
3;4;579;564;5.84;1.56;2.2;
3;4;579;565;5.43;1.56;1.86;
3;4;579;567;8.67;1.56;1.18;
3;4;580;552;9.47;1.84;1.79;
3;4;580;564;9.24;1.84;2.2;
3;4;580;565;7.56;1.84;1.86;
3;4;580;567;7.76;1.84;1.18;
3;4;581;552;7.09;2.38;1.79;
3;4;581;565;7.79;2.38;1.86;
3;4;581;567;6.72;2.38;1.18;
3;4;581;570;8.67;2.38;1.03;
3;4;581;606;9.64;2.38;2.25;
3;4;582;552;5.0;2.28;1.79;
3;4;582;554;7.17;2.28;2.22;
3;4;582;563;8.99;2.28;2.69;
3;4;582;564;8.02;2.28;2.2;
3;4;582;565;5.0;2.28;1.86;
3;4;582;567;6.55;2.28;1.18;
3;4;582;606;7.24;2.28;2.25;
3;4;583;552;7.44;2.0;1.79;
3;4;583;554;6.11;2.0;2.22;
3;4;583;562;8.59;2.0;3.75;
3;4;583;563;6.82;2.0;2.69;
3;4;583;564;7.16;2.0;2.2;
3;4;583;565;5.6;2.0;1.86;
3;4;583;567;9.89;2.0;1.18;
3;4;583;604;8.65;2.0;2.9;
3;4;583;606;7.83;2.0;2.25;
3;4;584;554;6.47;1.8;2.22;
3;4;584;557;8.36;1.8;3.13;
3;4;584;560;8.44;1.8;3.99;
3;4;584;561;8.19;1.8;3.36;
3;4;584;562;5.49;1.8;3.75;
3;4;584;563;5.11;1.8;2.69;
3;4;584;564;6.84;1.8;2.2;
3;4;584;565;7.18;1.8;1.86;
3;4;584;604;8.65;1.8;2.9;
3;4;585;523;8.82;2.15;6.59;
3;4;585;554;7.96;2.15;2.22;
3;4;585;557;7.4;2.15;3.13;
3;4;585;559;7.2;2.15;4.99;
3;4;585;560;6.43;2.15;3.99;
3;4;585;561;7.51;2.15;3.36;
3;4;585;562;6.51;2.15;3.75;
3;4;585;563;7.04;2.15;2.69;
3;4;585;564;9.89;2.15;2.2;
3;4;585;604;7.84;2.15;2.9;
3;4;587;559;4.5;2.04;4.99;
3;4;587;560;4.43;2.04;3.99;
3;4;587;561;8.11;2.04;3.36;
3;4;590;557;9.47;1.47;3.13;
3;4;590;559;5.5;1.47;4.99;
3;4;590;560;3.86;1.47;3.99;
3;4;590;561;5.36;1.47;3.36;
3;4;590;562;8.94;1.47;3.75;
3;4;594;560;7.39;1.14;3.99;
3;4;594;561;6.67;1.14;3.36;
3;4;594;562;8.9;1.14;3.75;
3;4;617;519;8.15;3.91;5.42;
3;4;617;521;7.23;3.91;6.47;
3;4;617;606;9.65;3.91;2.25;
3;4;619;521;6.59;4.58;6.47;
3;4;619;523;7.32;4.58;6.59;
3;4;619;630;8.92;4.58;7.1;
3;4;619;631;9.48;4.58;8.07;
3;4;621;523;8.79;4.25;6.59;
3;4;621;624;9.45;4.25;5.48;
3;4;621;628;9.93;4.25;6.79;
3;4;621;630;7.71;4.25;7.1;
3;4;621;631;9.68;4.25;8.07;
3;4;629;628;8.75;6.49;6.79;
3;4;629;630;8.69;6.49;7.1;
3;4;629;631;9.43;6.49;8.07;
3;4;631;630;9.79;8.07;7.1;
3;4;631;631;8.05;8.07;8.07;
3;4;634;635;9.17;9.37;9.16;
4;5;532;521;8.49;2.9;6.47;
4;5;532;523;6.85;2.9;6.59;
4;5;532;559;9.69;2.9;4.99;
4;5;532;560;9.87;2.9;3.99;
4;5;532;604;9.32;2.9;2.9;
4;5;534;521;8.43;2.83;6.47;
4;5;534;552;9.87;2.83;1.79;
4;5;534;554;9.82;2.83;2.22;
4;5;534;565;9.92;2.83;1.86;
4;5;534;606;8.03;2.83;2.25;
4;5;536;519;8.51;3.47;5.42;
4;5;536;606;9.53;3.47;2.25;
4;5;576;560;7.94;1.15;3.99;
4;5;576;561;6.54;1.15;3.36;
4;5;576;562;4.68;1.15;3.75;
4;5;576;563;7.58;1.15;2.69;
4;5;576;564;8.26;1.15;2.2;
4;5;577;561;9.69;1.2;3.36;
4;5;577;562;6.71;1.2;3.75;
4;5;577;563;8.19;1.2;2.69;
4;5;577;564;7.46;1.2;2.2;
4;5;577;565;9.99;1.2;1.86;
4;5;579;552;9.98;1.56;1.79;
4;5;579;554;9.18;1.56;2.22;
4;5;579;562;9.07;1.56;3.75;
4;5;579;563;7.93;1.56;2.69;
4;5;579;564;5.71;1.56;2.2;
4;5;579;565;5.75;1.56;1.86;
4;5;581;552;7.43;2.38;1.79;
4;5;581;565;7.65;2.38;1.86;
4;5;581;570;9.75;2.38;1.03;
4;5;581;606;9.17;2.38;2.25;
4;5;582;552;6.41;2.28;1.79;
4;5;582;554;7.11;2.28;2.22;
4;5;582;563;8.14;2.28;2.69;
4;5;582;564;7.08;2.28;2.2;
4;5;582;565;4.92;2.28;1.86;
4;5;582;606;8.07;2.28;2.25;
4;5;583;552;8.11;2.0;1.79;
4;5;583;554;6.25;2.0;2.22;
4;5;583;562;8.57;2.0;3.75;
4;5;583;563;6.57;2.0;2.69;
4;5;583;564;7.37;2.0;2.2;
4;5;583;565;6.48;2.0;1.86;
4;5;583;604;8.75;2.0;2.9;
4;5;583;606;7.95;2.0;2.25;
4;5;584;554;7.04;1.8;2.22;
4;5;584;557;8.19;1.8;3.13;
4;5;584;559;8.95;1.8;4.99;
4;5;584;560;7.64;1.8;3.99;
4;5;584;561;7.7;1.8;3.36;
4;5;584;562;6.02;1.8;3.75;
4;5;584;563;5.23;1.8;2.69;
4;5;584;564;7.56;1.8;2.2;
4;5;584;565;8.37;1.8;1.86;
4;5;584;604;9.03;1.8;2.9;
4;5;585;523;8.97;2.15;6.59;
4;5;585;554;8.68;2.15;2.22;
4;5;585;557;7.53;2.15;3.13;
4;5;585;559;5.96;2.15;4.99;
4;5;585;560;5.89;2.15;3.99;
4;5;585;561;7.38;2.15;3.36;
4;5;585;562;7.64;2.15;3.75;
4;5;585;563;7.33;2.15;2.69;
4;5;585;604;8.55;2.15;2.9;
4;5;587;559;4.74;2.04;4.99;
4;5;587;560;5.29;2.04;3.99;
4;5;587;561;8.97;2.04;3.36;
4;5;590;559;6.1;1.47;4.99;
4;5;590;560;4.46;1.47;3.99;
4;5;590;561;6.83;1.47;3.36;
4;5;594;560;7.43;1.14;3.99;
4;5;594;561;7.54;1.14;3.36;
4;5;594;562;9.54;1.14;3.75;
4;5;617;519;8.83;3.91;5.42;
4;5;617;521;7.69;3.91;6.47;
4;5;619;521;7.28;4.58;6.47;
4;5;619;523;7.48;4.58;6.59;
4;5;621;523;9.17;4.25;6.59;
5;6;532;521;7.05;2.9;6.47;
5;6;532;523;6.3;2.9;6.59;
5;6;532;604;8.89;2.9;2.9;
5;6;532;606;9.56;2.9;2.25;
5;6;534;521;7.95;2.83;6.47;
5;6;534;552;9.14;2.83;1.79;
5;6;534;554;9.59;2.83;2.22;
5;6;534;565;9.15;2.83;1.86;
5;6;534;606;7.44;2.83;2.25;
5;6;576;561;8.76;1.15;3.36;
5;6;576;562;5.82;1.15;3.75;
5;6;576;563;7.12;1.15;2.69;
5;6;576;564;6.29;1.15;2.2;
5;6;576;565;9.53;1.15;1.86;
5;6;577;562;8.34;1.2;3.75;
5;6;577;563;8.37;1.2;2.69;
5;6;577;564;6.51;1.2;2.2;
5;6;577;565;8.61;1.2;1.86;
5;6;579;552;9.15;1.56;1.79;
5;6;579;554;9.87;1.56;2.22;
5;6;579;563;9.36;1.56;2.69;
5;6;579;564;6.64;1.56;2.2;
5;6;579;565;5.9;1.56;1.86;
5;6;580;552;9.87;1.84;1.79;
5;6;580;565;8.64;1.84;1.86;
5;6;581;552;8.17;2.38;1.79;
5;6;581;565;9.03;2.38;1.86;
5;6;581;570;8.49;2.38;1.03;
5;6;581;606;9.7;2.38;2.25;
5;6;582;552;5.88;2.28;1.79;
5;6;582;554;8.15;2.28;2.22;
5;6;582;563;9.65;2.28;2.69;
5;6;582;564;8.2;2.28;2.2;
5;6;582;565;5.51;2.28;1.86;
5;6;582;570;9.9;2.28;1.03;
5;6;582;606;7.71;2.28;2.25;
5;6;583;521;9.96;2.0;6.47;
5;6;583;552;6.36;2.0;1.79;
5;6;583;554;5.8;2.0;2.22;
5;6;583;562;9.43;2.0;3.75;
5;6;583;563;7.14;2.0;2.69;
5;6;583;564;7.19;2.0;2.2;
5;6;583;565;5.11;2.0;1.86;
5;6;583;604;8.72;2.0;2.9;
5;6;583;606;6.63;2.0;2.25;
5;6;584;552;9.53;1.8;1.79;
5;6;584;554;6.14;1.8;2.22;
5;6;584;557;9.05;1.8;3.13;
5;6;584;560;9.18;1.8;3.99;
5;6;584;561;9.0;1.8;3.36;
5;6;584;562;6.16;1.8;3.75;
5;6;584;563;5.14;1.8;2.69;
5;6;584;564;6.64;1.8;2.2;
5;6;584;565;6.61;1.8;1.86;
5;6;584;604;8.68;1.8;2.9;
5;6;584;606;9.38;1.8;2.25;
5;6;585;523;8.43;2.15;6.59;
5;6;585;554;7.33;2.15;2.22;
5;6;585;557;7.96;2.15;3.13;
5;6;585;559;8.52;2.15;4.99;
5;6;585;560;6.94;2.15;3.99;
5;6;585;561;8.01;2.15;3.36;
5;6;585;562;6.73;2.15;3.75;
5;6;585;563;6.71;2.15;2.69;
5;6;585;564;9.53;2.15;2.2;
5;6;585;565;9.59;2.15;1.86;
5;6;585;604;7.5;2.15;2.9;
5;6;586;557;8.3;1.83;3.13;
5;6;586;559;6.27;1.83;4.99;
5;6;586;560;3.89;1.83;3.99;
5;6;586;561;6.4;1.83;3.36;
5;6;586;562;6.58;1.83;3.75;
5;6;586;563;8.38;1.83;2.69;
5;6;587;557;9.91;2.04;3.13;
5;6;587;559;4.78;2.04;4.99;
5;6;587;560;3.99;2.04;3.99;
5;6;587;561;7.71;2.04;3.36;
5;6;587;562;9.41;2.04;3.75;
5;6;590;557;8.93;1.47;3.13;
5;6;590;559;5.51;1.47;4.99;
5;6;590;560;3.83;1.47;3.99;
5;6;590;561;4.73;1.47;3.36;
5;6;590;562;7.93;1.47;3.75;
5;6;594;560;7.63;1.14;3.99;
5;6;594;561;6.45;1.14;3.36;
5;6;594;562;7.33;1.14;3.75;
5;6;617;519;9.62;3.91;5.42;
5;6;617;521;7.53;3.91;6.47;
5;6;619;521;5.97;4.58;6.47;
5;6;619;523;6.87;4.58;6.59;
5;6;621;523;7.8;4.25;6.59;
5;6;621;624;9.42;4.25;5.48;
5;6;623;627;9.92;4.83;6.71;
5;6;628;624;9.36;6.79;5.48;
5;6;628;626;8.15;6.79;5.67;
5;6;628;627;6.56;6.79;6.71;
5;6;628;629;8.72;6.79;6.49;
5;6;630;627;9.77;7.1;6.71;
5;6;630;629;6.74;7.1;6.49;
5;6;630;631;8.82;7.1;8.07;
5;6;632;629;9.97;8.27;6.49;
5;6;632;631;7.61;8.27;8.07;
5;6;642;518;9.89;12.46;5.33;
5;6;643;517;7.21;12.45;5.52;
5;6;643;518;6.64;12.45;5.33;
5;6;643;519;7.03;12.45;5.42;
5;6;644;517;8.42;12.8;5.52;
5;6;644;518;6.12;12.8;5.33;
5;6;644;519;4.43;12.8;5.42;
5;6;644;521;6.89;12.8;6.47;
5;6;644;606;9.76;12.8;2.25;
5;6;645;517;5.96;14.62;5.52;
5;6;645;518;3.58;14.62;5.33;
5;6;645;519;4.21;14.62;5.42;
5;6;645;521;8.86;14.62;6.47;
5;6;645;635;9.28;14.62;9.16;
5;6;646;517;4.64;13.74;5.52;
5;6;646;518;4.01;13.74;5.33;
5;6;646;519;4.37;13.74;5.42;
1;6;517;536;9.07;5.52;3.47;
1;6;519;534;8.15;5.42;2.83;
1;6;519;536;7.36;5.42;3.47;
1;6;519;617;6.44;5.42;3.91;
1;6;521;532;6.91;6.47;2.9;
1;6;521;534;8.18;6.47;2.83;
1;6;521;617;7.31;6.47;3.91;
1;6;521;619;5.89;6.47;4.58;
1;6;523;530;7.09;6.59;3.06;
1;6;523;532;6.56;6.59;2.9;
1;6;523;585;8.91;6.59;2.15;
1;6;523;619;7.12;6.59;4.58;
1;6;523;621;6.61;6.59;4.25;
1;6;552;534;8.83;1.79;2.83;
1;6;552;579;8.35;1.79;1.56;
1;6;552;580;9.11;1.79;1.84;
1;6;552;581;7.4;1.79;2.38;
1;6;552;582;5.55;1.79;2.28;
1;6;552;583;5.67;1.79;2.0;
1;6;552;584;7.98;1.79;1.8;
1;6;554;532;10.0;2.22;2.9;
1;6;554;582;9.6;2.22;2.28;
1;6;554;583;7.31;2.22;2.0;
1;6;554;584;5.98;2.22;1.8;
1;6;554;585;6.82;2.22;2.15;
1;6;557;585;8.22;3.13;2.15;
1;6;557;587;9.5;3.13;2.04;
1;6;557;589;7.43;3.13;1.64;
1;6;557;590;5.13;3.13;1.47;
1;6;559;530;7.95;4.99;3.06;
1;6;559;585;9.11;4.99;2.15;
1;6;559;587;4.8;4.99;2.04;
1;6;559;589;3.12;4.99;1.64;
1;6;559;590;3.84;4.99;1.47;
1;6;559;593;9.38;4.99;1.06;
1;6;560;587;5.34;3.99;2.04;
1;6;560;589;2.75;3.99;1.64;
1;6;560;590;3.24;3.99;1.47;
1;6;560;593;5.69;3.99;1.06;
1;6;560;594;7.62;3.99;1.14;
1;6;561;575;8.89;3.36;1.02;
1;6;561;576;9.45;3.36;1.15;
1;6;561;587;8.54;3.36;2.04;
1;6;561;589;5.0;3.36;1.64;
1;6;561;590;3.61;3.36;1.47;
1;6;561;593;4.78;3.36;1.06;
1;6;561;594;5.49;3.36;1.14;
1;6;562;575;7.13;3.75;1.02;
1;6;562;576;6.16;3.75;1.15;
1;6;562;577;9.46;3.75;1.2;
1;6;562;584;7.98;3.75;1.8;
1;6;562;585;7.39;3.75;2.15;
1;6;562;587;8.77;3.75;2.04;
1;6;562;589;8.01;3.75;1.64;
1;6;562;590;4.28;3.75;1.47;
1;6;562;593;8.12;3.75;1.06;
1;6;562;594;6.95;3.75;1.14;
1;6;563;575;8.59;2.69;1.02;
1;6;563;576;6.25;2.69;1.15;
1;6;563;577;8.57;2.69;1.2;
1;6;563;583;9.31;2.69;2.0;
1;6;563;584;6.31;2.69;1.8;
1;6;563;585;6.73;2.69;2.15;
1;6;563;590;6.88;2.69;1.47;
1;6;564;575;7.88;2.2;1.02;
1;6;564;576;4.86;2.2;1.15;
1;6;564;577;5.93;2.2;1.2;
1;6;564;579;7.74;2.2;1.56;
1;6;564;582;9.9;2.2;2.28;
1;6;564;583;8.43;2.2;2.0;
1;6;564;584;6.71;2.2;1.8;
1;6;564;585;8.92;2.2;2.15;
1;6;565;576;7.97;1.86;1.15;
1;6;565;577;7.5;1.86;1.2;
1;6;565;579;6.3;1.86;1.56;
1;6;565;580;9.28;1.86;1.84;
1;6;565;581;9.89;1.86;2.38;
1;6;565;582;7.09;1.86;2.28;
1;6;565;583;6.19;1.86;2.0;
1;6;565;584;6.11;1.86;1.8;
1;6;565;585;8.92;1.86;2.15;
1;6;567;579;7.49;1.18;1.56;
1;6;567;580;7.86;1.18;1.84;
1;6;567;581;7.53;1.18;2.38;
1;6;567;582;6.96;1.18;2.28;
1;6;567;583;8.89;1.18;2.0;
1;6;570;580;8.8;1.03;1.84;
1;6;570;581;7.01;1.03;2.38;
1;6;570;582;9.01;1.03;2.28;
1;6;571;581;7.96;1.05;2.38;
1;6;604;530;9.63;2.9;3.06;
1;6;604;532;8.23;2.9;2.9;
1;6;604;583;9.69;2.9;2.0;
1;6;604;584;8.37;2.9;1.8;
1;6;604;585;6.74;2.9;2.15;
1;6;606;532;8.37;2.25;2.9;
1;6;606;534;7.01;2.25;2.83;
1;6;606;581;9.31;2.25;2.38;
1;6;606;582;7.56;2.25;2.28;
1;6;606;583;6.13;2.25;2.0;
1;6;606;584;8.16;2.25;1.8;
1;6;606;585;9.23;2.25;2.15;
1;6;606;617;9.95;2.25;3.91;
1;6;624;621;9.37;5.48;4.25;
1;6;624;628;9.22;5.48;6.79;
1;6;626;628;8.61;5.67;6.79;
1;6;628;628;6.94;6.79;6.79;
1;6;628;630;8.35;6.79;7.1;
1;6;630;621;9.6;7.1;4.25;
1;6;630;628;9.55;7.1;6.79;
1;6;630;630;5.15;7.1;7.1;
1;6;630;631;5.91;7.1;8.07;
1;6;630;632;6.31;7.1;8.27;
1;6;631;630;6.94;8.07;7.1;
1;6;631;631;5.29;8.07;8.07;
1;6;631;632;5.65;8.07;8.27;
1;6;631;634;9.6;8.07;9.37;
1;6;632;630;9.01;8.27;7.1;
1;6;632;631;6.6;8.27;8.07;
1;6;632;632;4.63;8.27;8.27;
1;6;632;634;6.3;8.27;9.37;
1;6;632;635;9.9;8.27;9.16;
1;6;633;631;7.25;8.75;8.07;
1;6;633;632;5.99;8.75;8.27;
1;6;633;634;5.15;8.75;9.37;
1;6;633;635;7.74;8.75;9.16;
1;6;634;632;8.32;9.37;8.27;
1;6;634;634;4.49;9.37;9.37;
1;6;634;635;6.48;9.37;9.16;
1;6;634;637;8.34;9.37;11.35;
1;6;637;634;8.5;11.35;9.37;
1;6;637;635;6.59;11.35;9.16;
1;6;637;637;4.66;11.35;11.35;
1;6;637;638;4.47;11.35;10.69;
1;6;637;639;6.53;11.35;10.25;
1;6;638;635;9.6;10.69;9.16;
1;6;638;637;5.47;10.69;11.35;
1;6;638;638;4.76;10.69;10.69;
1;6;638;639;4.47;10.69;10.25;
1;6;638;641;9.96;10.69;11.61;
1;6;639;637;4.88;10.25;11.35;
1;6;639;638;4.91;10.25;10.69;
1;6;639;639;4.08;10.25;10.25;
1;6;639;641;6.53;10.25;11.61;
1;6;640;637;7.79;11.57;11.35;
1;6;640;638;8.56;11.57;10.69;
1;6;640;639;7.11;11.57;10.25;
1;6;640;641;6.72;11.57;11.61;
1;6;641;615;9.88;11.61;2.98;
1;6;641;637;6.18;11.61;11.35;
1;6;641;638;8.65;11.61;10.69;
1;6;641;639;8.96;11.61;10.25;
1;6;641;641;8.03;11.61;11.61;
