1;2;517;536;8.61;2.7;3.81;
1;2;519;534;8.16;3.09;3.14;
1;2;519;536;7.29;3.09;3.81;
1;2;519;617;7.18;3.09;4.78;
1;2;519;618;9.72;3.09;4.64;
1;2;521;532;6.66;4.38;3.39;
1;2;521;534;7.7;4.38;3.14;
1;2;521;583;9.1;4.38;2.42;
1;2;521;585;9.5;4.38;2.39;
1;2;521;617;7.92;4.38;4.78;
1;2;521;618;7.43;4.38;4.64;
1;2;521;619;6.1;4.38;5.57;
1;2;521;620;8.82;4.38;4.73;
1;2;521;621;9.79;4.38;5.43;
1;2;523;529;9.51;3.8;3.64;
1;2;523;530;6.98;3.8;3.2;
1;2;523;532;7.14;3.8;3.39;
1;2;523;585;7.8;3.8;2.39;
1;2;523;586;9.98;3.8;1.91;
1;2;523;619;8.72;3.8;5.57;
1;2;523;620;8.65;3.8;4.73;
1;2;523;621;7.63;3.8;5.43;
1;2;552;534;9.77;1.8;3.14;
1;2;552;579;8.55;1.8;1.46;
1;2;552;580;8.84;1.8;1.58;
1;2;552;581;7.25;1.8;2.45;
1;2;552;582;5.31;1.8;2.43;
1;2;552;583;4.83;1.8;2.42;
1;2;552;584;9.41;1.8;1.87;
1;2;554;532;9.98;2.53;3.39;
1;2;554;576;9.54;2.53;1.1;
1;2;554;579;9.31;2.53;1.46;
1;2;554;582;7.96;2.53;2.43;
1;2;554;583;5.05;2.53;2.42;
1;2;554;584;5.05;2.53;1.87;
1;2;554;585;6.99;2.53;2.39;
1;2;554;586;9.91;2.53;1.91;
1;2;557;584;8.4;3.26;1.87;
1;2;557;585;7.71;3.26;2.39;
1;2;557;586;7.78;3.26;1.91;
1;2;557;587;9.49;3.26;1.83;
1;2;557;590;8.09;3.26;1.34;
1;2;559;529;8.68;5.3;3.64;
1;2;559;530;7.15;5.3;3.2;
1;2;559;585;7.87;5.3;2.39;
1;2;559;586;5.6;5.3;1.91;
1;2;559;587;4.37;5.3;1.83;
1;2;559;590;5.26;5.3;1.34;
1;2;560;530;8.0;4.82;3.2;
1;2;560;532;9.71;4.82;3.39;
1;2;560;584;8.57;4.82;1.87;
1;2;560;585;6.67;4.82;2.39;
1;2;560;586;3.55;4.82;1.91;
1;2;560;587;4.17;4.82;1.83;
1;2;560;590;4.09;4.82;1.34;
1;2;560;594;7.57;4.82;1.02;
1;2;561;575;8.56;4.2;0.99;
1;2;561;576;8.11;4.2;1.1;
1;2;561;584;8.72;4.2;1.87;
1;2;561;585;8.13;4.2;2.39;
1;2;561;586;6.38;4.2;1.91;
1;2;561;587;7.87;4.2;1.83;
1;2;561;590;4.54;4.2;1.34;
1;2;561;594;5.87;4.2;1.02;
1;2;562;575;5.92;4.49;0.99;
1;2;562;576;4.5;4.49;1.1;
1;2;562;577;7.92;4.49;1.02;
1;2;562;584;6.83;4.49;1.87;
1;2;562;585;7.89;4.49;2.39;
1;2;562;586;7.29;4.49;1.91;
1;2;562;590;7.84;4.49;1.34;
1;2;562;594;6.37;4.49;1.02;
1;2;563;575;8.22;3.78;0.99;
1;2;563;576;5.53;3.78;1.1;
1;2;563;577;7.76;3.78;1.02;
1;2;563;579;9.71;3.78;1.46;
1;2;563;583;8.64;3.78;2.42;
1;2;563;584;5.56;3.78;1.87;
1;2;563;585;7.52;3.78;2.39;
1;2;563;586;8.61;3.78;1.91;
1;2;563;594;9.97;3.78;1.02;
1;2;564;575;8.61;2.59;0.99;
1;2;564;576;5.46;2.59;1.1;
1;2;564;577;5.93;2.59;1.02;
1;2;564;579;6.64;2.59;1.46;
1;2;564;582;8.74;2.59;2.43;
1;2;564;583;8.05;2.59;2.42;
1;2;564;584;6.9;2.59;1.87;
1;2;565;576;8.6;2.24;1.1;
1;2;565;577;7.97;2.24;1.02;
1;2;565;579;5.58;2.24;1.46;
1;2;565;580;8.19;2.24;1.58;
1;2;565;581;8.83;2.24;2.45;
1;2;565;582;5.77;2.24;2.43;
1;2;565;583;5.19;2.24;2.42;
1;2;565;584;6.66;2.24;1.87;
1;2;565;585;9.91;2.24;2.39;
1;2;570;580;9.08;0.87;1.58;
1;2;570;581;7.66;0.87;2.45;
1;2;570;582;9.31;0.87;2.43;
1;2;604;530;9.75;3.2;3.2;
1;2;604;532;7.94;3.2;3.39;
1;2;604;583;7.13;3.2;2.42;
1;2;604;584;7.13;3.2;1.87;
1;2;604;585;6.15;3.2;2.39;
1;2;604;586;9.34;3.2;1.91;
1;2;606;532;9.39;2.27;3.39;
1;2;606;534;6.98;2.27;3.14;
1;2;606;536;9.84;2.27;3.81;
1;2;606;581;8.37;2.27;2.45;
1;2;606;582;6.74;2.27;2.43;
1;2;606;583;4.68;2.27;2.42;
1;2;606;584;8.9;2.27;1.87;
1;2;606;585;9.93;2.27;2.39;
1;2;624;621;7.75;5.14;5.43;
1;2;624;622;9.57;5.14;5.61;
1;2;624;623;9.86;5.14;5.07;
1;2;626;623;9.94;5.4;5.07;
1;2;626;627;8.45;5.4;5.27;
1;2;628;621;9.06;6.26;5.43;
1;2;628;622;8.62;6.26;5.61;
1;2;628;623;8.19;6.26;5.07;
1;2;628;627;7.72;6.26;5.27;
1;2;628;629;7.69;6.26;5.86;
1;2;630;619;8.06;6.12;5.57;
1;2;630;620;7.59;6.12;4.73;
1;2;630;621;5.86;6.12;5.43;
1;2;630;622;6.43;6.12;5.61;
1;2;630;623;9.02;6.12;5.07;
1;2;630;629;8.01;6.12;5.86;
1;2;630;630;9.65;6.12;6.12;
1;2;631;619;8.33;6.56;5.57;
1;2;631;620;8.4;6.56;4.73;
1;2;631;621;8.15;6.56;5.43;
1;2;631;622;7.79;6.56;5.61;
1;2;631;629;8.53;6.56;5.86;
1;2;631;630;8.85;6.56;6.12;
1;2;631;631;8.05;6.56;6.56;
1;2;631;632;9.14;6.56;6.59;
1;2;634;632;7.4;6.84;6.59;
1;2;634;633;8.8;6.84;6.82;
1;2;634;634;7.28;6.84;6.84;
1;2;634;635;9.75;6.84;7.12;
1;2;636;632;8.24;6.6;6.59;
1;2;636;633;6.88;6.6;6.82;
1;2;636;634;5.81;6.6;6.84;
1;2;636;635;5.52;6.6;7.12;
1;2;636;642;6.77;6.6;7.61;
1;2;637;633;9.7;7.17;6.82;
1;2;637;634;7.52;7.17;6.84;
1;2;637;635;5.63;7.17;7.12;
1;2;637;640;8.36;7.17;6.63;
1;2;637;642;7.87;7.17;7.61;
1;2;638;635;8.06;7.62;7.12;
1;2;638;640;7.54;7.62;6.63;
1;2;638;642;8.48;7.62;7.61;
1;2;641;518;6.84;8.03;3.18;
1;2;641;519;8.45;8.03;3.09;
1;2;643;518;8.1;7.93;3.18;
1;2;643;519;7.83;7.93;3.09;
1;2;643;521;9.79;7.93;4.38;
1;2;643;631;9.41;7.93;6.56;
1;2;643;632;6.14;7.93;6.59;
1;2;643;633;7.71;7.93;6.82;
1;2;643;634;8.61;7.93;6.84;
1;2;644;518;8.58;8.54;3.18;
1;2;644;519;7.72;8.54;3.09;
1;2;644;521;7.98;8.54;4.38;
1;2;644;618;8.98;8.54;4.64;
1;2;644;619;8.27;8.54;5.57;
1;2;644;620;7.37;8.54;4.73;
1;2;644;621;9.79;8.54;5.43;
1;2;644;622;8.82;8.54;5.61;
1;2;644;630;8.78;8.54;6.12;
1;2;644;631;7.87;8.54;6.56;
1;2;644;632;6.01;8.54;6.59;
1;2;644;633;9.06;8.54;6.82;
1;2;645;519;9.04;9.04;3.09;
1;2;645;521;6.12;9.04;4.38;
1;2;645;620;9.21;9.04;4.73;
1;2;645;622;8.29;9.04;5.61;
1;2;645;629;9.66;9.04;5.86;
1;2;645;630;6.3;9.04;6.12;
1;2;645;631;6.01;9.04;6.56;
1;2;645;632;4.85;9.04;6.59;
1;2;645;633;7.64;9.04;6.82;
1;2;646;521;5.77;9.28;4.38;
1;2;646;529;8.26;9.28;3.64;
1;2;646;620;7.47;9.28;4.73;
1;2;646;621;7.93;9.28;5.43;
1;2;646;622;5.28;9.28;5.61;
1;2;646;623;7.25;9.28;5.07;
1;2;646;629;7.7;9.28;5.86;
1;2;646;630;5.27;9.28;6.12;
1;2;646;631;7.18;9.28;6.56;
1;2;646;632;7.84;9.28;6.59;
2;3;519;534;9.89;3.09;3.14;
2;3;519;536;8.57;3.09;3.81;
2;3;519;617;8.63;3.09;4.78;
2;3;521;532;7.47;4.38;3.39;
2;3;521;534;8.71;4.38;3.14;
2;3;521;583;9.77;4.38;2.42;
2;3;521;617;8.82;4.38;4.78;
2;3;521;618;8.52;4.38;4.64;
2;3;521;619;6.91;4.38;5.57;
2;3;521;620;9.77;4.38;4.73;
2;3;523;532;7.39;3.8;3.39;
2;3;523;585;8.58;3.8;2.39;
2;3;523;619;8.81;3.8;5.57;
2;3;523;620;9.45;3.8;4.73;
2;3;523;621;8.71;3.8;5.43;
2;3;552;534;9.87;1.8;3.14;
2;3;552;579;9.83;1.8;1.46;
2;3;552;581;7.53;1.8;2.45;
2;3;552;582;6.03;1.8;2.43;
2;3;552;583;7.82;1.8;2.42;
2;3;554;579;9.69;2.53;1.46;
2;3;554;582;7.42;2.53;2.43;
2;3;554;583;6.46;2.53;2.42;
2;3;554;584;6.9;2.53;1.87;
2;3;554;585;8.28;2.53;2.39;
2;3;557;584;8.56;3.26;1.87;
2;3;557;585;7.63;3.26;2.39;
2;3;557;590;9.98;3.26;1.34;
2;3;559;529;9.0;5.3;3.64;
2;3;559;532;9.32;5.3;3.39;
2;3;559;584;8.82;5.3;1.87;
2;3;559;585;5.73;5.3;2.39;
2;3;559;587;5.24;5.3;1.83;
2;3;559;590;7.04;5.3;1.34;
2;3;560;532;9.58;4.82;3.39;
2;3;560;576;9.02;4.82;1.1;
2;3;560;584;7.71;4.82;1.87;
2;3;560;585;5.65;4.82;2.39;
2;3;560;587;4.82;4.82;1.83;
2;3;560;590;4.59;4.82;1.34;
2;3;560;594;7.73;4.82;1.02;
2;3;561;576;7.56;4.2;1.1;
2;3;561;584;8.19;4.2;1.87;
2;3;561;585;7.48;4.2;2.39;
2;3;561;587;8.45;4.2;1.83;
2;3;561;590;5.87;4.2;1.34;
2;3;561;594;6.88;4.2;1.02;
2;3;562;576;5.69;4.49;1.1;
2;3;562;577;7.81;4.49;1.02;
2;3;562;583;8.58;4.49;2.42;
2;3;562;584;5.58;4.49;1.87;
2;3;562;585;6.63;4.49;2.39;
2;3;562;590;9.29;4.49;1.34;
2;3;562;594;8.94;4.49;1.02;
2;3;563;576;7.93;3.78;1.1;
2;3;563;577;8.57;3.78;1.02;
2;3;563;579;8.67;3.78;1.46;
2;3;563;582;8.58;3.78;2.43;
2;3;563;583;7.01;3.78;2.42;
2;3;563;584;5.47;3.78;1.87;
2;3;563;585;7.3;3.78;2.39;
2;3;564;576;7.89;2.59;1.1;
2;3;564;577;7.18;2.59;1.02;
2;3;564;579;6.16;2.59;1.46;
2;3;564;582;7.43;2.59;2.43;
2;3;564;583;7.5;2.59;2.42;
2;3;564;584;7.32;2.59;1.87;
2;3;565;534;9.95;2.24;3.14;
2;3;565;577;9.56;2.24;1.02;
2;3;565;579;5.9;2.24;1.46;
2;3;565;581;8.01;2.24;2.45;
2;3;565;582;5.0;2.24;2.43;
2;3;565;583;6.36;2.24;2.42;
2;3;565;584;7.98;2.24;1.87;
2;3;570;581;9.66;0.87;2.45;
2;3;604;532;8.84;3.2;3.39;
2;3;604;583;8.73;3.2;2.42;
2;3;604;584;8.84;3.2;1.87;
2;3;604;585;8.05;3.2;2.39;
2;3;606;532;9.98;2.27;3.39;
2;3;606;534;8.08;2.27;3.14;
2;3;606;536;9.89;2.27;3.81;
2;3;606;581;9.18;2.27;2.45;
2;3;606;582;7.78;2.27;2.43;
2;3;606;583;7.72;2.27;2.42;
2;3;624;621;9.34;5.14;5.43;
2;3;628;621;9.48;6.26;5.43;
2;3;628;622;9.01;6.26;5.61;
2;3;628;623;8.64;6.26;5.07;
2;3;628;627;7.97;6.26;5.27;
2;3;628;629;7.99;6.26;5.86;
2;3;630;619;8.74;6.12;5.57;
2;3;630;620;8.23;6.12;4.73;
2;3;630;621;6.16;6.12;5.43;
2;3;630;622;7.04;6.12;5.61;
2;3;630;623;9.49;6.12;5.07;
2;3;630;629;8.1;6.12;5.86;
2;3;631;619;8.41;6.56;5.57;
2;3;631;620;8.23;6.56;4.73;
2;3;631;621;7.6;6.56;5.43;
2;3;631;622;7.73;6.56;5.61;
2;3;631;629;8.26;6.56;5.86;
2;3;631;630;8.94;6.56;6.12;
2;3;631;631;8.14;6.56;6.56;
2;3;631;632;9.25;6.56;6.59;
2;3;634;631;9.33;6.84;6.56;
2;3;634;632;6.93;6.84;6.59;
2;3;634;634;7.57;6.84;6.84;
2;3;636;632;7.61;6.6;6.59;
2;3;636;634;5.91;6.6;6.84;
2;3;636;635;7.17;6.6;7.12;
2;3;636;642;7.28;6.6;7.61;
2;3;637;634;6.53;7.17;6.84;
2;3;637;635;5.81;7.17;7.12;
2;3;637;640;8.55;7.17;6.63;
2;3;637;642;7.35;7.17;7.61;
2;3;638;634;9.21;7.62;6.84;
2;3;638;635;7.81;7.62;7.12;
2;3;638;640;7.34;7.62;6.63;
2;3;638;642;7.54;7.62;7.61;
2;3;641;517;6.72;8.03;2.7;
2;3;641;518;5.77;8.03;3.18;
2;3;641;519;8.02;8.03;3.09;
2;3;643;518;7.07;7.93;3.18;
2;3;643;519;6.55;7.93;3.09;
2;3;643;520;6.96;7.93;3.35;
2;3;643;521;9.1;7.93;4.38;
2;3;643;618;9.79;7.93;4.64;
2;3;643;620;9.71;7.93;4.73;
2;3;643;631;9.72;7.93;6.56;
2;3;643;632;6.52;7.93;6.59;
2;3;643;634;9.68;7.93;6.84;
2;3;644;518;8.36;8.54;3.18;
2;3;644;519;6.78;8.54;3.09;
2;3;644;520;5.24;8.54;3.35;
2;3;644;521;7.66;8.54;4.38;
2;3;644;618;8.52;8.54;4.64;
2;3;644;619;7.78;8.54;5.57;
2;3;644;620;6.26;8.54;4.73;
2;3;644;621;8.64;8.54;5.43;
2;3;644;622;8.32;8.54;5.61;
2;3;644;630;8.77;8.54;6.12;
2;3;644;631;8.2;8.54;6.56;
2;3;644;632;6.39;8.54;6.59;
2;3;645;519;8.37;9.04;3.09;
2;3;645;520;5.67;9.04;3.35;
2;3;645;521;5.83;9.04;4.38;
2;3;645;620;8.38;9.04;4.73;
2;3;645;621;9.5;9.04;5.43;
2;3;645;622;7.61;9.04;5.61;
2;3;645;629;9.44;9.04;5.86;
2;3;645;630;6.19;9.04;6.12;
2;3;645;631;6.34;9.04;6.56;
2;3;645;632;5.29;9.04;6.59;
2;3;646;519;9.52;9.28;3.09;
2;3;646;520;5.82;9.28;3.35;
2;3;646;521;5.7;9.28;4.38;
2;3;646;529;7.39;9.28;3.64;
2;3;646;620;6.87;9.28;4.73;
2;3;646;621;6.98;9.28;5.43;
2;3;646;622;4.84;9.28;5.61;
2;3;646;623;6.84;9.28;5.07;
2;3;646;629;8.07;9.28;5.86;
2;3;646;630;5.89;9.28;6.12;
2;3;646;631;7.99;9.28;6.56;
2;3;646;632;8.49;9.28;6.59;
3;4;517;536;8.03;2.7;3.81;
3;4;519;534;8.5;3.09;3.14;
3;4;519;536;7.4;3.09;3.81;
3;4;519;617;7.28;3.09;4.78;
3;4;519;618;9.61;3.09;4.64;
3;4;521;532;5.93;4.38;3.39;
3;4;521;534;6.94;4.38;3.14;
3;4;521;582;9.73;4.38;2.43;
3;4;521;583;8.52;4.38;2.42;
3;4;521;585;8.9;4.38;2.39;
3;4;521;617;7.58;4.38;4.78;
3;4;521;618;6.94;4.38;4.64;
3;4;521;619;5.82;4.38;5.57;
3;4;521;620;8.7;4.38;4.73;
3;4;523;529;9.56;3.8;3.64;
3;4;523;530;6.83;3.8;3.2;
3;4;523;532;6.68;3.8;3.39;
3;4;523;585;7.24;3.8;2.39;
3;4;523;619;8.59;3.8;5.57;
3;4;523;620;8.69;3.8;4.73;
3;4;523;621;7.99;3.8;5.43;
3;4;552;534;9.34;1.8;3.14;
3;4;552;579;6.76;1.8;1.46;
3;4;552;580;7.78;1.8;1.58;
3;4;552;581;5.53;1.8;2.45;
3;4;552;582;3.76;1.8;2.43;
3;4;552;583;5.64;1.8;2.42;
3;4;554;534;9.86;2.53;3.14;
3;4;554;576;8.26;2.53;1.1;
3;4;554;577;8.46;2.53;1.02;
3;4;554;579;8.62;2.53;1.46;
3;4;554;582;7.77;2.53;2.43;
3;4;554;583;5.19;2.53;2.42;
3;4;554;584;4.99;2.53;1.87;
3;4;554;585;7.44;2.53;2.39;
3;4;557;584;8.18;3.26;1.87;
3;4;557;585;8.25;3.26;2.39;
3;4;557;587;9.59;3.26;1.83;
3;4;557;589;7.52;3.26;1.48;
3;4;557;590;4.85;3.26;1.34;
3;4;557;594;9.31;3.26;1.02;
3;4;559;529;9.24;5.3;3.64;
3;4;559;530;8.08;5.3;3.2;
3;4;559;585;8.67;5.3;2.39;
3;4;559;587;5.09;5.3;1.83;
3;4;559;589;3.18;5.3;1.48;
3;4;559;590;3.79;5.3;1.34;
3;4;560;530;9.87;4.82;3.2;
3;4;560;585;9.64;4.82;2.39;
3;4;560;587;5.09;4.82;1.83;
3;4;560;589;2.8;4.82;1.48;
3;4;560;590;3.08;4.82;1.34;
3;4;560;594;7.56;4.82;1.02;
3;4;561;575;8.7;4.2;0.99;
3;4;561;576;9.53;4.2;1.1;
3;4;561;584;9.77;4.2;1.87;
3;4;561;587;8.36;4.2;1.83;
3;4;561;589;5.2;4.2;1.48;
3;4;561;590;3.22;4.2;1.34;
3;4;561;594;4.38;4.2;1.02;
3;4;562;575;6.41;4.49;0.99;
3;4;562;576;5.96;4.49;1.1;
3;4;562;577;9.12;4.49;1.02;
3;4;562;584;6.47;4.49;1.87;
3;4;562;585;8.02;4.49;2.39;
3;4;562;587;9.18;4.49;1.83;
3;4;562;589;8.43;4.49;1.48;
3;4;562;590;4.58;4.49;1.34;
3;4;562;594;5.77;4.49;1.02;
3;4;564;575;6.67;2.59;0.99;
3;4;564;576;4.02;2.59;1.1;
3;4;564;577;5.25;2.59;1.02;
3;4;564;579;7.96;2.59;1.46;
3;4;564;583;8.95;2.59;2.42;
3;4;564;584;7.45;2.59;1.87;
3;4;565;576;6.84;2.24;1.1;
3;4;565;577;6.04;2.24;1.02;
3;4;565;579;5.64;2.24;1.46;
3;4;565;580;9.06;2.24;1.58;
3;4;565;581;9.98;2.24;2.45;
3;4;565;582;7.64;2.24;2.43;
3;4;565;583;6.52;2.24;2.42;
3;4;565;584;7.35;2.24;1.87;
3;4;567;579;6.5;1.11;1.46;
3;4;567;580;6.85;1.11;1.58;
3;4;567;581;7.25;1.11;2.45;
3;4;567;582;7.16;1.11;2.43;
3;4;567;583;9.14;1.11;2.42;
3;4;604;530;9.75;3.2;3.2;
3;4;604;532;7.84;3.2;3.39;
3;4;604;582;9.63;3.2;2.43;
3;4;604;583;6.89;3.2;2.42;
3;4;604;584;6.76;3.2;1.87;
3;4;604;585;5.84;3.2;2.39;
3;4;606;532;9.3;2.27;3.39;
3;4;606;534;6.31;2.27;3.14;
3;4;606;536;8.78;2.27;3.81;
3;4;606;581;6.96;2.27;2.45;
3;4;606;582;4.4;2.27;2.43;
3;4;606;583;4.99;2.27;2.42;
3;4;606;584;9.45;2.27;1.87;
3;4;606;617;9.97;2.27;4.78;
3;4;608;534;8.95;1.93;3.14;
3;4;608;536;5.88;1.93;3.81;
3;4;608;581;6.56;1.93;2.45;
3;4;608;582;7.41;1.93;2.43;
3;4;624;621;7.56;5.14;5.43;
3;4;624;622;9.67;5.14;5.61;
3;4;624;623;9.78;5.14;5.07;
3;4;626;623;9.66;5.4;5.07;
3;4;628;621;8.16;6.26;5.43;
3;4;628;622;7.94;6.26;5.61;
3;4;628;623;7.47;6.26;5.07;
3;4;628;629;7.6;6.26;5.86;
3;4;630;619;7.8;6.12;5.57;
3;4;630;620;7.23;6.12;4.73;
3;4;630;621;5.58;6.12;5.43;
3;4;630;622;6.58;6.12;5.61;
3;4;630;623;9.06;6.12;5.07;
3;4;630;629;8.23;6.12;5.86;
3;4;631;619;7.98;6.56;5.57;
3;4;631;620;7.92;6.56;4.73;
3;4;631;621;7.8;6.56;5.43;
3;4;631;622;7.79;6.56;5.61;
3;4;631;629;8.54;6.56;5.86;
3;4;631;630;9.16;6.56;6.12;
3;4;631;631;8.53;6.56;6.56;
3;4;631;632;9.61;6.56;6.59;
3;4;634;632;7.69;6.84;6.59;
3;4;634;633;9.09;6.84;6.82;
3;4;634;634;7.63;6.84;6.84;
3;4;636;632;8.05;6.6;6.59;
3;4;636;633;6.73;6.6;6.82;
3;4;636;634;5.5;6.6;6.84;
3;4;636;635;5.47;6.6;7.12;
3;4;637;633;9.65;7.17;6.82;
3;4;637;634;7.35;7.17;6.84;
3;4;637;635;5.59;7.17;7.12;
3;4;637;640;8.54;7.17;6.63;
3;4;638;635;7.75;7.62;7.12;
3;4;638;640;7.59;7.62;6.63;
3;4;641;518;6.72;8.03;3.18;
3;4;641;519;8.23;8.03;3.09;
3;4;643;518;7.93;7.93;3.18;
3;4;643;519;7.57;7.93;3.09;
3;4;643;521;9.59;7.93;4.38;
3;4;643;631;9.27;7.93;6.56;
3;4;643;632;6.09;7.93;6.59;
3;4;643;633;7.93;7.93;6.82;
3;4;643;634;9.04;7.93;6.84;
3;4;644;518;8.64;8.54;3.18;
3;4;644;519;7.73;8.54;3.09;
3;4;644;521;8.02;8.54;4.38;
3;4;644;618;8.79;8.54;4.64;
3;4;644;619;8.14;8.54;5.57;
3;4;644;620;6.88;8.54;4.73;
3;4;644;621;9.3;8.54;5.43;
3;4;644;622;8.5;8.54;5.61;
3;4;644;630;8.6;8.54;6.12;
3;4;644;631;7.92;8.54;6.56;
3;4;644;632;6.23;8.54;6.59;
3;4;644;633;9.45;8.54;6.82;
3;4;645;519;9.0;9.04;3.09;
3;4;645;521;6.13;9.04;4.38;
3;4;645;620;8.88;9.04;4.73;
3;4;645;622;7.94;9.04;5.61;
3;4;645;629;9.32;9.04;5.86;
3;4;645;630;6.09;9.04;6.12;
3;4;645;631;6.1;9.04;6.56;
3;4;645;632;5.08;9.04;6.59;
3;4;645;633;8.12;9.04;6.82;
3;4;646;521;5.88;9.28;4.38;
3;4;646;529;7.89;9.28;3.64;
3;4;646;530;9.99;9.28;3.2;
3;4;646;620;7.53;9.28;4.73;
3;4;646;621;7.77;9.28;5.43;
3;4;646;622;5.18;9.28;5.61;
3;4;646;623;7.21;9.28;5.07;
3;4;646;629;7.7;9.28;5.86;
3;4;646;630;5.48;9.28;6.12;
3;4;646;631;7.65;9.28;6.56;
3;4;646;632;8.31;9.28;6.59;
4;5;519;536;8.75;3.09;3.81;
4;5;519;617;9.4;3.09;4.78;
4;5;521;532;8.38;4.38;3.39;
4;5;521;534;8.68;4.38;3.14;
4;5;521;583;9.7;4.38;2.42;
4;5;521;617;9.06;4.38;4.78;
4;5;521;618;9.19;4.38;4.64;
4;5;521;619;7.61;4.38;5.57;
4;5;523;532;7.89;3.8;3.39;
4;5;523;585;9.11;3.8;2.39;
4;5;523;619;9.04;3.8;5.57;
4;5;523;621;9.78;3.8;5.43;
4;5;552;581;7.42;1.8;2.45;
4;5;552;583;8.79;1.8;2.42;
4;5;554;579;9.45;2.53;1.46;
4;5;554;583;6.56;2.53;2.42;
4;5;554;585;9.51;2.53;2.39;
4;5;557;585;7.64;3.26;2.39;
4;5;559;529;9.47;5.3;3.64;
4;5;559;532;9.01;5.3;3.39;
4;5;559;585;5.01;5.3;2.39;
4;5;559;587;5.54;5.3;1.83;
4;5;559;590;6.61;5.3;1.34;
4;5;560;576;8.07;4.82;1.1;
4;5;560;585;6.53;4.82;2.39;
4;5;560;587;6.56;4.82;1.83;
4;5;560;590;4.41;4.82;1.34;
4;5;560;594;6.95;4.82;1.02;
4;5;561;576;6.31;4.2;1.1;
4;5;561;577;9.25;4.2;1.02;
4;5;561;585;7.27;4.2;2.39;
4;5;561;590;7.95;4.2;1.34;
4;5;561;594;8.07;4.2;1.02;
4;5;562;576;5.15;4.49;1.1;
4;5;562;577;6.64;4.49;1.02;
4;5;562;579;8.45;4.49;1.46;
4;5;562;583;7.77;4.49;2.42;
4;5;562;585;7.59;4.49;2.39;
4;5;563;576;8.41;3.78;1.1;
4;5;563;577;8.77;3.78;1.02;
4;5;563;579;7.89;3.78;1.46;
4;5;563;583;6.39;3.78;2.42;
4;5;563;585;7.88;3.78;2.39;
4;5;564;576;9.32;2.59;1.1;
4;5;564;577;8.48;2.59;1.02;
4;5;564;579;5.99;2.59;1.46;
4;5;564;581;9.83;2.59;2.45;
4;5;564;583;7.63;2.59;2.42;
4;5;565;579;6.16;2.24;1.46;
4;5;565;581;7.33;2.24;2.45;
4;5;565;583;7.01;2.24;2.42;
4;5;604;532;9.49;3.2;3.39;
4;5;604;583;8.51;3.2;2.42;
4;5;604;585;8.95;3.2;2.39;
4;5;606;534;8.4;2.27;3.14;
4;5;606;536;9.63;2.27;3.81;
4;5;606;581;8.62;2.27;2.45;
4;5;606;583;8.17;2.27;2.42;
4;5;624;621;9.45;5.14;5.43;
4;5;628;621;8.99;6.26;5.43;
4;5;628;622;9.52;6.26;5.61;
4;5;628;623;9.12;6.26;5.07;
4;5;628;629;9.09;6.26;5.86;
4;5;630;619;8.43;6.12;5.57;
4;5;630;620;7.75;6.12;4.73;
4;5;630;621;6.37;6.12;5.43;
4;5;630;622;7.88;6.12;5.61;
4;5;630;629;9.27;6.12;5.86;
4;5;631;619;8.1;6.56;5.57;
4;5;631;620;7.66;6.56;4.73;
4;5;631;621;7.7;6.56;5.43;
4;5;631;622;8.2;6.56;5.61;
4;5;631;629;9.14;6.56;5.86;
4;5;631;630;9.91;6.56;6.12;
4;5;631;631;8.99;6.56;6.56;
4;5;634;631;9.91;6.84;6.56;
4;5;634;632;7.84;6.84;6.59;
4;5;634;634;8.39;6.84;6.84;
4;5;637;634;6.98;7.17;6.84;
4;5;637;635;6.2;7.17;7.12;
4;5;637;640;8.63;7.17;6.63;
4;5;637;642;7.5;7.17;7.61;
4;5;638;634;9.83;7.62;6.84;
4;5;638;635;8.47;7.62;7.12;
4;5;638;640;7.86;7.62;6.63;
4;5;638;642;8.16;7.62;7.61;
4;5;641;517;6.18;8.03;2.7;
4;5;641;518;5.52;8.03;3.18;
4;5;641;519;7.78;8.03;3.09;
4;5;643;517;9.69;7.93;2.7;
4;5;643;518;6.52;7.93;3.18;
4;5;643;519;6.31;7.93;3.09;
4;5;643;520;6.49;7.93;3.35;
4;5;643;521;8.79;7.93;4.38;
4;5;643;618;9.4;7.93;4.64;
4;5;643;620;9.76;7.93;4.73;
4;5;643;632;7.23;7.93;6.59;
4;5;644;518;7.75;8.54;3.18;
4;5;644;519;6.8;8.54;3.09;
4;5;644;520;5.03;8.54;3.35;
4;5;644;521;7.37;8.54;4.38;
4;5;644;618;7.81;8.54;4.64;
4;5;644;619;7.62;8.54;5.57;
4;5;644;620;6.16;8.54;4.73;
4;5;644;621;8.86;8.54;5.43;
4;5;644;622;8.37;8.54;5.61;
4;5;644;630;9.38;8.54;6.12;
4;5;644;631;9.1;8.54;6.56;
4;5;644;632;7.42;8.54;6.59;
4;5;645;519;7.66;9.04;3.09;
4;5;645;520;4.59;9.04;3.35;
4;5;645;521;4.59;9.04;4.38;
4;5;645;620;7.89;9.04;4.73;
4;5;645;621;9.25;9.04;5.43;
4;5;645;622;7.27;9.04;5.61;
4;5;645;629;9.79;9.04;5.86;
4;5;645;630;6.88;9.04;6.12;
4;5;645;631;7.56;9.04;6.56;
4;5;645;632;6.4;9.04;6.59;
4;5;646;519;9.63;9.28;3.09;
4;5;646;520;5.84;9.28;3.35;
4;5;646;521;5.22;9.28;4.38;
4;5;646;529;6.88;9.28;3.64;
4;5;646;620;6.63;9.28;4.73;
4;5;646;621;6.8;9.28;5.43;
4;5;646;622;4.74;9.28;5.61;
4;5;646;623;7.02;9.28;5.07;
4;5;646;629;8.56;9.28;5.86;
4;5;646;630;6.81;9.28;6.12;
4;5;646;631;9.1;9.28;6.56;
4;5;646;632;9.4;9.28;6.59;
5;6;517;536;8.96;2.7;3.81;
5;6;519;534;8.21;3.09;3.14;
5;6;519;536;7.5;3.09;3.81;
5;6;519;617;7.29;3.09;4.78;
5;6;519;618;9.81;3.09;4.64;
5;6;521;532;6.8;4.38;3.39;
5;6;521;534;7.69;4.38;3.14;
5;6;521;583;9.2;4.38;2.42;
5;6;521;585;9.79;4.38;2.39;
5;6;521;617;7.96;4.38;4.78;
5;6;521;618;7.51;4.38;4.64;
5;6;521;619;6.18;4.38;5.57;
5;6;521;620;8.84;4.38;4.73;
5;6;521;621;9.73;4.38;5.43;
5;6;523;529;9.33;3.8;3.64;
5;6;523;530;6.71;3.8;3.2;
5;6;523;532;7.31;3.8;3.39;
5;6;523;585;8.0;3.8;2.39;
5;6;523;619;8.85;3.8;5.57;
5;6;523;620;8.68;3.8;4.73;
5;6;523;621;7.61;3.8;5.43;
5;6;552;534;9.61;1.8;3.14;
5;6;552;579;8.35;1.8;1.46;
5;6;552;580;8.8;1.8;1.58;
5;6;552;581;7.23;1.8;2.45;
5;6;552;583;4.8;1.8;2.42;
5;6;552;584;9.33;1.8;1.87;
5;6;554;532;9.78;2.53;3.39;
5;6;554;576;9.59;2.53;1.1;
5;6;554;579;9.38;2.53;1.46;
5;6;554;583;5.17;2.53;2.42;
5;6;554;584;5.05;2.53;1.87;
5;6;554;585;6.84;2.53;2.39;
5;6;557;584;9.0;3.26;1.87;
5;6;557;585;7.75;3.26;2.39;
5;6;557;587;9.05;3.26;1.83;
5;6;557;589;9.14;3.26;1.48;
5;6;557;590;5.45;3.26;1.34;
5;6;558;530;8.97;4.41;3.2;
5;6;558;585;8.73;4.41;2.39;
5;6;558;587;7.32;4.41;1.83;
5;6;558;589;7.14;4.41;1.48;
5;6;558;590;5.0;4.41;1.34;
5;6;559;529;8.18;5.3;3.64;
5;6;559;530;7.12;5.3;3.2;
5;6;559;585;8.2;5.3;2.39;
5;6;559;587;3.83;5.3;1.83;
5;6;559;589;4.7;5.3;1.48;
5;6;559;590;3.79;5.3;1.34;
5;6;559;593;9.6;5.3;0.99;
5;6;560;530;9.95;4.82;3.2;
5;6;560;585;9.68;4.82;2.39;
5;6;560;587;5.03;4.82;1.83;
5;6;560;589;2.83;4.82;1.48;
5;6;560;590;2.85;4.82;1.34;
5;6;560;593;5.83;4.82;0.99;
5;6;560;594;7.44;4.82;1.02;
5;6;561;576;8.71;4.2;1.1;
5;6;561;585;9.52;4.2;2.39;
5;6;561;587;7.98;4.2;1.83;
5;6;561;589;6.02;4.2;1.48;
5;6;561;590;3.16;4.2;1.34;
5;6;561;593;4.94;4.2;0.99;
5;6;561;594;4.57;4.2;1.02;
5;6;562;576;5.1;4.49;1.1;
5;6;562;584;7.2;4.49;1.87;
5;6;562;585;7.89;4.49;2.39;
5;6;562;587;9.4;4.49;1.83;
5;6;562;589;9.69;4.49;1.48;
5;6;562;590;6.01;4.49;1.34;
5;6;562;593;8.35;4.49;0.99;
5;6;562;594;6.12;4.49;1.02;
5;6;563;576;5.76;3.78;1.1;
5;6;563;583;8.97;3.78;2.42;
5;6;563;584;5.54;3.78;1.87;
5;6;563;585;7.06;3.78;2.39;
5;6;563;590;8.05;3.78;1.34;
5;6;563;594;9.73;3.78;1.02;
5;6;564;576;5.46;2.59;1.1;
5;6;564;579;7.12;2.59;1.46;
5;6;564;583;7.93;2.59;2.42;
5;6;564;584;6.54;2.59;1.87;
5;6;564;585;9.45;2.59;2.39;
5;6;565;534;9.88;2.24;3.14;
5;6;565;576;8.48;2.24;1.1;
5;6;565;579;5.38;2.24;1.46;
5;6;565;580;8.12;2.24;1.58;
5;6;565;581;8.7;2.24;2.45;
5;6;565;583;5.09;2.24;2.42;
5;6;565;584;6.49;2.24;1.87;
5;6;565;585;9.72;2.24;2.39;
5;6;570;580;8.95;0.87;1.58;
5;6;570;581;7.64;0.87;2.45;
5;6;604;530;9.31;3.2;3.2;
5;6;604;532;7.8;3.2;3.39;
5;6;604;583;7.25;3.2;2.42;
5;6;604;584;7.22;3.2;1.87;
5;6;604;585;6.08;3.2;2.39;
5;6;606;532;9.21;2.27;3.39;
5;6;606;534;6.88;2.27;3.14;
5;6;606;536;9.84;2.27;3.81;
5;6;606;581;8.52;2.27;2.45;
5;6;606;583;4.75;2.27;2.42;
5;6;606;584;8.97;2.27;1.87;
5;6;606;585;9.96;2.27;2.39;
5;6;624;621;8.09;5.14;5.43;
5;6;624;622;9.92;5.14;5.61;
5;6;628;621;8.94;6.26;5.43;
5;6;628;622;8.59;6.26;5.61;
5;6;628;623;8.1;6.26;5.07;
5;6;628;627;7.42;6.26;5.27;
5;6;628;629;7.76;6.26;5.86;
5;6;630;619;8.05;6.12;5.57;
5;6;630;620;7.36;6.12;4.73;
5;6;630;621;5.47;6.12;5.43;
5;6;630;622;6.39;6.12;5.61;
5;6;630;623;8.98;6.12;5.07;
5;6;630;629;8.09;6.12;5.86;
5;6;630;630;9.92;6.12;6.12;
5;6;631;619;8.34;6.56;5.57;
5;6;631;620;8.19;6.56;4.73;
5;6;631;621;7.77;6.56;5.43;
5;6;631;622;7.6;6.56;5.61;
5;6;631;629;8.23;6.56;5.86;
5;6;631;630;8.84;6.56;6.12;
5;6;631;631;8.16;6.56;6.56;
5;6;631;632;9.39;6.56;6.59;
5;6;634;631;9.73;6.84;6.56;
5;6;634;632;7.31;6.84;6.59;
5;6;634;633;8.84;6.84;6.82;
5;6;634;634;7.71;6.84;6.84;
5;6;636;632;7.99;6.6;6.59;
5;6;636;633;6.95;6.6;6.82;
5;6;636;634;5.84;6.6;6.84;
5;6;636;635;6.5;6.6;7.12;
5;6;636;642;7.17;6.6;7.61;
5;6;637;633;9.53;7.17;6.82;
5;6;637;634;7.14;7.17;6.84;
5;6;637;635;5.92;7.17;7.12;
5;6;637;640;8.41;7.17;6.63;
5;6;637;642;7.89;7.17;7.61;
5;6;638;634;9.92;7.62;6.84;
5;6;638;635;8.19;7.62;7.12;
5;6;638;640;7.6;7.62;6.63;
5;6;638;642;8.45;7.62;7.61;
5;6;641;517;7.57;8.03;2.7;
5;6;641;518;6.43;8.03;3.18;
5;6;641;519;8.06;8.03;3.09;
5;6;643;518;7.7;7.93;3.18;
5;6;643;519;7.36;7.93;3.09;
5;6;643;521;9.37;7.93;4.38;
5;6;643;631;9.4;7.93;6.56;
5;6;643;632;6.28;7.93;6.59;
5;6;643;633;8.28;7.93;6.82;
5;6;643;634;9.39;7.93;6.84;
5;6;644;518;8.52;8.54;3.18;
5;6;644;519;7.55;8.54;3.09;
5;6;644;521;7.68;8.54;4.38;
5;6;644;618;8.86;8.54;4.64;
5;6;644;619;7.9;8.54;5.57;
5;6;644;620;6.88;8.54;4.73;
5;6;644;621;9.32;8.54;5.43;
5;6;644;622;8.43;8.54;5.61;
5;6;644;630;8.67;8.54;6.12;
5;6;644;631;8.04;8.54;6.56;
5;6;644;632;6.38;8.54;6.59;
5;6;644;633;9.66;8.54;6.82;
5;6;645;519;8.98;9.04;3.09;
5;6;645;521;5.94;9.04;4.38;
5;6;645;620;8.92;9.04;4.73;
5;6;645;622;7.97;9.04;5.61;
5;6;645;629;9.36;9.04;5.86;
5;6;645;630;6.13;9.04;6.12;
5;6;645;631;6.15;9.04;6.56;
5;6;645;632;5.11;9.04;6.59;
5;6;645;633;8.2;9.04;6.82;
5;6;646;521;5.68;9.28;4.38;
5;6;646;529;7.99;9.28;3.64;
5;6;646;620;7.43;9.28;4.73;
5;6;646;621;7.83;9.28;5.43;
5;6;646;622;5.15;9.28;5.61;
5;6;646;623;7.01;9.28;5.07;
5;6;646;629;7.74;9.28;5.86;
5;6;646;630;5.52;9.28;6.12;
5;6;646;631;7.66;9.28;6.56;
5;6;646;632;8.29;9.28;6.59;
1;6;517;641;6.79;2.7;8.03;
1;6;518;641;5.87;3.18;8.03;
1;6;518;643;7.1;3.18;7.93;
1;6;518;644;8.37;3.18;8.54;
1;6;519;641;8.11;3.09;8.03;
1;6;519;643;6.98;3.09;7.93;
1;6;519;644;7.41;3.09;8.54;
1;6;519;645;8.47;3.09;9.04;
1;6;520;643;6.9;3.35;7.93;
1;6;520;644;5.51;3.35;8.54;
1;6;520;645;5.45;3.35;9.04;
1;6;520;646;6.22;3.35;9.28;
1;6;521;643;9.13;4.38;7.93;
1;6;521;644;7.61;4.38;8.54;
1;6;521;645;5.29;4.38;9.04;
1;6;521;646;5.35;4.38;9.28;
1;6;529;559;9.74;3.64;5.3;
1;6;529;646;7.03;3.64;9.28;
1;6;532;521;7.88;3.39;4.38;
1;6;532;523;7.45;3.39;3.8;
1;6;532;559;9.24;3.39;5.3;
1;6;532;604;9.34;3.39;3.2;
1;6;534;521;8.43;3.14;4.38;
1;6;534;606;8.08;3.14;2.27;
1;6;536;519;8.42;3.81;3.09;
1;6;536;606;9.56;3.81;2.27;
1;6;576;560;7.69;1.1;4.82;
1;6;576;561;6.33;1.1;4.2;
1;6;576;562;4.53;1.1;4.49;
1;6;576;563;7.4;1.1;3.78;
1;6;576;564;8.3;1.1;2.59;
1;6;577;561;9.49;1.02;4.2;
1;6;577;562;6.54;1.02;4.49;
1;6;577;563;7.97;1.02;3.78;
1;6;577;564;7.4;1.02;2.59;
1;6;577;565;9.89;1.02;2.24;
1;6;579;552;9.52;1.46;1.8;
1;6;579;554;9.05;1.46;2.53;
1;6;579;562;9.02;1.46;4.49;
1;6;579;563;7.74;1.46;3.78;
1;6;579;564;5.74;1.46;2.59;
1;6;579;565;5.66;1.46;2.24;
1;6;581;552;7.31;2.45;1.8;
1;6;581;565;7.85;2.45;2.24;
1;6;581;606;8.57;2.45;2.27;
1;6;582;552;6.25;2.43;1.8;
1;6;582;554;7.22;2.43;2.53;
1;6;582;563;8.12;2.43;3.78;
1;6;582;564;7.31;2.43;2.59;
1;6;582;565;5.23;2.43;2.24;
1;6;582;606;7.5;2.43;2.27;
1;6;583;521;9.38;2.42;4.38;
1;6;583;552;8.21;2.42;1.8;
1;6;583;554;6.56;2.42;2.53;
1;6;583;562;8.78;2.42;4.49;
1;6;583;563;6.78;2.42;3.78;
1;6;583;564;7.81;2.42;2.59;
1;6;583;565;7.0;2.42;2.24;
1;6;583;604;8.47;2.42;3.2;
1;6;583;606;7.62;2.42;2.27;
1;6;585;523;8.61;2.39;3.8;
1;6;585;554;9.05;2.39;2.53;
1;6;585;557;7.67;2.39;3.26;
1;6;585;559;5.27;2.39;5.3;
1;6;585;560;6.47;2.39;4.82;
1;6;585;561;7.47;2.39;4.2;
1;6;585;562;7.96;2.39;4.49;
1;6;585;563;7.74;2.39;3.78;
1;6;585;604;8.59;2.39;3.2;
1;6;590;559;5.94;1.34;5.3;
1;6;590;560;4.08;1.34;4.82;
1;6;590;561;7.41;1.34;4.2;
1;6;594;559;9.91;1.02;5.3;
1;6;594;560;6.14;1.02;4.82;
1;6;594;561;7.13;1.02;4.2;
1;6;594;562;9.12;1.02;4.49;
1;6;617;519;8.98;4.78;3.09;
1;6;617;521;8.84;4.78;4.38;
1;6;618;521;8.92;4.64;4.38;
1;6;618;643;9.51;4.64;7.93;
1;6;618;644;8.2;4.64;8.54;
1;6;619;521;7.23;5.57;4.38;
1;6;619;523;8.83;5.57;3.8;
1;6;619;630;8.18;5.57;6.12;
1;6;619;631;7.96;5.57;6.56;
1;6;619;644;7.89;5.57;8.54;
1;6;620;523;9.8;4.73;3.8;
1;6;620;630;7.56;4.73;6.12;
1;6;620;631;7.61;4.73;6.56;
1;6;620;643;9.72;4.73;7.93;
1;6;620;644;6.25;4.73;8.54;
1;6;620;645;8.27;4.73;9.04;
1;6;620;646;7.1;4.73;9.28;
1;6;621;523;9.62;5.43;3.8;
1;6;621;624;9.33;5.43;5.14;
1;6;621;628;8.61;5.43;6.26;
1;6;621;630;5.99;5.43;6.12;
1;6;621;631;7.41;5.43;6.56;
1;6;621;644;8.55;5.43;8.54;
1;6;621;645;9.2;5.43;9.04;
1;6;621;646;6.88;5.43;9.28;
1;6;622;628;9.16;5.61;6.26;
1;6;622;630;7.56;5.61;6.12;
1;6;622;631;7.95;5.61;6.56;
1;6;622;644;7.9;5.61;8.54;
1;6;622;645;7.0;5.61;9.04;
1;6;622;646;4.49;5.61;9.28;
1;6;623;628;8.77;5.07;6.26;
1;6;623;630;9.81;5.07;6.12;
1;6;623;645;9.68;5.07;9.04;
1;6;623;646;6.58;5.07;9.28;
1;6;629;628;8.75;5.86;6.26;
1;6;629;630;8.99;5.86;6.12;
1;6;629;631;8.91;5.86;6.56;
1;6;629;645;9.33;5.86;9.04;
1;6;629;646;8.12;5.86;9.28;
1;6;630;631;9.62;6.12;6.56;
1;6;630;644;8.84;6.12;8.54;
1;6;630;645;6.34;6.12;9.04;
1;6;630;646;6.38;6.12;9.28;
1;6;631;631;8.81;6.56;6.56;
1;6;631;634;9.72;6.56;6.84;
1;6;631;643;9.63;6.56;7.93;
1;6;631;644;8.37;6.56;8.54;
1;6;631;645;6.82;6.56;9.04;
1;6;631;646;8.64;6.56;9.28;
1;6;632;631;9.94;6.59;6.56;
1;6;632;634;7.43;6.59;6.84;
1;6;632;636;7.47;6.59;6.6;
1;6;632;643;6.56;6.59;7.93;
1;6;632;644;6.72;6.59;8.54;
1;6;632;645;5.83;6.59;9.04;
1;6;632;646;9.1;6.59;9.28;
1;6;634;634;8.11;6.84;6.84;
1;6;634;636;5.92;6.84;6.6;
1;6;634;637;6.36;6.84;7.17;
1;6;634;638;9.06;6.84;7.62;
1;6;634;643;9.84;6.84;7.93;
1;6;635;636;7.27;7.12;6.6;
1;6;635;637;5.72;7.12;7.17;
1;6;635;638;7.72;7.12;7.62;
1;6;640;637;8.61;6.63;7.17;
1;6;640;638;7.35;6.63;7.62;
1;6;642;636;7.06;7.61;6.6;
1;6;642;637;6.96;7.61;7.17;
1;6;642;638;7.2;7.61;7.62;
