516;517;3.84;0.13;0.26;
516;534;9.24;0.13;0.66;
516;614;5.9;0.13;0.16;
516;615;6.7;0.13;0.24;
516;616;6.28;0.13;0.38;
516;617;8.06;0.13;0.46;
516;618;9.27;0.13;0.41;
516;634;8.28;0.13;0.41;
516;635;5.43;0.13;0.58;
516;636;6.07;0.13;0.75;
516;637;7.37;0.13;0.85;
516;640;8.42;0.13;0.93;
516;642;9.75;0.13;1.43;
517;519;6.89;0.26;0.96;
517;536;7.32;0.26;0.39;
517;608;7.57;0.26;0.75;
517;610;4.7;0.26;0.23;
517;614;9.68;0.26;0.16;
517;615;9.73;0.26;0.24;
517;616;9.09;0.26;0.38;
517;617;9.5;0.26;0.46;
517;618;9.18;0.26;0.41;
517;634;9.06;0.26;0.41;
517;635;6.05;0.26;0.58;
517;636;8.1;0.26;0.75;
517;637;10.0;0.26;0.85;
517;640;8.46;0.26;0.93;
517;642;8.45;0.26;1.43;
517;643;9.75;0.26;0.4;
519;521;6.94;0.96;0.76;
519;534;7.92;0.96;0.66;
519;536;7.4;0.96;0.39;
519;606;8.46;0.96;1.33;
519;608;5.15;0.96;0.75;
519;610;8.89;0.96;0.23;
519;616;8.17;0.96;0.38;
519;617;6.49;0.96;0.46;
519;618;8.73;0.96;0.41;
519;619;9.79;0.96;0.4;
519;634;9.53;0.96;0.41;
519;643;6.55;0.96;0.4;
521;523;6.21;0.76;0.67;
521;530;9.76;0.76;0.29;
521;532;6.26;0.76;0.67;
521;534;8.19;0.76;0.66;
521;583;9.55;0.76;0.68;
521;585;9.45;0.76;0.7;
521;604;8.65;0.76;0.24;
521;606;6.39;0.76;1.33;
521;608;9.24;0.76;0.75;
521;617;8.14;0.76;0.46;
521;618;7.04;0.76;0.41;
521;619;5.77;0.76;0.4;
521;621;9.32;0.76;0.31;
521;632;9.75;0.76;1.19;
521;643;9.67;0.76;0.4;
523;530;7.53;0.67;0.29;
523;532;8.25;0.67;0.67;
523;585;9.52;0.67;0.7;
523;604;5.71;0.67;0.24;
523;606;9.35;0.67;1.33;
523;619;9.18;0.67;0.4;
523;621;8.1;0.67;0.31;
523;624;6.76;0.67;0.7;
530;532;6.39;0.29;0.67;
530;558;8.79;0.29;1.12;
530;559;7.04;0.29;0.52;
530;585;7.0;0.29;0.7;
530;587;5.91;0.29;1.11;
530;590;9.4;0.29;2.53;
530;604;9.01;0.29;0.24;
530;619;7.99;0.29;0.4;
530;621;5.26;0.29;0.31;
530;622;7.95;0.29;0.36;
530;623;9.7;0.29;0.72;
532;534;6.76;0.67;0.66;
532;554;9.87;0.67;0.76;
532;583;7.31;0.67;0.68;
532;585;4.16;0.67;0.7;
532;587;9.22;0.67;1.11;
532;604;8.15;0.67;0.24;
532;606;7.7;0.67;1.33;
532;617;8.36;0.67;0.46;
532;618;5.66;0.67;0.41;
532;619;5.54;0.67;0.4;
532;621;8.69;0.67;0.31;
534;536;6.49;0.66;0.39;
534;552;9.69;0.66;1.12;
534;579;9.8;0.66;0.9;
534;581;9.2;0.66;2.25;
534;582;5.03;0.66;1.46;
534;583;5.25;0.66;0.68;
534;585;8.88;0.66;0.7;
534;606;6.9;0.66;1.33;
534;608;8.02;0.66;0.75;
534;615;8.45;0.66;0.24;
534;616;4.93;0.66;0.38;
534;617;4.69;0.66;0.46;
534;618;5.81;0.66;0.41;
534;619;8.7;0.66;0.4;
534;634;9.76;0.66;0.41;
536;580;9.17;0.39;1.42;
536;581;7.61;0.39;2.25;
536;582;6.9;0.39;1.46;
536;583;9.75;0.39;0.68;
536;608;6.3;0.39;0.75;
536;610;8.09;0.39;0.23;
536;614;8.1;0.39;0.16;
536;615;5.09;0.39;0.24;
536;616;4.68;0.39;0.38;
536;617;7.1;0.39;0.46;
536;637;8.25;0.39;0.85;
552;554;6.82;1.12;0.76;
552;564;9.55;1.12;0.8;
552;565;5.75;1.12;0.9;
552;567;4.01;1.12;0.94;
552;570;7.94;1.12;0.31;
552;579;8.19;1.12;0.9;
552;580;8.52;1.12;1.42;
552;581;7.04;1.12;2.25;
552;582;6.28;1.12;1.46;
552;583;5.23;1.12;0.68;
552;604;9.71;1.12;0.24;
552;606;5.56;1.12;1.33;
552;608;9.2;1.12;0.75;
554;557;7.21;0.76;0.92;
554;562;8.54;0.76;1.53;
554;563;4.96;0.76;1.69;
554;564;5.8;0.76;0.8;
554;565;4.51;0.76;0.9;
554;567;8.88;0.76;0.94;
554;576;9.81;0.76;0.66;
554;583;7.21;0.76;0.68;
554;585;6.73;0.76;0.7;
554;590;9.98;0.76;2.53;
554;604;6.14;0.76;0.24;
554;606;8.23;0.76;1.33;
557;558;3.84;0.92;1.12;
557;559;6.6;0.92;0.52;
557;560;7.45;0.92;2.66;
557;561;6.23;0.92;1.88;
557;562;6.09;0.92;1.53;
557;563;5.49;0.92;1.69;
557;564;8.81;0.92;0.8;
557;585;8.15;0.92;0.7;
557;587;8.89;0.92;1.11;
557;589;6.75;0.92;3.13;
557;590;5.33;0.92;2.53;
557;604;8.4;0.92;0.24;
558;559;3.77;1.12;0.52;
558;560;6.29;1.12;2.66;
558;561;7.06;1.12;1.88;
558;562;8.42;1.12;1.53;
558;563;8.53;1.12;1.69;
558;585;9.19;1.12;0.7;
558;587;7.03;1.12;1.11;
558;589;5.11;1.12;3.13;
558;590;5.34;1.12;2.53;
558;604;9.57;1.12;0.24;
559;560;4.34;0.52;2.66;
559;561;7.29;0.52;1.88;
559;562;8.81;0.52;1.53;
559;563;9.44;0.52;1.69;
559;585;8.68;0.52;0.7;
559;587;3.59;0.52;1.11;
559;589;4.45;0.52;3.13;
559;590;4.37;0.52;2.53;
560;561;4.19;2.66;1.88;
560;562;6.52;2.66;1.53;
560;563;8.74;2.66;1.69;
560;585;9.93;2.66;0.7;
560;587;5.12;2.66;1.11;
560;589;2.64;2.66;3.13;
560;590;2.9;2.66;2.53;
560;593;5.8;2.66;0.42;
560;594;7.42;2.66;0.26;
561;562;3.92;1.88;1.53;
561;563;7.03;1.88;1.69;
561;564;9.51;1.88;0.8;
561;587;8.69;1.88;1.11;
561;589;4.13;1.88;3.13;
561;590;3.98;1.88;2.53;
561;593;4.77;1.88;0.42;
561;594;6.1;1.88;0.26;
562;563;3.69;1.53;1.69;
562;564;5.7;1.53;0.8;
562;565;9.01;1.53;0.9;
562;575;7.36;1.53;0.21;
562;576;7.09;1.53;0.66;
562;585;8.54;1.53;0.7;
562;587;9.31;1.53;1.11;
562;589;7.37;1.53;3.13;
562;590;4.57;1.53;2.53;
562;593;6.69;1.53;0.42;
562;594;5.39;1.53;0.26;
563;564;3.76;1.69;0.8;
563;565;5.91;1.69;0.9;
563;575;8.78;1.69;0.21;
563;576;6.75;1.69;0.66;
563;583;9.1;1.69;0.68;
563;585;6.1;1.69;0.7;
563;587;9.78;1.69;1.11;
563;589;9.53;1.69;3.13;
563;590;5.98;1.69;2.53;
563;594;8.47;1.69;0.26;
563;604;9.25;1.69;0.24;
564;565;3.83;0.8;0.9;
564;567;9.69;0.8;0.94;
564;575;7.31;0.8;0.21;
564;576;4.84;0.8;0.66;
564;579;9.55;0.8;0.9;
564;583;8.77;0.8;0.68;
564;585;8.61;0.8;0.7;
564;590;9.35;0.8;2.53;
564;594;9.23;0.8;0.26;
565;567;6.24;0.9;0.94;
565;576;6.88;0.9;0.66;
565;579;7.36;0.9;0.9;
565;582;8.12;0.9;1.46;
565;583;5.91;0.9;0.68;
565;585;8.34;0.9;0.7;
565;606;9.11;0.9;1.33;
567;570;6.23;0.94;0.31;
567;571;9.69;0.94;0.44;
567;579;7.16;0.94;0.9;
567;580;7.37;0.94;1.42;
567;581;6.91;0.94;2.25;
567;582;7.95;0.94;1.46;
567;583;8.02;0.94;0.68;
567;606;9.51;0.94;1.33;
570;571;3.86;0.31;0.44;
570;579;9.35;0.31;0.9;
570;580;6.61;0.31;1.42;
570;581;5.06;0.31;2.25;
570;582;9.22;0.31;1.46;
571;580;8.18;0.44;1.42;
571;581;5.92;0.44;2.25;
571;608;8.85;0.44;0.75;
571;610;8.5;0.44;0.23;
575;576;3.82;0.21;0.66;
575;593;9.08;0.21;0.42;
575;594;5.33;0.21;0.26;
576;579;8.53;0.66;0.9;
576;583;9.54;0.66;0.68;
576;585;9.66;0.66;0.7;
576;594;7.47;0.66;0.26;
579;580;3.89;0.9;1.42;
579;581;6.13;0.9;2.25;
579;582;5.5;0.9;1.46;
579;583;7.21;0.9;0.68;
580;581;3.19;1.42;2.25;
580;582;5.55;1.42;1.46;
580;583;8.6;1.42;0.68;
581;582;4.72;2.25;1.46;
581;583;7.8;2.25;0.68;
581;606;9.38;2.25;1.33;
581;608;7.92;2.25;0.75;
582;583;3.74;1.46;0.68;
582;606;6.81;1.46;1.33;
582;608;7.77;1.46;0.75;
582;616;8.11;1.46;0.38;
582;617;9.37;1.46;0.46;
583;585;6.85;0.68;0.7;
583;604;9.39;0.68;0.24;
583;606;4.94;0.68;1.33;
583;608;9.09;0.68;0.75;
583;616;9.86;0.68;0.38;
583;617;9.8;0.68;0.46;
583;618;9.89;0.68;0.41;
585;587;7.55;0.7;1.11;
585;590;7.41;0.7;2.53;
585;604;6.94;0.7;0.24;
585;606;8.49;0.7;1.33;
585;618;9.53;0.7;0.41;
585;619;9.6;0.7;0.4;
587;589;6.76;1.11;3.13;
587;590;5.06;1.11;2.53;
589;590;4.22;3.13;2.53;
589;593;6.86;3.13;0.42;
589;594;9.12;3.13;0.26;
590;593;7.0;2.53;0.42;
590;594;7.25;2.53;0.26;
593;594;3.9;0.42;0.26;
604;606;7.36;0.24;1.33;
606;608;6.65;1.33;0.75;
606;617;9.96;1.33;0.46;
608;610;6.52;0.75;0.23;
608;616;9.36;0.75;0.38;
608;617;9.3;0.75;0.46;
614;615;3.87;0.16;0.24;
614;616;6.6;0.16;0.38;
614;635;9.24;0.16;0.58;
614;636;7.43;0.16;0.75;
614;637;6.92;0.16;0.85;
614;638;8.82;0.16;1.04;
615;616;3.84;0.24;0.38;
615;617;7.29;0.24;0.46;
615;634;8.66;0.24;0.41;
615;635;8.08;0.24;0.58;
615;636;6.84;0.24;0.75;
615;637;4.48;0.24;0.85;
615;638;6.93;0.24;1.04;
616;617;3.8;0.38;0.46;
616;618;7.05;0.38;0.41;
616;634;7.0;0.38;0.41;
616;635;7.29;0.38;0.58;
616;636;7.98;0.38;0.75;
616;637;5.86;0.38;0.85;
616;638;9.3;0.38;1.04;
616;643;9.45;0.38;0.4;
617;618;3.79;0.46;0.41;
617;619;6.95;0.46;0.4;
617;632;9.0;0.46;1.19;
617;633;7.35;0.46;0.99;
617;634;5.19;0.46;0.41;
617;635;7.06;0.46;0.58;
617;636;9.19;0.46;0.75;
617;637;7.34;0.46;0.85;
617;642;9.86;0.46;1.43;
617;643;6.89;0.46;0.4;
618;619;3.73;0.41;0.4;
618;621;9.92;0.41;0.31;
618;632;7.3;0.41;1.19;
618;633;6.93;0.41;0.99;
618;634;6.48;0.41;0.41;
618;635;8.14;0.41;0.58;
618;642;9.28;0.41;1.43;
618;643;8.36;0.41;0.4;
618;644;9.76;0.41;1.53;
619;621;6.41;0.4;0.31;
619;622;9.18;0.4;0.36;
619;630;8.31;0.4;0.56;
619;631;7.52;0.4;0.54;
619;632;5.68;0.4;1.19;
619;633;7.23;0.4;0.99;
619;634;8.59;0.4;0.41;
619;643;8.9;0.4;0.4;
619;644;8.59;0.4;1.53;
621;622;3.81;0.31;0.36;
621;623;6.52;0.31;0.72;
621;624;8.66;0.31;0.7;
621;628;9.58;0.31;0.32;
621;629;9.2;0.31;0.38;
621;630;5.9;0.31;0.56;
621;631;7.43;0.31;0.54;
621;632;8.83;0.31;1.19;
621;644;9.44;0.31;1.53;
622;623;3.81;0.36;0.72;
622;627;8.76;0.36;0.64;
622;628;9.49;0.36;0.32;
622;629;5.93;0.36;0.38;
622;630;6.46;0.36;0.56;
622;631;7.43;0.36;0.54;
622;632;9.77;0.36;1.19;
622;644;8.51;0.36;1.53;
623;627;5.17;0.72;0.64;
623;628;8.49;0.72;0.32;
623;629;5.36;0.72;0.38;
623;630;8.44;0.72;0.56;
624;628;5.46;0.7;0.32;
624;630;8.17;0.7;0.56;
627;628;7.95;0.64;0.32;
627;629;6.9;0.64;0.38;
628;629;8.82;0.32;0.38;
628;630;6.74;0.32;0.56;
629;630;7.81;0.38;0.56;
629;631;8.59;0.38;0.54;
630;631;3.99;0.56;0.54;
630;632;7.16;0.56;1.19;
631;632;3.93;0.54;1.19;
631;633;7.4;0.54;0.99;
631;643;9.9;0.54;0.4;
631;644;7.13;0.54;1.53;
632;633;3.6;1.19;0.99;
632;634;7.13;1.19;0.41;
632;642;7.66;1.19;1.43;
632;643;6.81;1.19;0.4;
632;644;6.4;1.19;1.53;
633;634;3.83;0.99;0.41;
633;635;6.82;0.99;0.58;
633;636;9.75;0.99;0.75;
633;637;9.47;0.99;0.85;
633;642;5.22;0.99;1.43;
633;643;5.26;0.99;0.4;
633;644;7.54;0.99;1.53;
634;635;3.87;0.41;0.58;
634;636;6.37;0.41;0.75;
634;637;5.78;0.41;0.85;
634;638;8.66;0.41;1.04;
634;640;8.19;0.41;0.93;
634;642;5.58;0.41;1.43;
634;643;5.51;0.41;0.4;
635;636;3.81;0.58;0.75;
635;637;5.51;0.58;0.85;
635;638;8.5;0.58;1.04;
635;640;5.21;0.58;0.93;
635;642;5.03;0.58;1.43;
635;643;9.32;0.58;0.4;
636;637;3.81;0.75;0.85;
636;638;5.67;0.75;1.04;
636;640;4.61;0.75;0.93;
636;642;8.03;0.75;1.43;
637;638;3.78;0.85;1.04;
637;640;8.16;0.85;0.93;
637;642;9.83;0.85;1.43;
637;643;8.75;0.85;0.4;
638;640;9.26;1.04;0.93;
640;642;6.36;0.93;1.43;
642;643;9.91;1.43;0.4;
642;644;6.83;1.43;1.53;
