1;2;516;634;8.28;5.46;7.62;
1;2;516;635;5.43;5.46;7.59;
1;2;516;636;6.07;5.46;7.5;
1;2;516;637;7.37;5.46;7.81;
1;2;517;634;9.06;5.7;7.62;
1;2;517;635;6.05;5.7;7.59;
1;2;517;636;8.1;5.7;7.5;
1;2;530;521;9.76;2.72;5.58;
1;2;530;523;7.53;2.72;6.02;
1;2;530;558;8.79;2.72;4.14;
1;2;530;559;7.04;2.72;5.75;
1;2;530;604;9.01;2.72;2.84;
1;2;532;521;6.26;2.85;5.58;
1;2;532;523;8.25;2.85;6.02;
1;2;532;554;9.87;2.85;2.4;
1;2;532;604;8.15;2.85;2.84;
1;2;532;606;7.7;2.85;2.23;
1;2;534;519;7.92;2.53;5.45;
1;2;534;521;8.19;2.53;5.58;
1;2;534;552;9.69;2.53;1.89;
1;2;534;606;6.9;2.53;2.23;
1;2;534;608;8.02;2.53;2.01;
1;2;534;634;9.76;2.53;7.62;
1;2;536;517;7.32;3.08;5.7;
1;2;536;519;7.4;3.08;5.45;
1;2;536;608;6.3;3.08;2.01;
1;2;536;610;8.09;3.08;1.73;
1;2;536;637;8.25;3.08;7.81;
1;2;575;562;7.36;0.97;4.09;
1;2;575;563;8.78;0.97;2.96;
1;2;575;564;7.31;0.97;2.49;
1;2;576;554;9.81;1.09;2.4;
1;2;576;562;7.09;1.09;4.09;
1;2;576;563;6.75;1.09;2.96;
1;2;576;564;4.84;1.09;2.49;
1;2;576;565;6.88;1.09;2.19;
1;2;579;552;8.19;1.52;1.89;
1;2;579;564;9.55;1.52;2.49;
1;2;579;565;7.36;1.52;2.19;
1;2;579;567;7.16;1.52;1.19;
1;2;579;570;9.35;1.52;0.97;
1;2;580;552;8.52;1.79;1.89;
1;2;580;567;7.37;1.79;1.19;
1;2;580;570;6.61;1.79;0.97;
1;2;580;571;8.18;1.79;0.97;
1;2;581;552;7.04;2.1;1.89;
1;2;581;567;6.91;2.1;1.19;
1;2;581;570;5.06;2.1;0.97;
1;2;581;571;5.92;2.1;0.97;
1;2;581;606;9.38;2.1;2.23;
1;2;581;608;7.92;2.1;2.01;
1;2;582;552;6.28;1.98;1.89;
1;2;582;565;8.12;1.98;2.19;
1;2;582;567;7.95;1.98;1.19;
1;2;582;570;9.22;1.98;0.97;
1;2;582;606;6.81;1.98;2.23;
1;2;582;608;7.77;1.98;2.01;
1;2;583;521;9.55;2.03;5.58;
1;2;583;552;5.23;2.03;1.89;
1;2;583;554;7.21;2.03;2.4;
1;2;583;563;9.1;2.03;2.96;
1;2;583;564;8.77;2.03;2.49;
1;2;583;565;5.91;2.03;2.19;
1;2;583;567;8.02;2.03;1.19;
1;2;583;604;9.39;2.03;2.84;
1;2;583;606;4.94;2.03;2.23;
1;2;583;608;9.09;2.03;2.01;
1;2;585;521;9.45;2.0;5.58;
1;2;585;523;9.52;2.0;6.02;
1;2;585;554;6.73;2.0;2.4;
1;2;585;557;8.15;2.0;3.45;
1;2;585;558;9.19;2.0;4.14;
1;2;585;559;8.68;2.0;5.75;
1;2;585;560;9.93;2.0;5.29;
1;2;585;562;8.54;2.0;4.09;
1;2;585;563;6.1;2.0;2.96;
1;2;585;564;8.61;2.0;2.49;
1;2;585;565;8.34;2.0;2.19;
1;2;585;604;6.94;2.0;2.84;
1;2;585;606;8.49;2.0;2.23;
1;2;587;557;8.89;1.91;3.45;
1;2;587;558;7.03;1.91;4.14;
1;2;587;559;3.59;1.91;5.75;
1;2;587;560;5.12;1.91;5.29;
1;2;587;561;8.69;1.91;3.67;
1;2;587;562;9.31;1.91;4.09;
1;2;587;563;9.78;1.91;2.96;
1;2;589;557;6.75;1.58;3.45;
1;2;589;558;5.11;1.58;4.14;
1;2;589;559;4.45;1.58;5.75;
1;2;589;560;2.64;1.58;5.29;
1;2;589;561;4.13;1.58;3.67;
1;2;589;562;7.37;1.58;4.09;
1;2;589;563;9.53;1.58;2.96;
1;2;590;554;9.98;1.45;2.4;
1;2;590;557;5.33;1.45;3.45;
1;2;590;558;5.34;1.45;4.14;
1;2;590;559;4.37;1.45;5.75;
1;2;590;560;2.9;1.45;5.29;
1;2;590;561;3.98;1.45;3.67;
1;2;590;562;4.57;1.45;4.09;
1;2;590;563;5.98;1.45;2.96;
1;2;590;564;9.35;1.45;2.49;
1;2;593;560;5.8;1.0;5.29;
1;2;593;561;4.77;1.0;3.67;
1;2;593;562;6.69;1.0;4.09;
1;2;594;560;7.42;1.04;5.29;
1;2;594;561;6.1;1.04;3.67;
1;2;594;562;5.39;1.04;4.09;
1;2;594;563;8.47;1.04;2.96;
1;2;594;564;9.23;1.04;2.49;
1;2;614;635;9.24;2.49;7.59;
1;2;614;636;7.43;2.49;7.5;
1;2;614;637;6.92;2.49;7.81;
1;2;614;638;8.82;2.49;7.53;
1;2;615;517;9.73;3.27;5.7;
1;2;615;634;8.66;3.27;7.62;
1;2;615;635;8.08;3.27;7.59;
1;2;615;636;6.84;3.27;7.5;
1;2;615;637;4.48;3.27;7.81;
1;2;615;638;6.93;3.27;7.53;
1;2;616;519;8.17;3.18;5.45;
1;2;616;608;9.36;3.18;2.01;
1;2;616;634;7.0;3.18;7.62;
1;2;616;635;7.29;3.18;7.59;
1;2;616;636;7.98;3.18;7.5;
1;2;616;637;5.86;3.18;7.81;
1;2;616;638;9.3;3.18;7.53;
1;2;616;643;9.45;3.18;8.17;
1;2;617;519;6.49;3.71;5.45;
1;2;617;521;8.14;3.71;5.58;
1;2;617;606;9.96;3.71;2.23;
1;2;617;608;9.3;3.71;2.01;
1;2;617;632;9.0;3.71;6.63;
1;2;617;633;7.35;3.71;7.2;
1;2;617;634;5.19;3.71;7.62;
1;2;617;635;7.06;3.71;7.59;
1;2;617;636;9.19;3.71;7.5;
1;2;617;637;7.34;3.71;7.81;
1;2;617;643;6.89;3.71;8.17;
1;2;618;519;8.73;3.55;5.45;
1;2;618;521;7.04;3.55;5.58;
1;2;618;632;7.3;3.55;6.63;
1;2;618;633;6.93;3.55;7.2;
1;2;618;634;6.48;3.55;7.62;
1;2;618;635;8.14;3.55;7.59;
1;2;618;643;8.36;3.55;8.17;
1;2;619;519;9.79;4.47;5.45;
1;2;619;521;5.77;4.47;5.58;
1;2;619;523;9.18;4.47;6.02;
1;2;619;630;8.31;4.47;5.91;
1;2;619;631;7.52;4.47;6.63;
1;2;619;632;5.68;4.47;6.63;
1;2;619;633;7.23;4.47;7.2;
1;2;619;634;8.59;4.47;7.62;
1;2;619;643;8.9;4.47;8.17;
1;2;621;521;9.32;4.23;5.58;
1;2;621;523;8.1;4.23;6.02;
1;2;621;624;8.66;4.23;5.47;
1;2;621;628;9.58;4.23;6.16;
1;2;621;630;5.9;4.23;5.91;
1;2;621;631;7.43;4.23;6.63;
1;2;621;632;8.83;4.23;6.63;
1;2;622;628;9.49;5.17;6.16;
1;2;622;630;6.46;5.17;5.91;
1;2;622;631;7.43;5.17;6.63;
1;2;622;632;9.77;5.17;6.63;
1;2;623;628;8.49;4.93;6.16;
1;2;623;630;8.44;4.93;5.91;
1;2;627;628;7.95;5.97;6.16;
1;2;629;628;8.82;5.91;6.16;
1;2;629;630;7.81;5.91;5.91;
1;2;629;631;8.59;5.91;6.63;
1;2;640;634;8.19;7.65;7.62;
1;2;640;635;5.21;7.65;7.59;
1;2;640;636;4.61;7.65;7.5;
1;2;640;637;8.16;7.65;7.81;
1;2;640;638;9.26;7.65;7.53;
1;2;642;632;7.66;7.69;6.63;
1;2;642;633;5.22;7.69;7.2;
1;2;642;634;5.58;7.69;7.62;
1;2;642;635;5.03;7.69;7.59;
1;2;642;636;8.03;7.69;7.5;
1;2;642;637;9.83;7.69;7.81;
1;2;642;643;9.91;7.69;8.17;
1;2;644;631;7.13;8.64;6.63;
1;2;644;632;6.4;8.64;6.63;
1;2;644;633;7.54;8.64;7.2;
2;3;516;634;9.23;5.46;7.62;
2;3;516;635;6.07;5.46;7.59;
2;3;516;636;7.95;5.46;7.5;
2;3;516;637;9.55;5.46;7.81;
2;3;532;521;6.88;2.85;5.58;
2;3;532;523;7.45;2.85;6.02;
2;3;532;554;9.35;2.85;2.4;
2;3;532;560;9.88;2.85;5.29;
2;3;532;604;7.33;2.85;2.84;
2;3;532;606;8.77;2.85;2.23;
2;3;534;521;8.14;2.53;5.58;
2;3;534;552;8.05;2.53;1.89;
2;3;534;554;9.06;2.53;2.4;
2;3;534;565;9.19;2.53;2.19;
2;3;534;604;9.78;2.53;2.84;
2;3;534;606;6.46;2.53;2.23;
2;3;534;608;9.71;2.53;2.01;
2;3;535;552;8.34;2.04;1.89;
2;3;535;565;9.62;2.04;2.19;
2;3;535;606;8.26;2.04;2.23;
2;3;535;608;9.4;2.04;2.01;
2;3;536;552;9.14;3.08;1.89;
2;3;536;606;8.83;3.08;2.23;
2;3;536;608;7.11;3.08;2.01;
2;3;536;637;9.01;3.08;7.81;
2;3;576;561;8.43;1.09;3.67;
2;3;576;562;5.91;1.09;4.09;
2;3;576;563;6.72;1.09;2.96;
2;3;576;564;6.42;1.09;2.49;
2;3;576;565;9.71;1.09;2.19;
2;3;579;552;9.16;1.52;1.89;
2;3;579;554;9.68;1.52;2.4;
2;3;579;563;8.33;1.52;2.96;
2;3;579;564;5.83;1.52;2.49;
2;3;579;565;5.77;1.52;2.19;
2;3;579;567;8.29;1.52;1.19;
2;3;581;552;6.38;2.1;1.89;
2;3;581;565;7.78;2.1;2.19;
2;3;581;567;5.75;2.1;1.19;
2;3;581;570;7.41;2.1;0.97;
2;3;581;606;9.3;2.1;2.23;
2;3;583;552;5.92;2.03;1.89;
2;3;583;554;5.15;2.03;2.4;
2;3;583;562;8.81;2.03;4.09;
2;3;583;563;6.35;2.03;2.96;
2;3;583;564;7.16;2.03;2.49;
2;3;583;565;4.99;2.03;2.19;
2;3;583;567;8.9;2.03;1.19;
2;3;583;604;7.89;2.03;2.84;
2;3;583;606;6.67;2.03;2.23;
2;3;584;552;9.54;1.85;1.89;
2;3;584;554;5.88;1.85;2.4;
2;3;584;557;8.38;1.85;3.45;
2;3;584;560;8.48;1.85;5.29;
2;3;584;561;8.41;1.85;3.67;
2;3;584;562;5.53;1.85;4.09;
2;3;584;563;4.71;1.85;2.96;
2;3;584;564;7.12;1.85;2.49;
2;3;584;565;6.8;1.85;2.19;
2;3;584;604;8.05;1.85;2.84;
2;3;584;606;9.59;1.85;2.23;
2;3;585;523;9.45;2.0;6.02;
2;3;585;554;7.1;2.0;2.4;
2;3;585;557;6.91;2.0;3.45;
2;3;585;559;7.08;2.0;5.75;
2;3;585;560;6.27;2.0;5.29;
2;3;585;561;7.3;2.0;3.67;
2;3;585;562;6.12;2.0;4.09;
2;3;585;563;6.77;2.0;2.96;
2;3;585;565;9.75;2.0;2.19;
2;3;585;604;6.81;2.0;2.84;
2;3;586;557;7.92;1.92;3.45;
2;3;586;559;5.23;1.92;5.75;
2;3;586;560;3.57;1.92;5.29;
2;3;586;561;6.34;1.92;3.67;
2;3;586;562;6.76;1.92;4.09;
2;3;586;563;9.04;1.92;2.96;
2;3;587;557;9.74;1.91;3.45;
2;3;587;559;4.28;1.91;5.75;
2;3;587;560;4.46;1.91;5.29;
2;3;587;561;8.03;1.91;3.67;
2;3;587;562;9.82;1.91;4.09;
2;3;590;557;8.51;1.45;3.45;
2;3;590;559;5.29;1.45;5.75;
2;3;590;560;4.09;1.45;5.29;
2;3;590;561;4.95;1.45;3.67;
2;3;590;562;8.44;1.45;4.09;
2;3;594;560;7.29;1.04;5.29;
2;3;594;561;6.18;1.04;3.67;
2;3;594;562;7.94;1.04;4.09;
2;3;615;634;9.16;3.27;7.62;
2;3;615;635;7.28;3.27;7.59;
2;3;615;636;6.89;3.27;7.5;
2;3;615;637;5.82;3.27;7.81;
2;3;615;638;8.94;3.27;7.53;
2;3;616;634;7.64;3.18;7.62;
2;3;616;635;6.59;3.18;7.59;
2;3;616;636;8.13;3.18;7.5;
2;3;616;637;7.02;3.18;7.81;
2;3;617;521;7.9;3.71;5.58;
2;3;617;606;9.25;3.71;2.23;
2;3;617;608;9.79;3.71;2.01;
2;3;617;632;9.08;3.71;6.63;
2;3;617;633;7.92;3.71;7.2;
2;3;617;634;5.64;3.71;7.62;
2;3;617;635;6.36;3.71;7.59;
2;3;617;636;9.04;3.71;7.5;
2;3;617;637;7.84;3.71;7.81;
2;3;619;521;5.99;4.47;5.58;
2;3;619;523;8.43;4.47;6.02;
2;3;619;630;8.19;4.47;5.91;
2;3;619;631;7.7;4.47;6.63;
2;3;619;632;6.28;4.47;6.63;
2;3;619;633;7.96;4.47;7.2;
2;3;619;634;8.97;4.47;7.62;
2;3;620;521;8.69;4.13;5.58;
2;3;620;523;8.46;4.13;6.02;
2;3;620;630;7.36;4.13;5.91;
2;3;620;631;7.86;4.13;6.63;
2;3;620;632;8.14;4.13;6.63;
2;3;621;523;7.69;4.23;6.02;
2;3;621;624;7.01;4.23;5.47;
2;3;621;625;9.65;4.23;5.15;
2;3;621;628;8.8;4.23;6.16;
2;3;621;629;8.41;4.23;5.91;
2;3;621;630;5.91;4.23;5.91;
2;3;621;631;8.14;4.23;6.63;
2;3;621;632;9.94;4.23;6.63;
2;3;623;624;9.39;4.93;5.47;
2;3;623;626;9.78;4.93;5.54;
2;3;623;628;7.79;4.93;6.16;
2;3;623;629;9.1;4.93;5.91;
2;3;623;630;8.55;4.93;5.91;
2;3;627;626;8.16;5.97;5.54;
2;3;627;628;7.16;5.97;6.16;
2;3;629;628;7.53;5.91;6.16;
2;3;629;629;7.48;5.91;5.91;
2;3;629;630;7.62;5.91;5.91;
2;3;629;631;8.82;5.91;6.63;
2;3;640;633;9.6;7.65;7.2;
2;3;640;634;7.38;7.65;7.62;
2;3;640;635;4.77;7.65;7.59;
2;3;640;636;4.45;7.65;7.5;
2;3;640;637;7.95;7.65;7.81;
2;3;640;638;9.19;7.65;7.53;
2;3;642;632;8.09;7.69;6.63;
2;3;642;633;5.49;7.69;7.2;
2;3;642;634;5.61;7.69;7.62;
2;3;642;635;5.47;7.69;7.59;
2;3;642;636;8.54;7.69;7.5;
2;3;644;630;9.43;8.64;5.91;
2;3;644;631;6.71;8.64;6.63;
2;3;644;632;6.16;8.64;6.63;
2;3;644;633;6.76;8.64;7.2;
2;3;644;634;9.36;8.64;7.62;
2;3;645;630;8.96;9.56;5.91;
2;3;645;631;6.99;9.56;6.63;
2;3;645;632;8.41;9.56;6.63;
2;3;645;633;9.89;9.56;7.2;
3;4;516;634;9.01;5.46;7.62;
3;4;516;635;6.92;5.46;7.59;
3;4;516;636;6.81;5.46;7.5;
3;4;516;637;9.09;5.46;7.81;
3;4;530;523;8.41;2.72;6.02;
3;4;530;559;7.56;2.72;5.75;
3;4;530;560;7.81;2.72;5.29;
3;4;530;604;9.19;2.72;2.84;
3;4;532;521;7.34;2.85;5.58;
3;4;532;523;8.48;2.85;6.02;
3;4;532;554;9.22;2.85;2.4;
3;4;532;562;9.86;2.85;4.09;
3;4;532;563;9.75;2.85;2.96;
3;4;532;604;7.81;2.85;2.84;
3;4;532;606;8.92;2.85;2.23;
3;4;532;645;9.52;2.85;9.56;
3;4;534;521;9.14;2.53;5.58;
3;4;534;552;8.57;2.53;1.89;
3;4;534;554;9.56;2.53;2.4;
3;4;534;565;9.04;2.53;2.19;
3;4;534;606;7.59;2.53;2.23;
3;4;536;519;8.82;3.08;5.45;
3;4;536;636;9.84;3.08;7.5;
3;4;536;637;7.74;3.08;7.81;
3;4;576;561;8.84;1.09;3.67;
3;4;576;562;5.99;1.09;4.09;
3;4;576;563;7.21;1.09;2.96;
3;4;576;564;6.17;1.09;2.49;
3;4;576;565;9.66;1.09;2.19;
3;4;579;552;9.62;1.52;1.89;
3;4;579;563;9.77;1.52;2.96;
3;4;579;564;6.76;1.52;2.49;
3;4;579;565;6.29;1.52;2.19;
3;4;579;567;8.45;1.52;1.19;
3;4;581;552;7.75;2.1;1.89;
3;4;581;565;8.88;2.1;2.19;
3;4;581;567;7.31;2.1;1.19;
3;4;581;570;8.05;2.1;0.97;
3;4;582;552;5.77;1.98;1.89;
3;4;582;554;8.12;1.98;2.4;
3;4;582;563;9.66;1.98;2.96;
3;4;582;564;7.74;1.98;2.49;
3;4;582;565;5.27;1.98;2.19;
3;4;582;567;6.18;1.98;1.19;
3;4;582;570;9.74;1.98;0.97;
3;4;582;606;8.47;1.98;2.23;
3;4;583;552;6.27;2.03;1.89;
3;4;583;554;5.9;2.03;2.4;
3;4;583;562;9.14;2.03;4.09;
3;4;583;563;7.12;2.03;2.96;
3;4;583;564;6.62;2.03;2.49;
3;4;583;565;4.93;2.03;2.19;
3;4;583;567;8.46;2.03;1.19;
3;4;583;604;9.25;2.03;2.84;
3;4;583;606;7.36;2.03;2.23;
3;4;585;554;6.7;2.0;2.4;
3;4;585;557;7.52;2.0;3.45;
3;4;585;559;9.12;2.0;5.75;
3;4;585;560;7.28;2.0;5.29;
3;4;585;561;7.7;2.0;3.67;
3;4;585;562;5.97;2.0;4.09;
3;4;585;563;5.88;2.0;2.96;
3;4;585;564;8.6;2.0;2.49;
3;4;585;565;9.02;2.0;2.19;
3;4;585;604;7.02;2.0;2.84;
3;4;586;554;9.89;1.92;2.4;
3;4;586;557;7.52;1.92;3.45;
3;4;586;559;6.41;1.92;5.75;
3;4;586;560;3.95;1.92;5.29;
3;4;586;561;5.85;1.92;3.67;
3;4;586;562;5.76;1.92;4.09;
3;4;586;563;7.59;1.92;2.96;
3;4;586;604;9.66;1.92;2.84;
3;4;587;557;9.39;1.91;3.45;
3;4;587;559;4.83;1.91;5.75;
3;4;587;560;3.83;1.91;5.29;
3;4;587;561;7.43;1.91;3.67;
3;4;587;562;8.9;1.91;4.09;
3;4;590;557;8.47;1.45;3.45;
3;4;590;559;5.39;1.45;5.75;
3;4;590;560;3.82;1.45;5.29;
3;4;590;561;4.51;1.45;3.67;
3;4;590;562;7.81;1.45;4.09;
3;4;594;560;8.21;1.04;5.29;
3;4;594;561;6.54;1.04;3.67;
3;4;594;562;7.63;1.04;4.09;
3;4;615;634;9.27;3.27;7.62;
3;4;615;635;7.74;3.27;7.59;
3;4;615;636;5.34;3.27;7.5;
3;4;615;637;5.21;3.27;7.81;
3;4;615;638;8.02;3.27;7.53;
3;4;616;519;9.77;3.18;5.45;
3;4;616;634;7.69;3.18;7.62;
3;4;616;635;7.54;3.18;7.59;
3;4;616;636;7.08;3.18;7.5;
3;4;616;637;6.34;3.18;7.81;
3;4;616;638;9.98;3.18;7.53;
3;4;617;519;7.51;3.71;5.45;
3;4;617;521;8.23;3.71;5.58;
3;4;617;606;9.49;3.71;2.23;
3;4;617;633;8.03;3.71;7.2;
3;4;617;634;5.81;3.71;7.62;
3;4;617;635;7.57;3.71;7.59;
3;4;617;636;8.74;3.71;7.5;
3;4;617;637;7.18;3.71;7.81;
3;4;617;645;7.95;3.71;9.56;
3;4;619;521;6.41;4.47;5.58;
3;4;619;523;8.74;4.47;6.02;
3;4;619;630;8.34;4.47;5.91;
3;4;619;631;7.94;4.47;6.63;
3;4;619;633;7.5;4.47;7.2;
3;4;619;634;8.73;4.47;7.62;
3;4;619;645;5.71;4.47;9.56;
3;4;621;523;8.11;4.23;6.02;
3;4;621;624;8.19;4.23;5.47;
3;4;621;628;9.44;4.23;6.16;
3;4;621;630;6.05;4.23;5.91;
3;4;621;631;7.62;4.23;6.63;
3;4;621;645;9.53;4.23;9.56;
3;4;622;624;9.58;5.17;5.47;
3;4;622;628;8.78;5.17;6.16;
3;4;622;630;6.8;5.17;5.91;
3;4;622;631;7.8;5.17;6.63;
3;4;623;624;9.65;4.93;5.47;
3;4;623;628;8.02;4.93;6.16;
3;4;623;630;9.03;4.93;5.91;
3;4;627;628;7.34;5.97;6.16;
3;4;629;628;7.47;5.91;6.16;
3;4;629;630;7.94;5.91;5.91;
3;4;629;631;8.54;5.91;6.63;
3;4;631;631;8.6;6.63;6.63;
3;4;640;634;9.44;7.65;7.62;
3;4;640;635;6.26;7.65;7.59;
3;4;640;636;7.26;7.65;7.5;
3;4;642;633;5.98;7.69;7.2;
3;4;642;634;5.6;7.69;7.62;
3;4;642;635;5.68;7.69;7.59;
3;4;642;636;9.19;7.69;7.5;
3;4;644;631;8.04;8.64;6.63;
3;4;644;633;7.6;8.64;7.2;
3;4;644;634;10.0;8.64;7.62;
4;5;516;634;9.04;5.46;7.62;
4;5;516;635;6.46;5.46;7.59;
4;5;516;636;7.1;5.46;7.5;
4;5;516;637;9.81;5.46;7.81;
4;5;532;521;8.56;2.85;5.58;
4;5;532;523;9.07;2.85;6.02;
4;5;532;559;8.91;2.85;5.75;
4;5;532;560;9.76;2.85;5.29;
4;5;532;604;9.39;2.85;2.84;
4;5;532;645;9.3;2.85;9.56;
4;5;534;521;8.79;2.53;5.58;
4;5;534;552;9.88;2.53;1.89;
4;5;534;554;9.53;2.53;2.4;
4;5;534;563;9.51;2.53;2.96;
4;5;534;565;9.41;2.53;2.19;
4;5;534;606;8.24;2.53;2.23;
4;5;536;552;9.99;3.08;1.89;
4;5;536;606;9.38;3.08;2.23;
4;5;536;636;9.35;3.08;7.5;
4;5;536;637;7.82;3.08;7.81;
4;5;576;560;7.72;1.09;5.29;
4;5;576;561;6.68;1.09;3.67;
4;5;576;562;5.79;1.09;4.09;
4;5;576;563;9.13;1.09;2.96;
4;5;579;554;9.97;1.52;2.4;
4;5;579;562;8.01;1.52;4.09;
4;5;579;563;7.47;1.52;2.96;
4;5;579;564;5.69;1.52;2.49;
4;5;579;565;6.88;1.52;2.19;
4;5;581;552;7.19;2.1;1.89;
4;5;581;554;9.45;2.1;2.4;
4;5;581;564;8.28;2.1;2.49;
4;5;581;565;6.12;2.1;2.19;
4;5;581;606;9.23;2.1;2.23;
4;5;582;552;7.49;1.98;1.89;
4;5;582;554;6.81;1.98;2.4;
4;5;582;562;8.16;1.98;4.09;
4;5;582;563;6.26;1.98;2.96;
4;5;582;564;5.24;1.98;2.49;
4;5;582;565;4.32;1.98;2.19;
4;5;582;606;9.27;1.98;2.23;
4;5;583;552;8.98;2.03;1.89;
4;5;583;554;6.31;2.03;2.4;
4;5;583;557;9.34;2.03;3.45;
4;5;583;561;9.37;2.03;3.67;
4;5;583;562;6.27;2.03;4.09;
4;5;583;563;5.19;2.03;2.96;
4;5;583;564;6.59;2.03;2.49;
4;5;583;565;6.59;2.03;2.19;
4;5;583;604;9.0;2.03;2.84;
4;5;583;606;8.99;2.03;2.23;
4;5;585;554;9.6;2.0;2.4;
4;5;585;557;7.18;2.0;3.45;
4;5;585;559;5.16;2.0;5.75;
4;5;585;560;5.67;2.0;5.29;
4;5;585;561;6.55;2.0;3.67;
4;5;585;562;6.63;2.0;4.09;
4;5;585;563;7.81;2.0;2.96;
4;5;585;604;9.37;2.0;2.84;
4;5;590;559;6.33;1.45;5.75;
4;5;590;560;4.6;1.45;5.29;
4;5;590;561;7.79;1.45;3.67;
4;5;594;560;7.54;1.04;5.29;
4;5;594;561;8.99;1.04;3.67;
4;5;614;635;8.59;2.49;7.59;
4;5;614;636;6.27;2.49;7.5;
4;5;614;637;8.49;2.49;7.81;
4;5;615;634;8.62;3.27;7.62;
4;5;615;635;6.84;3.27;7.59;
4;5;615;636;4.82;3.27;7.5;
4;5;615;637;5.37;3.27;7.81;
4;5;615;638;8.41;3.27;7.53;
4;5;616;633;9.88;3.18;7.2;
4;5;616;634;6.97;3.18;7.62;
4;5;616;635;6.51;3.18;7.59;
4;5;616;636;6.71;3.18;7.5;
4;5;616;637;6.66;3.18;7.81;
4;5;617;521;8.55;3.71;5.58;
4;5;617;606;9.91;3.71;2.23;
4;5;617;633;6.99;3.71;7.2;
4;5;617;634;5.18;3.71;7.62;
4;5;617;635;6.8;3.71;7.59;
4;5;617;636;8.61;3.71;7.5;
4;5;617;637;7.71;3.71;7.81;
4;5;617;645;7.57;3.71;9.56;
4;5;618;521;8.69;3.55;5.58;
4;5;618;631;9.83;3.55;6.63;
4;5;618;633;6.5;3.55;7.2;
4;5;618;634;6.76;3.55;7.62;
4;5;618;635;8.77;3.55;7.59;
4;5;618;645;7.25;3.55;9.56;
4;5;619;521;7.75;4.47;5.58;
4;5;619;523;9.65;4.47;6.02;
4;5;619;630;7.61;4.47;5.91;
4;5;619;631;7.19;4.47;6.63;
4;5;619;633;7.2;4.47;7.2;
4;5;619;634;9.03;4.47;7.62;
4;5;619;645;5.95;4.47;9.56;
4;5;620;630;7.5;4.13;5.91;
4;5;620;631;7.11;4.13;6.63;
4;5;620;633;9.06;4.13;7.2;
4;5;620;645;9.16;4.13;9.56;
4;5;621;624;9.01;4.23;5.47;
4;5;621;628;8.89;4.23;6.16;
4;5;621;630;6.06;4.23;5.91;
4;5;621;631;7.32;4.23;6.63;
4;5;622;628;9.41;5.17;6.16;
4;5;622;630;7.72;5.17;5.91;
4;5;622;631;8.06;5.17;6.63;
4;5;627;628;8.28;5.97;6.16;
4;5;629;628;8.56;5.91;6.16;
4;5;629;630;9.01;5.91;5.91;
4;5;629;631;9.14;5.91;6.63;
4;5;640;634;9.58;7.65;7.62;
4;5;640;635;6.5;7.65;7.59;
4;5;640;636;7.95;7.65;7.5;
4;5;642;633;5.96;7.69;7.2;
4;5;642;634;6.54;7.69;7.62;
4;5;642;635;6.39;7.69;7.59;
4;5;644;631;8.48;8.64;6.63;
4;5;644;633;8.04;8.64;7.2;
5;6;516;634;8.02;5.46;7.62;
5;6;516;635;5.44;5.46;7.59;
5;6;516;636;6.25;5.46;7.5;
5;6;516;637;8.01;5.46;7.81;
5;6;532;521;6.54;2.85;5.58;
5;6;532;523;7.46;2.85;6.02;
5;6;532;554;9.59;2.85;2.4;
5;6;532;604;7.16;2.85;2.84;
5;6;532;606;8.53;2.85;2.23;
5;6;532;645;8.63;2.85;9.56;
5;6;534;519;8.56;2.53;5.45;
5;6;534;521;7.39;2.53;5.58;
5;6;534;552;8.98;2.53;1.89;
5;6;534;604;9.9;2.53;2.84;
5;6;534;606;6.47;2.53;2.23;
5;6;534;608;8.67;2.53;2.01;
5;6;534;645;9.19;2.53;9.56;
5;6;535;519;8.34;2.04;5.45;
5;6;535;550;8.34;2.04;1.37;
5;6;535;552;8.92;2.04;1.89;
5;6;535;606;7.94;2.04;2.23;
5;6;535;608;7.36;2.04;2.01;
5;6;535;637;9.21;2.04;7.81;
5;6;536;517;8.7;3.08;5.7;
5;6;536;519;7.7;3.08;5.45;
5;6;536;550;6.83;3.08;1.37;
5;6;536;570;9.99;3.08;0.97;
5;6;536;571;9.17;3.08;0.97;
5;6;536;606;9.36;3.08;2.23;
5;6;536;608;5.71;3.08;2.01;
5;6;536;637;8.43;3.08;7.81;
5;6;575;561;8.84;0.97;3.67;
5;6;575;562;6.67;0.97;4.09;
5;6;575;564;6.93;0.97;2.49;
5;6;576;554;8.63;1.09;2.4;
5;6;576;561;9.5;1.09;3.67;
5;6;576;562;5.99;1.09;4.09;
5;6;576;564;3.98;1.09;2.49;
5;6;576;565;7.15;1.09;2.19;
5;6;577;554;9.12;1.06;2.4;
5;6;577;562;9.42;1.06;4.09;
5;6;577;564;4.88;1.06;2.49;
5;6;577;565;6.44;1.06;2.19;
5;6;579;552;7.29;1.52;1.89;
5;6;579;554;9.61;1.52;2.4;
5;6;579;564;7.62;1.52;2.49;
5;6;579;565;6.05;1.52;2.19;
5;6;579;567;6.12;1.52;1.19;
5;6;579;570;9.88;1.52;0.97;
5;6;580;550;8.17;1.79;1.37;
5;6;580;552;6.65;1.79;1.89;
5;6;580;565;8.56;1.79;2.19;
5;6;580;567;5.63;1.79;1.19;
5;6;580;570;6.55;1.79;0.97;
5;6;580;571;9.22;1.79;0.97;
5;6;581;550;4.41;2.1;1.37;
5;6;581;552;5.2;2.1;1.89;
5;6;581;565;9.57;2.1;2.19;
5;6;581;567;6.21;2.1;1.19;
5;6;581;570;5.26;2.1;0.97;
5;6;581;571;6.85;2.1;0.97;
5;6;581;606;8.2;2.1;2.23;
5;6;581;608;7.63;2.1;2.01;
5;6;582;521;9.95;1.98;5.58;
5;6;582;550;5.16;1.98;1.37;
5;6;582;552;3.52;1.98;1.89;
5;6;582;554;8.51;1.98;2.4;
5;6;582;565;8.13;1.98;2.19;
5;6;582;567;7.04;1.98;1.19;
5;6;582;570;8.28;1.98;0.97;
5;6;582;571;9.58;1.98;0.97;
5;6;582;604;9.74;1.98;2.84;
5;6;582;606;4.45;1.98;2.23;
5;6;582;608;6.71;1.98;2.01;
5;6;583;521;9.05;2.03;5.58;
5;6;583;550;9.01;2.03;1.37;
5;6;583;552;4.74;2.03;1.89;
5;6;583;554;5.37;2.03;2.4;
5;6;583;564;8.88;2.03;2.49;
5;6;583;565;6.14;2.03;2.19;
5;6;583;567;8.45;2.03;1.19;
5;6;583;604;6.86;2.03;2.84;
5;6;583;606;4.72;2.03;2.23;
5;6;583;608;9.65;2.03;2.01;
5;6;584;552;9.21;1.85;1.89;
5;6;584;554;4.84;1.85;2.4;
5;6;584;557;8.66;1.85;3.45;
5;6;584;562;7.26;1.85;4.09;
5;6;584;564;7.03;1.85;2.49;
5;6;584;565;6.64;1.85;2.19;
5;6;584;604;6.86;1.85;2.84;
5;6;584;606;9.01;1.85;2.23;
5;6;585;523;8.71;2.0;6.02;
5;6;585;554;6.65;2.0;2.4;
5;6;585;557;6.98;2.0;3.45;
5;6;585;558;7.75;2.0;4.14;
5;6;585;559;7.45;2.0;5.75;
5;6;585;560;9.52;2.0;5.29;
5;6;585;561;9.85;2.0;3.67;
5;6;585;562;7.36;2.0;4.09;
5;6;585;564;9.81;2.0;2.49;
5;6;585;565;9.7;2.0;2.19;
5;6;585;604;5.65;2.0;2.84;
5;6;587;557;9.37;1.91;3.45;
5;6;587;558;7.66;1.91;4.14;
5;6;587;559;4.21;1.91;5.75;
5;6;587;560;6.03;1.91;5.29;
5;6;587;561;9.16;1.91;3.67;
5;6;587;562;9.01;1.91;4.09;
5;6;589;557;7.37;1.58;3.45;
5;6;589;558;5.3;1.58;4.14;
5;6;589;559;3.17;1.58;5.75;
5;6;589;560;2.82;1.58;5.29;
5;6;589;561;5.44;1.58;3.67;
5;6;589;562;8.08;1.58;4.09;
5;6;590;557;5.09;1.45;3.45;
5;6;590;558;5.23;1.45;4.14;
5;6;590;559;3.66;1.45;5.75;
5;6;590;560;3.05;1.45;5.29;
5;6;590;561;3.61;1.45;3.67;
5;6;590;562;4.14;1.45;4.09;
5;6;593;559;8.89;1.0;5.75;
5;6;593;560;4.9;1.0;5.29;
5;6;593;561;4.47;1.0;3.67;
5;6;593;562;7.6;1.0;4.09;
5;6;594;557;9.99;1.04;3.45;
5;6;594;560;6.68;1.04;5.29;
5;6;594;561;4.48;1.04;3.67;
5;6;594;562;5.63;1.04;4.09;
5;6;614;635;8.84;2.49;7.59;
5;6;614;636;6.69;2.49;7.5;
5;6;614;637;6.98;2.49;7.81;
5;6;614;638;9.28;2.49;7.53;
5;6;615;519;9.6;3.27;5.45;
5;6;615;634;8.79;3.27;7.62;
5;6;615;635;7.6;3.27;7.59;
5;6;615;636;6.03;3.27;7.5;
5;6;615;637;4.3;3.27;7.81;
5;6;615;638;7.24;3.27;7.53;
5;6;616;519;8.43;3.18;5.45;
5;6;616;608;9.85;3.18;2.01;
5;6;616;634;7.07;3.18;7.62;
5;6;616;635;6.76;3.18;7.59;
5;6;616;636;7.25;3.18;7.5;
5;6;616;637;6.08;3.18;7.81;
5;6;616;638;9.79;3.18;7.53;
5;6;617;519;6.37;3.71;5.45;
5;6;617;521;7.63;3.71;5.58;
5;6;617;606;9.42;3.71;2.23;
5;6;617;608;9.19;3.71;2.01;
5;6;617;633;7.66;3.71;7.2;
5;6;617;634;5.65;3.71;7.62;
5;6;617;635;7.35;3.71;7.59;
5;6;617;636;9.22;3.71;7.5;
5;6;617;637;7.7;3.71;7.81;
5;6;617;645;6.7;3.71;9.56;
5;6;619;521;6.55;4.47;5.58;
5;6;619;523;9.25;4.47;6.02;
5;6;619;630;7.7;4.47;5.91;
5;6;619;631;7.04;4.47;6.63;
5;6;619;633;7.23;4.47;7.2;
5;6;619;634;8.53;4.47;7.62;
5;6;619;645;4.88;4.47;9.56;
5;6;621;521;10.0;4.23;5.58;
5;6;621;523;8.7;4.23;6.02;
5;6;621;624;7.43;4.23;5.47;
5;6;621;628;8.45;4.23;6.16;
5;6;621;630;4.86;4.23;5.91;
5;6;621;631;6.55;4.23;6.63;
5;6;621;645;9.23;4.23;9.56;
5;6;622;624;9.69;5.17;5.47;
5;6;622;628;8.52;5.17;6.16;
5;6;622;630;6.21;5.17;5.91;
5;6;622;631;6.89;5.17;6.63;
5;6;623;624;9.9;4.93;5.47;
5;6;623;628;7.63;4.93;6.16;
5;6;623;630;8.46;4.93;5.91;
5;6;623;631;9.91;4.93;6.63;
5;6;627;626;9.2;5.97;5.54;
5;6;627;628;7.56;5.97;6.16;
5;6;629;628;8.46;5.91;6.16;
5;6;629;630;8.41;5.91;5.91;
5;6;629;631;8.49;5.91;6.63;
5;6;640;634;8.34;7.65;7.62;
5;6;640;635;5.28;7.65;7.59;
5;6;640;636;6.1;7.65;7.5;
5;6;640;637;9.48;7.65;7.81;
5;6;642;633;6.11;7.69;7.2;
5;6;642;634;5.57;7.69;7.62;
5;6;642;635;5.65;7.69;7.59;
5;6;642;636;9.26;7.69;7.5;
5;6;644;631;7.84;8.64;6.63;
5;6;644;633;8.31;8.64;7.2;
1;6;519;534;9.37;5.45;2.53;
1;6;519;536;8.56;5.45;3.08;
1;6;519;616;9.52;5.45;3.18;
1;6;519;617;7.36;5.45;3.71;
1;6;521;532;7.09;5.58;2.85;
1;6;521;534;8.4;5.58;2.53;
1;6;521;617;8.14;5.58;3.71;
1;6;521;619;6.32;5.58;4.47;
1;6;523;532;7.99;6.02;2.85;
1;6;523;585;9.38;6.02;2.0;
1;6;523;619;8.93;6.02;4.47;
1;6;523;621;8.86;6.02;4.23;
1;6;552;534;8.93;1.89;2.53;
1;6;552;579;9.67;1.89;1.52;
1;6;552;581;7.55;1.89;2.1;
1;6;552;582;5.76;1.89;1.98;
1;6;552;583;6.42;1.89;2.03;
1;6;552;584;9.75;1.89;1.85;
1;6;554;532;9.57;2.4;2.85;
1;6;554;534;9.69;2.4;2.53;
1;6;554;579;9.88;2.4;1.52;
1;6;554;582;7.65;2.4;1.98;
1;6;554;583;5.56;2.4;2.03;
1;6;554;584;6.18;2.4;1.85;
1;6;554;585;7.34;2.4;2.0;
1;6;557;584;8.46;3.45;1.85;
1;6;557;585;7.34;3.45;2.0;
1;6;557;586;7.93;3.45;1.92;
1;6;557;587;9.83;3.45;1.91;
1;6;557;590;8.88;3.45;1.45;
1;6;559;585;7.34;5.75;2.0;
1;6;559;586;5.13;5.75;1.92;
1;6;559;587;4.35;5.75;1.91;
1;6;559;590;5.4;5.75;1.45;
1;6;560;532;9.87;5.29;2.85;
1;6;560;576;9.57;5.29;1.09;
1;6;560;584;8.47;5.29;1.85;
1;6;560;585;6.47;5.29;2.0;
1;6;560;586;3.61;5.29;1.92;
1;6;560;587;4.68;5.29;1.91;
1;6;560;590;3.98;5.29;1.45;
1;6;560;594;7.24;5.29;1.04;
1;6;561;576;8.08;3.67;1.09;
1;6;561;584;8.58;3.67;1.85;
1;6;561;585;7.78;3.67;2.0;
1;6;561;586;6.51;3.67;1.92;
1;6;561;587;8.25;3.67;1.91;
1;6;561;590;5.07;3.67;1.45;
1;6;561;594;6.46;3.67;1.04;
1;6;562;576;5.72;4.09;1.09;
1;6;562;577;8.31;4.09;1.06;
1;6;562;583;8.85;4.09;2.03;
1;6;562;584;5.74;4.09;1.85;
1;6;562;585;6.55;4.09;2.0;
1;6;562;586;6.99;4.09;1.92;
1;6;562;590;8.51;4.09;1.45;
1;6;562;594;8.22;4.09;1.04;
1;6;563;576;7.13;2.96;1.09;
1;6;563;577;8.26;2.96;1.06;
1;6;563;579;8.5;2.96;1.52;
1;6;563;582;8.58;2.96;1.98;
1;6;563;583;6.41;2.96;2.03;
1;6;563;584;4.87;2.96;1.85;
1;6;563;585;6.89;2.96;2.0;
1;6;563;586;9.02;2.96;1.92;
1;6;564;576;7.11;2.49;1.09;
1;6;564;577;7.04;2.49;1.06;
1;6;564;579;6.06;2.49;1.52;
1;6;564;582;7.37;2.49;1.98;
1;6;564;583;6.86;2.49;2.03;
1;6;564;584;6.9;2.49;1.85;
1;6;564;585;9.94;2.49;2.0;
1;6;565;534;9.53;2.19;2.53;
1;6;565;577;9.34;2.19;1.06;
1;6;565;579;5.92;2.19;1.52;
1;6;565;581;8.12;2.19;2.1;
1;6;565;582;4.85;2.19;1.98;
1;6;565;583;5.06;2.19;2.03;
1;6;565;584;7.07;2.19;1.85;
1;6;567;579;8.88;1.19;1.52;
1;6;567;581;7.26;1.19;2.1;
1;6;567;582;6.62;1.19;1.98;
1;6;567;583;8.88;1.19;2.03;
1;6;570;581;8.24;0.97;2.1;
1;6;604;532;8.16;2.84;2.85;
1;6;604;583;8.65;2.84;2.03;
1;6;604;584;8.66;2.84;1.85;
1;6;604;585;7.33;2.84;2.0;
1;6;606;532;9.41;2.23;2.85;
1;6;606;534;7.17;2.23;2.53;
1;6;606;536;9.71;2.23;3.08;
1;6;606;581;8.98;2.23;2.1;
1;6;606;582;7.32;2.23;1.98;
1;6;606;583;6.61;2.23;2.03;
1;6;606;584;9.5;2.23;1.85;
1;6;624;621;8.23;5.47;4.23;
1;6;626;627;8.19;5.54;5.97;
1;6;628;621;9.07;6.16;4.23;
1;6;628;622;8.8;6.16;5.17;
1;6;628;623;8.01;6.16;4.93;
1;6;628;627;7.46;6.16;5.97;
1;6;628;629;7.46;6.16;5.91;
1;6;629;621;8.33;5.91;4.23;
1;6;629;622;8.5;5.91;5.17;
1;6;629;623;9.26;5.91;4.93;
1;6;629;629;7.51;5.91;5.91;
1;6;630;619;7.83;5.91;4.47;
1;6;630;621;5.63;5.91;4.23;
1;6;630;622;6.48;5.91;5.17;
1;6;630;623;8.76;5.91;4.93;
1;6;630;629;7.65;5.91;5.91;
1;6;631;619;7.09;6.63;4.47;
1;6;631;621;7.38;6.63;4.23;
1;6;631;622;7.72;6.63;5.17;
1;6;631;629;8.9;6.63;5.91;
1;6;631;632;8.82;6.63;6.63;
1;6;631;644;7.64;6.63;8.64;
1;6;632;617;8.64;6.63;3.71;
1;6;632;619;5.51;6.63;4.47;
1;6;632;621;9.18;6.63;4.23;
1;6;632;642;8.14;6.63;7.69;
1;6;632;644;7.44;6.63;8.64;
1;6;633;617;7.51;7.2;3.71;
1;6;633;619;7.57;7.2;4.47;
1;6;633;642;5.53;7.2;7.69;
1;6;633;644;8.0;7.2;8.64;
1;6;634;516;8.98;7.62;5.46;
1;6;634;615;8.51;7.62;3.27;
1;6;634;616;6.92;7.62;3.18;
1;6;634;617;5.28;7.62;3.71;
1;6;634;619;8.85;7.62;4.47;
1;6;634;640;8.61;7.62;7.65;
1;6;634;642;5.78;7.62;7.69;
1;6;635;516;6.04;7.59;5.46;
1;6;635;615;6.53;7.59;3.27;
1;6;635;616;6.13;7.59;3.18;
1;6;635;617;6.65;7.59;3.71;
1;6;635;640;5.64;7.59;7.65;
1;6;635;642;5.75;7.59;7.69;
1;6;636;516;7.38;7.5;5.46;
1;6;636;536;9.97;7.5;3.08;
1;6;636;615;5.49;7.5;3.27;
1;6;636;616;7.32;7.5;3.18;
1;6;636;617;9.08;7.5;3.71;
1;6;636;640;6.25;7.5;7.65;
1;6;636;642;9.26;7.5;7.69;
1;6;637;516;9.67;7.81;5.46;
1;6;637;536;8.12;7.81;3.08;
1;6;637;615;5.5;7.81;3.27;
1;6;637;616;6.83;7.81;3.18;
1;6;637;617;7.79;7.81;3.71;
1;6;637;640;9.5;7.81;7.65;
1;6;638;615;8.66;7.53;3.27;
