519;521;7.28;1.58;0.64;
519;536;8.49;1.58;0.32;
519;606;8.75;1.58;0.26;
519;617;8.55;1.58;0.2;
521;523;5.59;0.64;0.52;
521;532;8.33;0.64;0.15;
521;534;8.1;0.64;0.41;
521;604;9.48;0.64;0.36;
521;606;5.91;0.64;0.26;
521;617;7.13;0.64;0.2;
521;619;6.87;0.64;0.72;
523;532;6.91;0.52;0.15;
523;585;9.33;0.52;0.31;
523;604;6.63;0.52;0.36;
523;606;8.19;0.52;0.26;
523;619;7.17;0.52;0.72;
523;621;8.87;0.52;0.18;
523;624;7.62;0.52;0.96;
532;534;6.78;0.15;0.41;
532;559;9.14;0.15;0.52;
532;583;7.1;0.15;0.7;
532;584;6.06;0.15;0.36;
532;585;4.51;0.15;0.31;
532;587;9.08;0.15;0.75;
532;604;9.23;0.15;0.36;
532;617;8.36;0.15;0.2;
532;619;5.11;0.15;0.72;
532;621;8.33;0.15;0.18;
534;536;6.49;0.41;0.32;
534;552;9.78;0.41;0.42;
534;554;9.49;0.41;0.86;
534;565;9.48;0.41;0.68;
534;579;8.63;0.41;0.5;
534;580;9.21;0.41;0.35;
534;581;7.15;0.41;0.51;
534;582;5.64;0.41;0.92;
534;583;4.15;0.41;0.7;
534;584;6.61;0.41;0.36;
534;585;8.79;0.41;0.31;
534;606;7.91;0.41;0.26;
534;617;5.36;0.41;0.2;
534;619;8.85;0.41;0.72;
536;580;8.21;0.32;0.35;
536;581;5.48;0.32;0.51;
536;582;7.8;0.32;0.92;
536;583;9.34;0.32;0.7;
536;606;9.11;0.32;0.26;
536;617;7.17;0.32;0.2;
552;554;6.31;0.42;0.86;
552;564;9.2;0.42;0.46;
552;565;5.63;0.42;0.68;
552;567;4.61;0.42;0.55;
552;570;8.31;0.42;0.36;
552;580;9.68;0.42;0.35;
552;581;6.8;0.42;0.51;
552;582;6.9;0.42;0.92;
552;583;8.51;0.42;0.7;
552;604;8.42;0.42;0.36;
552;606;5.22;0.42;0.26;
554;557;7.65;0.86;0.39;
554;562;8.34;0.86;0.87;
554;563;4.94;0.86;0.96;
554;564;5.67;0.86;0.46;
554;565;4.8;0.86;0.68;
554;567;8.68;0.86;0.55;
554;579;9.17;0.86;0.5;
554;581;9.36;0.86;0.51;
554;582;6.47;0.86;0.92;
554;583;5.96;0.86;0.7;
554;584;7.58;0.86;0.36;
554;585;9.25;0.86;0.31;
554;604;5.49;0.86;0.36;
554;606;8.19;0.86;0.26;
557;559;6.31;0.39;0.52;
557;560;7.31;0.39;2.39;
557;561;4.97;0.39;1.98;
557;562;5.94;0.39;0.87;
557;563;5.74;0.39;0.96;
557;564;9.14;0.39;0.46;
557;583;9.77;0.39;0.7;
557;584;7.77;0.39;0.36;
557;585;7.33;0.39;0.31;
557;604;8.88;0.39;0.36;
559;560;3.85;0.52;2.39;
559;561;5.74;0.52;1.98;
559;562;8.3;0.52;0.87;
559;584;8.13;0.52;0.36;
559;585;5.23;0.52;0.31;
559;587;5.12;0.52;0.75;
559;590;6.09;0.52;2.79;
560;561;3.74;2.39;1.98;
560;562;6.56;2.39;0.87;
560;563;9.57;2.39;0.96;
560;576;8.15;2.39;0.33;
560;584;7.58;2.39;0.36;
560;585;6.13;2.39;0.31;
560;587;5.86;2.39;0.75;
560;590;4.23;2.39;2.79;
560;594;6.96;2.39;1.05;
561;562;3.85;1.98;0.87;
561;563;6.7;1.98;0.96;
561;576;6.41;1.98;0.33;
561;577;9.15;1.98;0.51;
561;584;7.02;1.98;0.36;
561;585;7.05;1.98;0.31;
561;587;9.39;1.98;0.75;
561;590;7.24;1.98;2.79;
561;594;7.7;1.98;1.05;
562;563;3.73;0.87;0.96;
562;564;6.68;0.87;0.46;
562;565;9.5;0.87;0.68;
562;576;4.84;0.87;0.33;
562;577;6.13;0.87;0.51;
562;579;8.37;0.87;0.5;
562;582;9.0;0.87;0.92;
562;583;7.24;0.87;0.7;
562;584;4.85;0.87;0.36;
562;585;6.94;0.87;0.31;
562;594;9.91;0.87;1.05;
563;564;3.75;0.96;0.46;
563;565;6.2;0.96;0.68;
563;576;7.94;0.96;0.33;
563;577;7.88;0.96;0.51;
563;579;7.26;0.96;0.5;
563;582;6.91;0.96;0.92;
563;583;5.98;0.96;0.7;
563;584;5.56;0.96;0.36;
563;585;8.01;0.96;0.31;
563;604;9.21;0.96;0.36;
564;565;3.77;0.46;0.68;
564;567;9.09;0.46;0.55;
564;576;9.41;0.46;0.33;
564;577;8.17;0.46;0.51;
564;579;5.36;0.46;0.5;
564;580;7.8;0.46;0.35;
564;581;8.72;0.46;0.51;
564;582;5.88;0.46;0.92;
564;583;7.13;0.46;0.7;
564;584;8.27;0.46;0.36;
565;567;5.72;0.68;0.55;
565;579;5.93;0.68;0.5;
565;580;6.53;0.68;0.35;
565;581;6.02;0.68;0.51;
565;582;4.2;0.68;0.92;
565;583;6.6;0.68;0.7;
565;584;9.26;0.68;0.36;
565;604;9.87;0.68;0.36;
565;606;9.39;0.68;0.26;
567;570;6.24;0.55;0.36;
567;580;8.94;0.55;0.35;
567;581;7.42;0.55;0.51;
567;582;8.45;0.55;0.92;
567;606;9.73;0.55;0.26;
576;577;3.82;0.33;0.51;
576;579;9.05;0.33;0.5;
576;584;8.06;0.33;0.36;
576;594;7.73;0.33;1.05;
577;579;5.86;0.51;0.5;
577;580;9.4;0.51;0.35;
577;582;8.86;0.51;0.92;
577;583;8.72;0.51;0.7;
577;584;7.72;0.51;0.36;
579;580;3.84;0.5;0.35;
579;581;6.16;0.5;0.51;
579;582;4.33;0.5;0.92;
579;583;6.67;0.5;0.7;
579;584;8.4;0.5;0.36;
580;581;3.85;0.35;0.51;
580;582;5.02;0.35;0.92;
580;583;8.52;0.35;0.7;
581;582;3.89;0.51;0.92;
581;583;7.24;0.51;0.7;
581;606;8.75;0.51;0.26;
582;583;3.78;0.92;0.7;
582;584;7.12;0.92;0.36;
582;606;8.49;0.92;0.26;
583;584;3.79;0.7;0.36;
583;585;6.79;0.7;0.31;
583;604;8.29;0.7;0.36;
583;606;8.24;0.7;0.26;
583;617;9.4;0.7;0.2;
584;585;3.82;0.36;0.31;
584;604;9.23;0.36;0.36;
585;587;7.02;0.31;0.75;
585;590;9.74;0.31;2.79;
585;604;8.77;0.31;0.36;
585;619;9.53;0.31;0.72;
587;590;5.8;0.75;2.79;
590;594;6.18;2.79;1.05;
604;606;7.09;0.36;0.26;
606;617;10.0;0.26;0.2;
617;619;6.96;0.2;0.72;
619;621;6.63;0.72;0.18;
619;631;9.47;0.72;2.38;
621;623;5.95;0.18;0.66;
621;624;9.32;0.18;0.96;
621;628;8.34;0.18;2.18;
621;629;9.52;0.18;1.28;
623;628;8.33;0.66;2.18;
623;629;7.07;0.66;1.28;
624;626;5.4;0.96;1.93;
624;628;5.54;0.96;2.18;
624;629;7.55;0.96;1.28;
626;628;6.07;1.93;2.18;
626;629;9.61;1.93;1.28;
628;629;3.85;2.18;1.28;
628;631;9.68;2.18;2.38;
629;631;6.38;1.28;2.38;
631;633;6.45;2.38;4.97;
631;634;9.3;2.38;5.46;
633;634;6.99;4.97;5.46;
633;635;6.31;4.97;7.21;
634;635;7.41;5.46;7.21;
634;637;7.27;5.46;9.8;
635;637;9.13;7.21;9.8;
