517;519;7.08;0.53;0.32;
517;536;8.61;0.53;0.28;
518;519;3.84;0.21;0.32;
518;617;9.75;0.21;0.12;
518;618;8.13;0.21;0.18;
518;641;6.84;0.21;1.01;
518;643;8.1;0.21;1.11;
518;644;8.58;0.21;1.12;
519;521;7.0;0.32;0.38;
519;534;8.16;0.32;0.25;
519;536;7.29;0.32;0.28;
519;606;7.88;0.32;1.05;
519;617;7.18;0.32;0.12;
519;618;9.72;0.32;0.18;
519;641;8.45;0.32;1.01;
519;643;7.83;0.32;1.11;
519;644;7.72;0.32;1.12;
519;645;9.04;0.32;1.01;
521;523;6.6;0.38;0.71;
521;532;6.66;0.38;0.48;
521;534;7.7;0.38;0.25;
521;583;9.1;0.38;1.95;
521;585;9.5;0.38;0.26;
521;604;8.55;0.38;0.32;
521;606;6.45;0.38;1.05;
521;617;7.92;0.38;0.12;
521;618;7.43;0.38;0.18;
521;619;6.1;0.38;0.84;
521;620;8.82;0.38;0.64;
521;621;9.79;0.38;0.22;
521;643;9.79;0.38;1.11;
521;644;7.98;0.38;1.12;
521;645;6.12;0.38;1.01;
521;646;5.77;0.38;1.3;
523;529;9.51;0.71;0.27;
523;530;6.98;0.71;0.23;
523;532;7.14;0.71;0.48;
523;585;7.8;0.71;0.26;
523;586;9.98;0.71;0.22;
523;604;5.71;0.71;0.32;
523;606;9.69;0.71;1.05;
523;619;8.72;0.71;0.84;
523;620;8.65;0.71;0.64;
523;621;7.63;0.71;0.22;
523;624;7.85;0.71;0.22;
529;530;3.8;0.27;0.23;
529;532;9.63;0.27;0.48;
529;559;8.68;0.27;1.22;
529;586;8.78;0.27;0.22;
529;587;6.13;0.27;0.3;
529;620;6.7;0.27;0.64;
529;621;5.34;0.27;0.22;
529;622;6.14;0.27;0.29;
529;623;6.58;0.27;0.2;
529;646;8.26;0.27;1.3;
530;532;6.17;0.23;0.48;
530;559;7.15;0.23;1.22;
530;560;8.0;0.23;1.91;
530;585;6.6;0.23;0.26;
530;586;5.72;0.23;0.22;
530;587;4.64;0.23;0.3;
530;604;9.75;0.23;0.32;
530;619;8.22;0.23;0.84;
530;620;5.68;0.23;0.64;
530;621;5.67;0.23;0.22;
530;622;8.25;0.23;0.29;
530;623;9.8;0.23;0.2;
532;534;6.85;0.48;0.25;
532;554;9.98;0.48;0.51;
532;560;9.71;0.48;1.91;
532;583;8.47;0.48;1.95;
532;584;6.29;0.48;0.44;
532;585;4.2;0.48;0.26;
532;586;6.17;0.48;0.22;
532;587;8.42;0.48;0.3;
532;604;7.94;0.48;0.32;
532;606;9.39;0.48;1.05;
532;617;8.21;0.48;0.12;
532;618;5.62;0.48;0.18;
532;619;5.29;0.48;0.84;
532;620;6.1;0.48;0.64;
532;621;8.44;0.48;0.22;
534;536;6.51;0.25;0.28;
534;552;9.77;0.25;1.3;
534;579;9.71;0.25;1.13;
534;580;9.37;0.25;0.45;
534;581;7.46;0.25;0.47;
534;582;6.09;0.25;0.29;
534;583;5.69;0.25;1.95;
534;584;7.1;0.25;0.44;
534;585;8.62;0.25;0.26;
534;606;6.98;0.25;1.05;
534;617;5.13;0.25;0.12;
534;618;6.42;0.25;0.18;
534;619;8.86;0.25;0.84;
536;580;8.46;0.28;0.45;
536;581;5.76;0.28;0.47;
536;582;7.72;0.28;0.29;
536;583;9.9;0.28;1.95;
536;606;9.84;0.28;1.05;
536;617;7.32;0.28;0.12;
552;554;6.57;1.3;0.51;
552;564;9.31;1.3;0.62;
552;565;5.52;1.3;0.51;
552;570;8.15;1.3;0.4;
552;579;8.55;1.3;1.13;
552;580;8.84;1.3;0.45;
552;581;7.25;1.3;0.47;
552;582;5.31;1.3;0.29;
552;583;4.83;1.3;1.95;
552;584;9.41;1.3;0.44;
552;604;9.05;1.3;0.32;
552;606;5.59;1.3;1.05;
554;557;7.5;0.51;0.4;
554;562;8.35;0.51;0.35;
554;563;5.0;0.51;1.0;
554;564;5.61;0.51;0.62;
554;565;4.2;0.51;0.51;
554;576;9.54;0.51;1.04;
554;579;9.31;0.51;1.13;
554;582;7.96;0.51;0.29;
554;583;5.05;0.51;1.95;
554;584;5.05;0.51;0.44;
554;585;6.99;0.51;0.26;
554;586;9.91;0.51;0.22;
554;604;5.63;0.51;0.32;
554;606;8.2;0.51;1.05;
557;559;6.35;0.4;1.22;
557;560;6.63;0.4;1.91;
557;561;4.64;0.4;0.41;
557;562;6.07;0.4;0.35;
557;563;5.58;0.4;1.0;
557;564;9.14;0.4;0.62;
557;584;8.4;0.4;0.44;
557;585;7.71;0.4;0.26;
557;586;7.78;0.4;0.22;
557;587;9.49;0.4;0.3;
557;590;8.09;0.4;2.25;
557;604;8.55;0.4;0.32;
559;560;3.93;1.22;1.91;
559;561;5.88;1.22;0.41;
559;562;9.03;1.22;0.35;
559;585;7.87;1.22;0.26;
559;586;5.6;1.22;0.22;
559;587;4.37;1.22;0.3;
559;590;5.26;1.22;2.25;
560;561;3.78;1.91;0.41;
560;562;6.19;1.91;0.35;
560;563;8.54;1.91;1.0;
560;584;8.57;1.91;0.44;
560;585;6.67;1.91;0.26;
560;586;3.55;1.91;0.22;
560;587;4.17;1.91;0.3;
560;590;4.09;1.91;2.25;
560;594;7.57;1.91;1.34;
561;562;3.71;0.41;0.35;
561;563;6.24;0.41;1.0;
561;564;9.77;0.41;0.62;
561;575;8.56;0.41;0.49;
561;576;8.11;0.41;1.04;
561;584;8.72;0.41;0.44;
561;585;8.13;0.41;0.26;
561;586;6.38;0.41;0.22;
561;587;7.87;0.41;0.3;
561;590;4.54;0.41;2.25;
561;594;5.87;0.41;1.34;
562;563;3.72;0.35;1.0;
562;564;6.56;0.35;0.62;
562;565;9.45;0.35;0.51;
562;575;5.92;0.35;0.49;
562;576;4.5;0.35;1.04;
562;577;7.92;0.35;0.45;
562;584;6.83;0.35;0.44;
562;585;7.89;0.35;0.26;
562;586;7.29;0.35;0.22;
562;590;7.84;0.35;2.25;
562;594;6.37;0.35;1.34;
563;564;3.76;1.0;0.62;
563;565;6.15;1.0;0.51;
563;575;8.22;1.0;0.49;
563;576;5.53;1.0;1.04;
563;577;7.76;1.0;0.45;
563;579;9.71;1.0;1.13;
563;583;8.64;1.0;1.95;
563;584;5.56;1.0;0.44;
563;585;7.52;1.0;0.26;
563;586;8.61;1.0;0.22;
563;594;9.97;1.0;1.34;
563;604;9.3;1.0;0.32;
564;565;3.82;0.62;0.51;
564;575;8.61;0.62;0.49;
564;576;5.46;0.62;1.04;
564;577;5.93;0.62;0.45;
564;579;6.64;0.62;1.13;
564;582;8.74;0.62;0.29;
564;583;8.05;0.62;1.95;
564;584;6.9;0.62;0.44;
565;576;8.6;0.51;1.04;
565;577;7.97;0.51;0.45;
565;579;5.58;0.51;1.13;
565;580;8.19;0.51;0.45;
565;581;8.83;0.51;0.47;
565;582;5.77;0.51;0.29;
565;583;5.19;0.51;1.95;
565;584;6.66;0.51;0.44;
565;585;9.91;0.51;0.26;
565;604;9.48;0.51;0.32;
565;606;9.17;0.51;1.05;
570;580;9.08;0.4;0.45;
570;581;7.66;0.4;0.47;
570;582;9.31;0.4;0.29;
575;576;3.88;0.49;1.04;
575;577;6.62;0.49;0.45;
575;594;6.11;0.49;1.34;
576;577;3.71;1.04;0.45;
576;579;8.71;1.04;1.13;
576;584;7.7;1.04;0.44;
576;594;8.28;1.04;1.34;
577;579;5.8;0.45;1.13;
577;580;9.07;0.45;0.45;
577;582;9.52;0.45;0.29;
577;584;8.42;0.45;0.44;
579;580;3.78;1.13;0.45;
579;581;6.56;1.13;0.47;
579;582;5.12;1.13;0.29;
579;583;7.6;1.13;1.95;
579;584;9.06;1.13;0.44;
580;581;3.85;0.45;0.47;
580;582;4.76;0.45;0.29;
580;583;8.49;0.45;1.95;
581;582;3.48;0.47;0.29;
581;583;7.04;0.47;1.95;
581;606;8.37;0.47;1.05;
582;583;3.86;0.29;1.95;
582;584;7.78;0.29;0.44;
582;606;6.74;0.29;1.05;
583;584;5.14;1.95;0.44;
583;585;7.64;1.95;0.26;
583;604;7.13;1.95;0.32;
583;606;4.68;1.95;1.05;
584;585;3.71;0.44;0.26;
584;586;6.37;0.44;0.22;
584;604;7.13;0.44;0.32;
584;606;8.9;0.44;1.05;
585;586;3.74;0.26;0.22;
585;587;7.02;0.26;0.3;
585;604;6.15;0.26;0.32;
585;606;9.93;0.26;1.05;
585;618;9.54;0.26;0.18;
585;619;9.44;0.26;0.84;
585;620;9.41;0.26;0.64;
586;587;3.8;0.22;0.3;
586;590;7.61;0.22;2.25;
586;604;9.34;0.22;0.32;
586;620;9.47;0.22;0.64;
587;590;6.83;0.3;2.25;
587;620;9.24;0.3;0.64;
587;621;9.98;0.3;0.22;
590;594;6.03;2.25;1.34;
604;606;7.23;0.32;1.05;
617;618;3.8;0.12;0.18;
617;619;6.84;0.12;0.84;
618;619;3.78;0.18;0.84;
618;620;6.65;0.18;0.64;
618;644;8.98;0.18;1.12;
619;620;3.76;0.84;0.64;
619;621;6.55;0.84;0.22;
619;622;9.09;0.84;0.29;
619;630;8.06;0.84;0.17;
619;631;8.33;0.84;0.49;
619;644;8.27;0.84;1.12;
620;621;3.81;0.64;0.22;
620;622;5.96;0.64;0.29;
620;623;9.36;0.64;0.2;
620;630;7.59;0.64;0.17;
620;631;8.4;0.64;0.49;
620;644;7.37;0.64;1.12;
620;645;9.21;0.64;1.01;
620;646;7.47;0.64;1.3;
621;622;3.83;0.22;0.29;
621;623;6.55;0.22;0.2;
621;624;7.75;0.22;0.22;
621;628;9.06;0.22;0.69;
621;629;8.83;0.22;0.28;
621;630;9.79;0.22;0.17;
621;631;8.15;0.22;0.49;
621;644;9.79;0.22;1.12;
621;646;7.93;0.22;1.3;
622;623;3.81;0.29;0.2;
622;624;9.57;0.29;0.22;
622;627;8.86;0.29;0.83;
622;628;8.62;0.29;0.69;
622;629;5.44;0.29;0.28;
622;630;6.14;0.29;0.17;
622;631;8.75;0.29;0.49;
622;644;8.82;0.29;1.12;
622;645;8.29;0.29;1.01;
622;646;5.28;0.29;1.3;
623;624;9.86;0.2;0.22;
623;626;9.94;0.2;0.75;
623;627;5.46;0.2;0.83;
623;628;8.19;0.2;0.69;
623;629;5.04;0.2;0.28;
623;630;6.86;0.2;0.17;
623;646;7.25;0.2;1.3;
624;626;5.37;0.22;0.75;
624;628;5.53;0.22;0.69;
624;630;7.54;0.22;0.17;
626;627;8.45;0.75;0.83;
626;628;6.18;0.75;0.69;
627;628;7.72;0.83;0.69;
627;629;6.69;0.83;0.28;
627;630;9.78;0.83;0.17;
628;629;7.69;0.69;0.28;
628;630;6.74;0.69;0.17;
628;631;9.74;0.69;0.49;
629;630;3.85;0.28;0.17;
629;631;6.65;0.28;0.49;
629;645;9.66;0.28;1.01;
629;646;7.7;0.28;1.3;
630;631;3.83;0.17;0.49;
630;632;6.9;0.17;0.54;
630;633;9.77;0.17;0.59;
630;644;8.78;0.17;1.12;
630;645;6.3;0.17;1.01;
630;646;5.27;0.17;1.3;
631;632;3.8;0.49;0.54;
631;633;6.54;0.49;0.59;
631;634;8.46;0.49;0.4;
631;643;9.41;0.49;1.11;
631;644;8.83;0.49;1.12;
631;645;6.01;0.49;1.01;
631;646;7.18;0.49;1.3;
632;633;3.78;0.54;0.59;
632;634;5.84;0.54;0.4;
632;635;9.01;0.54;0.63;
632;636;8.24;0.54;0.97;
632;642;9.29;0.54;1.04;
632;643;6.14;0.54;1.11;
632;644;7.93;0.54;1.12;
632;645;4.85;0.54;1.01;
632;646;7.84;0.54;1.3;
633;634;3.8;0.59;0.4;
633;635;5.91;0.59;0.63;
633;636;6.88;0.59;0.97;
633;637;9.7;0.59;1.0;
633;642;5.69;0.59;1.04;
633;643;7.71;0.59;1.11;
633;644;5.22;0.59;1.12;
633;645;7.64;0.59;1.01;
634;635;3.82;0.4;0.63;
634;636;5.81;0.4;0.97;
634;637;7.52;0.4;1.0;
634;641;8.61;0.4;1.01;
634;642;6.33;0.4;1.04;
634;643;8.61;0.4;1.11;
634;644;7.89;0.4;1.12;
634;645;9.82;0.4;1.01;
635;636;5.52;0.63;0.97;
635;637;5.63;0.63;1.0;
635;638;8.06;0.63;1.3;
635;640;7.71;0.63;0.95;
635;642;4.13;0.63;1.04;
635;644;8.49;0.63;1.12;
636;637;3.88;0.97;1.0;
636;638;5.61;0.97;1.3;
636;641;7.01;0.97;1.01;
636;642;6.77;0.97;1.04;
636;643;6.21;0.97;1.11;
636;644;9.79;0.97;1.12;
637;638;3.9;1.0;1.3;
637;640;8.36;1.0;0.95;
637;641;9.07;1.0;1.01;
637;642;7.87;1.0;1.04;
637;643;9.91;1.0;1.11;
638;640;7.54;1.3;0.95;
638;641;8.46;1.3;1.01;
638;642;8.48;1.3;1.04;
640;642;6.97;0.95;1.04;
641;643;6.11;1.01;1.11;
641;644;9.33;1.01;1.12;
642;644;6.51;1.04;1.12;
643;644;3.86;1.11;1.12;
643;645;5.98;1.11;1.01;
643;646;9.24;1.11;1.3;
644;645;3.9;1.12;1.01;
644;646;5.99;1.12;1.3;
645;646;3.8;1.01;1.3;
