19;20;3.85;5.71;1.11;
19;22;8.22;5.71;0.5;
19;393;9.82;5.71;0.37;
19;439;9.07;5.71;0.42;
20;22;6.46;1.11;0.5;
20;326;9.37;1.11;0.36;
20;393;8.26;1.11;0.37;
20;394;9.16;1.11;0.27;
20;439;8.64;1.11;0.42;
22;324;8.51;0.5;0.4;
22;326;6.43;0.5;0.36;
22;439;9.38;0.5;0.42;
50;51;3.87;0.07;0.11;
50;54;7.76;0.07;0.18;
50;163;6.93;0.07;0.19;
50;167;9.68;0.07;0.16;
50;321;8.89;0.07;0.49;
50;322;10.0;0.07;0.38;
50;496;8.62;0.07;0.26;
50;497;8.23;0.07;0.2;
51;54;5.59;0.11;0.18;
51;163;9.87;0.11;0.19;
51;300;9.76;0.11;0.13;
51;318;8.42;0.11;0.25;
51;320;8.72;0.11;0.33;
51;321;5.1;0.11;0.49;
51;322;6.35;0.11;0.38;
51;323;8.07;0.11;0.3;
51;496;7.99;0.11;0.26;
51;497;6.17;0.11;0.2;
54;56;6.92;0.18;0.25;
54;91;9.03;0.18;0.29;
54;299;8.03;0.18;0.06;
54;300;4.38;0.18;0.13;
54;318;8.56;0.18;0.25;
54;320;6.61;0.18;0.33;
54;321;5.1;0.18;0.49;
54;322;8.34;0.18;0.38;
56;297;7.62;0.25;0.32;
56;299;5.1;0.25;0.06;
56;300;4.6;0.25;0.13;
56;320;5.41;0.25;0.33;
56;321;7.27;0.25;0.49;
56;387;8.23;0.25;0.42;
56;388;9.72;0.25;0.42;
72;74;6.41;0.35;0.19;
72;76;7.8;0.35;0.14;
72;174;8.67;0.35;0.08;
72;318;7.98;0.35;0.25;
72;320;9.93;0.35;0.33;
72;323;9.92;0.35;0.3;
72;324;7.29;0.35;0.4;
74;76;7.0;0.19;0.14;
74;147;7.68;0.19;0.17;
74;174;4.35;0.19;0.08;
74;297;8.37;0.19;0.32;
74;299;7.03;0.19;0.06;
74;300;9.47;0.19;0.13;
74;318;9.59;0.19;0.25;
74;320;9.41;0.19;0.33;
76;147;9.44;0.14;0.17;
76;158;9.69;0.14;0.16;
76;160;9.89;0.14;0.28;
76;169;5.75;0.14;0.08;
76;299;9.83;0.14;0.06;
76;300;9.56;0.14;0.13;
76;318;5.1;0.14;0.25;
76;320;9.68;0.14;0.33;
76;323;9.22;0.14;0.3;
76;324;9.51;0.14;0.4;
90;91;3.87;0.63;0.29;
90;94;5.97;0.63;0.19;
90;158;8.8;0.63;0.16;
90;160;5.6;0.63;0.28;
90;169;9.94;0.63;0.08;
90;300;9.83;0.63;0.13;
91;94;4.91;0.29;0.19;
91;97;9.68;0.29;0.24;
91;158;9.14;0.29;0.16;
91;160;7.4;0.29;0.28;
91;169;9.87;0.29;0.08;
91;299;6.94;0.29;0.06;
91;300;6.4;0.29;0.13;
94;97;5.09;0.19;0.24;
94;147;9.4;0.19;0.17;
94;148;9.27;0.19;0.04;
94;149;8.39;0.19;0.29;
94;158;7.12;0.19;0.16;
94;160;9.28;0.19;0.28;
94;299;8.89;0.19;0.06;
97;99;7.01;0.24;0.31;
97;114;9.58;0.24;0.21;
97;149;7.71;0.24;0.29;
97;150;9.76;0.24;0.39;
97;151;9.92;0.24;1.61;
97;154;6.57;0.24;0.8;
99;148;8.13;0.31;0.04;
99;149;5.87;0.31;0.29;
99;150;5.57;0.31;0.39;
99;151;9.6;0.31;1.61;
99;152;9.53;0.31;2.09;
99;153;5.92;0.31;1.8;
99;154;4.63;0.31;0.8;
114;297;6.36;0.21;0.32;
147;148;3.82;0.17;0.04;
147;149;7.16;0.17;0.29;
147;158;5.79;0.17;0.16;
147;174;6.88;0.17;0.08;
148;149;3.79;0.04;0.29;
148;150;6.52;0.04;0.39;
148;154;9.81;0.04;0.8;
148;158;4.91;0.04;0.16;
149;150;3.76;0.29;0.39;
149;151;9.66;0.29;1.61;
149;152;9.75;0.29;2.09;
149;153;7.57;0.29;1.8;
149;154;6.2;0.29;0.8;
149;158;6.09;0.29;0.16;
150;151;8.18;0.39;1.61;
150;152;7.02;0.39;2.09;
150;153;4.55;0.39;1.8;
150;154;5.24;0.39;0.8;
150;158;9.57;0.39;0.16;
151;152;3.59;1.61;2.09;
151;153;5.78;1.61;1.8;
151;154;5.03;1.61;0.8;
152;153;4.0;2.09;1.8;
152;154;5.86;2.09;0.8;
153;154;3.86;1.8;0.8;
158;160;7.26;0.16;0.28;
158;169;8.5;0.16;0.08;
160;167;8.31;0.28;0.16;
160;169;5.3;0.28;0.08;
163;167;5.56;0.19;0.16;
167;169;6.47;0.16;0.08;
169;318;8.76;0.08;0.25;
174;297;9.29;0.08;0.32;
297;299;5.25;0.32;0.06;
297;300;8.78;0.32;0.13;
299;300;3.78;0.06;0.13;
299;320;7.1;0.06;0.33;
299;321;9.71;0.06;0.49;
300;318;9.63;0.13;0.25;
300;320;6.26;0.13;0.33;
300;321;7.34;0.13;0.49;
318;320;7.09;0.25;0.33;
318;321;7.08;0.25;0.49;
318;322;5.75;0.25;0.38;
318;323;4.22;0.25;0.3;
318;324;5.58;0.25;0.4;
318;326;8.07;0.25;0.36;
318;389;9.78;0.25;0.36;
318;497;9.56;0.25;0.2;
320;321;3.86;0.33;0.49;
320;322;5.63;0.33;0.38;
320;323;8.24;0.33;0.3;
320;324;9.19;0.33;0.4;
320;387;6.16;0.33;0.42;
320;388;6.03;0.33;0.42;
320;389;8.14;0.33;0.36;
320;443;9.95;0.33;0.45;
321;322;3.85;0.49;0.38;
321;323;7.12;0.49;0.3;
321;324;9.55;0.49;0.4;
321;387;7.88;0.49;0.42;
321;388;5.98;0.49;0.42;
321;389;8.15;0.49;0.36;
321;497;7.78;0.49;0.2;
322;323;3.81;0.38;0.3;
322;324;6.28;0.38;0.4;
322;326;8.76;0.38;0.36;
322;387;8.41;0.38;0.42;
322;388;5.35;0.38;0.42;
322;389;5.52;0.38;0.36;
322;391;9.59;0.38;0.32;
322;443;9.37;0.38;0.45;
322;496;8.48;0.38;0.26;
322;497;5.69;0.38;0.2;
323;324;3.83;0.3;0.4;
323;326;5.3;0.3;0.36;
323;388;8.55;0.3;0.42;
323;389;7.11;0.3;0.36;
323;391;8.95;0.3;0.32;
323;496;7.39;0.3;0.26;
323;497;6.35;0.3;0.2;
324;326;6.48;0.4;0.36;
324;388;9.24;0.4;0.42;
324;389;6.79;0.4;0.36;
324;391;8.19;0.4;0.32;
324;441;7.94;0.4;0.51;
324;443;9.47;0.4;0.45;
324;497;9.65;0.4;0.2;
326;391;9.29;0.36;0.32;
326;496;6.4;0.36;0.26;
326;497;7.99;0.36;0.2;
387;388;3.86;0.42;0.42;
387;389;6.66;0.42;0.36;
387;443;6.11;0.42;0.45;
388;389;3.81;0.42;0.36;
388;391;9.85;0.42;0.32;
388;441;9.8;0.42;0.51;
388;443;5.78;0.42;0.45;
388;497;9.15;0.42;0.2;
389;391;6.34;0.36;0.32;
389;441;6.17;0.36;0.51;
389;443;4.3;0.36;0.45;
389;497;8.75;0.36;0.2;
391;393;5.63;0.32;0.37;
391;394;5.61;0.32;0.27;
391;439;6.59;0.32;0.42;
391;441;4.62;0.32;0.51;
391;443;8.49;0.32;0.45;
391;497;9.61;0.32;0.2;
393;394;3.88;0.37;0.27;
393;439;4.74;0.37;0.42;
393;441;8.46;0.37;0.51;
394;439;8.2;0.27;0.42;
394;441;9.88;0.27;0.51;
439;441;6.69;0.42;0.51;
441;443;5.99;0.51;0.45;
496;497;3.87;0.26;0.2;
