1;2;50;163;7.31;1.12;0.74;
1;2;50;167;9.91;1.12;0.57;
1;2;50;321;8.74;1.12;1.31;
1;2;50;322;9.79;1.12;1.13;
1;2;51;318;8.14;0.99;0.74;
1;2;51;319;9.06;0.99;0.92;
1;2;51;320;8.58;0.99;1.25;
1;2;51;321;4.99;0.99;1.31;
1;2;51;322;6.06;0.99;1.13;
1;2;51;323;7.73;0.99;0.93;
1;2;54;76;9.97;0.88;0.58;
1;2;54;318;8.45;0.88;0.74;
1;2;54;319;7.64;0.88;0.92;
1;2;54;320;6.36;0.88;1.25;
1;2;54;321;4.91;0.88;1.31;
1;2;54;322;8.15;0.88;1.13;
1;2;56;319;8.43;0.73;0.92;
1;2;56;320;5.32;0.73;1.25;
1;2;56;321;7.36;0.73;1.31;
1;2;90;158;9.15;0.91;0.67;
1;2;90;160;5.89;0.91;0.64;
1;2;91;158;9.47;0.81;0.67;
1;2;91;160;7.78;0.81;0.64;
1;2;94;147;9.29;0.98;0.65;
1;2;94;149;8.76;0.98;1.01;
1;2;94;158;7.49;0.98;0.67;
1;2;94;160;9.56;0.98;0.64;
1;2;97;149;8.13;0.91;1.01;
1;2;99;149;6.55;1.93;1.01;
1;2;99;150;6.53;1.93;1.26;
1;2;99;151;8.81;1.93;1.59;
1;2;151;149;9.39;1.59;1.01;
1;2;151;150;8.22;1.59;1.26;
1;2;151;151;6.0;1.59;1.59;
1;2;151;152;7.74;1.59;1.89;
1;2;152;149;9.56;1.89;1.01;
1;2;152;150;7.02;1.89;1.26;
1;2;152;151;4.14;1.89;1.59;
1;2;152;152;4.47;1.89;1.89;
1;2;153;149;7.33;1.75;1.01;
1;2;153;150;4.69;1.75;1.26;
1;2;153;151;4.23;1.75;1.59;
1;2;153;152;5.78;1.75;1.89;
1;2;154;149;6.3;1.22;1.01;
1;2;154;150;5.84;1.22;1.26;
1;2;154;151;6.29;1.22;1.59;
1;2;154;152;9.02;1.22;1.89;
1;2;297;74;8.09;0.97;0.76;
1;2;297;174;8.8;0.97;0.84;
1;2;299;74;6.73;0.96;0.76;
1;2;299;76;9.75;0.96;0.58;
1;2;299;174;9.7;0.96;0.84;
1;2;299;319;8.02;0.96;0.92;
1;2;299;320;7.14;0.96;1.25;
1;2;299;321;9.78;0.96;1.31;
1;2;300;74;9.16;0.89;0.76;
1;2;300;76;9.37;0.89;0.58;
1;2;300;318;9.49;0.89;0.74;
1;2;300;319;7.45;0.89;0.92;
1;2;300;320;6.18;0.89;1.25;
1;2;300;321;7.32;0.89;1.31;
1;2;387;319;8.76;0.79;0.92;
1;2;387;320;6.16;0.79;1.25;
1;2;387;321;8.16;0.79;1.31;
1;2;387;322;8.53;0.79;1.13;
1;2;388;318;9.98;0.76;0.74;
1;2;388;319;7.79;0.76;0.92;
1;2;388;320;5.83;0.76;1.25;
1;2;388;321;6.15;0.76;1.31;
1;2;388;322;5.36;0.76;1.13;
1;2;388;323;8.35;0.76;0.93;
1;2;388;324;8.74;0.76;0.82;
1;2;389;318;9.42;0.86;0.74;
1;2;389;319;8.2;0.86;0.92;
1;2;389;320;8.01;0.86;1.25;
1;2;389;321;8.25;0.86;1.31;
1;2;389;322;5.54;0.86;1.13;
1;2;389;323;6.8;0.86;0.93;
1;2;389;324;6.17;0.86;0.82;
1;2;391;22;9.5;0.89;1.27;
1;2;391;322;9.56;0.89;1.13;
1;2;391;323;8.52;0.89;0.93;
1;2;391;324;7.57;0.89;0.82;
1;2;391;326;8.59;0.89;0.8;
1;2;393;19;7.18;0.87;6.55;
1;2;393;20;9.05;0.87;5.23;
1;2;439;19;8.0;1.36;6.55;
1;2;439;20;8.16;1.36;5.23;
1;2;439;22;8.14;1.36;1.27;
1;2;439;67;8.15;1.36;0.91;
1;2;441;67;9.07;0.96;0.91;
1;2;441;323;9.93;0.96;0.93;
1;2;441;324;7.31;0.96;0.82;
1;2;443;320;9.88;0.83;1.25;
1;2;443;322;9.45;0.83;1.13;
1;2;443;324;8.86;0.83;0.82;
1;2;457;202;6.67;1.28;1.54;
1;2;496;322;8.52;1.06;1.13;
1;2;496;323;7.37;1.06;0.93;
1;2;496;326;6.31;1.06;0.8;
1;2;496;327;6.98;1.06;0.67;
1;2;497;318;9.55;0.91;0.74;
1;2;497;321;7.91;0.91;1.31;
1;2;497;322;5.67;0.91;1.13;
1;2;497;323;6.16;0.91;0.93;
1;2;497;324;9.42;0.91;0.82;
1;2;497;326;7.73;0.91;0.8;
1;2;497;327;9.57;0.91;0.67;
