1;2;50;163;9.17;1.08;0.68;
1;2;50;321;8.41;1.08;0.78;
1;2;50;322;9.47;1.08;0.75;
1;2;51;318;8.17;0.81;0.6;
1;2;51;319;8.91;0.81;0.61;
1;2;51;320;8.2;0.81;0.78;
1;2;51;321;4.65;0.81;0.78;
1;2;51;322;5.91;0.81;0.75;
1;2;51;323;7.62;0.81;0.67;
1;2;53;163;9.47;0.72;0.68;
1;2;53;320;8.72;0.72;0.78;
1;2;53;321;6.61;0.72;0.78;
1;2;53;322;9.8;0.72;0.75;
1;2;54;318;8.63;0.72;0.6;
1;2;54;319;7.26;0.72;0.61;
1;2;54;320;5.67;0.72;0.78;
1;2;54;321;5.31;0.72;0.78;
1;2;54;322;8.56;0.72;0.75;
1;2;56;319;8.71;0.61;0.61;
1;2;56;320;5.81;0.61;0.78;
1;2;56;321;8.49;0.61;0.78;
1;2;90;158;9.78;0.65;0.59;
1;2;90;160;6.98;0.65;0.58;
1;2;91;160;8.91;0.62;0.58;
1;2;94;158;8.9;0.65;0.59;
1;2;100;150;6.02;1.04;0.87;
1;2;100;151;8.48;1.04;1.17;
1;2;152;150;8.03;1.2;0.87;
1;2;152;151;5.93;1.2;1.17;
1;2;152;152;5.86;1.2;1.2;
1;2;153;150;6.41;1.0;0.87;
1;2;153;151;6.36;1.0;1.17;
1;2;153;152;7.44;1.0;1.2;
1;2;154;150;7.78;0.76;0.87;
1;2;154;151;8.29;0.76;1.17;
1;2;297;74;9.06;0.7;0.67;
1;2;297;174;9.02;0.7;0.71;
1;2;297;176;8.32;0.7;1.18;
1;2;299;74;6.99;0.73;0.67;
1;2;299;174;9.3;0.73;0.71;
1;2;299;319;8.96;0.73;0.61;
1;2;299;320;8.08;0.73;0.78;
1;2;300;74;8.66;0.66;0.67;
1;2;300;76;9.77;0.66;0.55;
1;2;300;319;7.57;0.66;0.61;
1;2;300;320;6.24;0.66;0.78;
1;2;300;321;8.35;0.66;0.78;
1;2;387;180;9.95;0.62;0.64;
1;2;387;181;9.24;0.62;0.64;
1;2;387;319;8.45;0.62;0.61;
1;2;387;320;6.31;0.62;0.78;
1;2;387;321;8.61;0.62;0.78;
1;2;387;322;8.75;0.62;0.75;
1;2;388;318;9.68;0.62;0.6;
1;2;388;319;7.32;0.62;0.61;
1;2;388;320;5.7;0.62;0.78;
1;2;388;321;6.44;0.62;0.78;
1;2;388;322;5.48;0.62;0.75;
1;2;388;323;8.28;0.62;0.67;
1;2;388;324;8.32;0.62;0.61;
1;2;389;72;9.36;0.67;0.57;
1;2;389;180;9.69;0.67;0.64;
1;2;389;181;9.98;0.67;0.64;
1;2;389;318;8.78;0.67;0.6;
1;2;389;319;7.55;0.67;0.61;
1;2;389;320;7.84;0.67;0.78;
1;2;389;321;8.33;0.67;0.78;
1;2;389;322;5.53;0.67;0.75;
1;2;389;323;6.53;0.67;0.67;
1;2;389;324;5.37;0.67;0.61;
1;2;391;22;8.3;0.65;1.13;
1;2;391;67;8.89;0.65;0.68;
1;2;391;68;9.99;0.65;0.72;
1;2;391;322;9.47;0.65;0.75;
1;2;391;323;8.09;0.65;0.67;
1;2;391;324;6.36;0.65;0.61;
1;2;391;326;8.39;0.65;0.64;
1;2;393;19;8.31;0.72;5.98;
1;2;393;20;7.09;0.72;4.56;
1;2;393;22;8.49;0.72;1.13;
1;2;393;67;9.37;0.72;0.68;
1;2;394;19;8.13;0.65;5.98;
1;2;394;20;8.31;0.65;4.56;
1;2;394;22;9.54;0.65;1.13;
1;2;394;326;9.9;0.65;0.64;
1;2;418;236;7.91;0.56;0.83;
1;2;436;19;9.41;0.78;5.98;
1;2;436;20;9.71;0.78;4.56;
1;2;439;20;8.35;0.94;4.56;
1;2;439;22;8.07;0.94;1.13;
1;2;439;67;5.82;0.94;0.68;
1;2;439;68;7.43;0.94;0.72;
1;2;440;22;9.35;0.86;1.13;
1;2;440;67;5.66;0.86;0.68;
1;2;440;68;5.32;0.86;0.72;
1;2;440;129;9.53;0.86;0.66;
1;2;440;324;9.46;0.86;0.61;
1;2;441;22;9.54;0.7;1.13;
1;2;441;67;7.11;0.7;0.68;
1;2;441;68;6.47;0.7;0.72;
1;2;441;72;9.35;0.7;0.57;
1;2;441;180;8.24;0.7;0.64;
1;2;441;181;9.99;0.7;0.64;
1;2;441;323;9.55;0.7;0.67;
1;2;441;324;6.27;0.7;0.61;
1;2;443;72;9.0;0.63;0.57;
1;2;443;180;6.05;0.63;0.64;
1;2;443;181;7.17;0.63;0.64;
1;2;443;319;9.43;0.63;0.61;
1;2;443;320;9.51;0.63;0.78;
1;2;443;322;9.32;0.63;0.75;
1;2;443;324;8.15;0.63;0.61;
1;2;454;128;6.47;0.69;0.68;
1;2;454;129;8.9;0.69;0.66;
1;2;454;270;6.87;0.69;0.73;
1;2;455;128;5.29;0.8;0.68;
1;2;455;129;6.38;0.8;0.66;
1;2;455;180;7.61;0.8;0.64;
1;2;455;270;10.0;0.8;0.73;
1;2;456;68;9.49;0.89;0.72;
1;2;456;128;4.97;0.89;0.68;
1;2;456;129;4.47;0.89;0.66;
1;2;456;180;9.93;0.89;0.64;
1;2;456;270;9.82;0.89;0.73;
1;2;457;128;6.89;0.88;0.68;
1;2;457;129;6.53;0.88;0.66;
1;2;457;202;7.04;0.88;0.83;
1;2;457;270;8.77;0.88;0.73;
1;2;460;128;9.53;0.71;0.68;
1;2;460;202;6.54;0.71;0.83;
1;2;460;270;7.82;0.71;0.73;
1;2;494;19;8.46;0.77;5.98;
1;2;494;326;9.46;0.77;0.64;
1;2;496;322;8.07;0.81;0.75;
1;2;496;323;6.83;0.81;0.67;
1;2;496;324;9.86;0.81;0.61;
1;2;496;326;5.85;0.81;0.64;
1;2;497;318;9.36;0.74;0.6;
1;2;497;321;7.58;0.74;0.78;
1;2;497;322;5.28;0.74;0.75;
1;2;497;323;5.83;0.74;0.67;
1;2;497;324;8.83;0.74;0.61;
1;2;497;326;7.72;0.74;0.64;
