1;2;50;163;7.02;1.28;0.77;
1;2;50;167;9.75;1.28;0.56;
1;2;50;321;8.94;1.28;1.21;
1;2;50;322;9.8;1.28;1.05;
1;2;51;163;9.36;1.03;0.77;
1;2;51;318;8.17;1.03;0.71;
1;2;51;319;9.26;1.03;0.77;
1;2;51;320;8.73;1.03;1.13;
1;2;51;321;5.16;1.03;1.21;
1;2;51;322;6.11;1.03;1.05;
1;2;51;323;7.83;1.03;0.94;
1;2;54;76;9.82;0.89;0.6;
1;2;54;318;8.35;0.89;0.71;
1;2;54;319;7.67;0.89;0.77;
1;2;54;320;6.34;0.89;1.13;
1;2;54;321;4.93;0.89;1.21;
1;2;54;322;8.09;0.89;1.05;
1;2;56;319;8.37;0.68;0.77;
1;2;56;320;5.25;0.68;1.13;
1;2;56;321;7.31;0.68;1.21;
1;2;90;158;9.52;0.97;0.69;
1;2;90;160;5.92;0.97;0.64;
1;2;91;158;9.54;0.82;0.69;
1;2;91;160;7.48;0.82;0.64;
1;2;94;147;9.95;0.98;0.7;
1;2;94;149;9.09;0.98;1.08;
1;2;94;158;7.71;0.98;0.69;
1;2;94;160;9.35;0.98;0.64;
1;2;151;150;9.27;1.5;1.34;
1;2;151;151;6.69;1.5;1.5;
1;2;151;152;8.13;1.5;2.13;
1;2;152;150;8.02;2.13;1.34;
1;2;152;151;4.89;2.13;1.5;
1;2;152;152;4.79;2.13;2.13;
1;2;153;149;7.66;1.84;1.08;
1;2;153;150;5.29;1.84;1.34;
1;2;153;151;4.09;1.84;1.5;
1;2;153;152;5.68;1.84;2.13;
1;2;154;149;7.1;1.39;1.08;
1;2;154;150;6.76;1.39;1.34;
1;2;154;151;6.44;1.39;1.5;
1;2;154;152;9.11;1.39;2.13;
1;2;297;74;8.15;0.91;0.73;
1;2;297;174;8.94;0.91;0.78;
1;2;299;74;6.86;0.94;0.73;
1;2;299;76;9.81;0.94;0.6;
1;2;299;174;9.92;0.94;0.78;
1;2;299;319;8.22;0.94;0.77;
1;2;299;320;7.2;0.94;1.13;
1;2;299;321;9.85;0.94;1.21;
1;2;300;74;9.17;0.84;0.73;
1;2;300;76;9.38;0.84;0.6;
1;2;300;318;9.59;0.84;0.71;
1;2;300;319;7.58;0.84;0.77;
1;2;300;320;6.18;0.84;1.13;
1;2;300;321;7.37;0.84;1.21;
1;2;387;319;8.17;0.75;0.77;
1;2;387;320;5.86;0.75;1.13;
1;2;387;321;7.94;0.75;1.21;
1;2;387;322;8.24;0.75;1.05;
1;2;388;318;9.35;0.68;0.71;
1;2;388;319;7.32;0.68;0.77;
1;2;388;320;5.73;0.68;1.13;
1;2;388;321;6.05;0.68;1.21;
1;2;388;322;5.06;0.68;1.05;
1;2;388;323;7.84;0.68;0.94;
1;2;388;324;8.13;0.68;0.76;
1;2;389;318;8.6;0.83;0.71;
1;2;389;319;7.63;0.83;0.77;
1;2;389;320;7.93;0.83;1.13;
1;2;389;321;8.22;0.83;1.21;
1;2;389;322;5.37;0.83;1.05;
1;2;389;323;6.14;0.83;0.94;
1;2;389;324;5.24;0.83;0.76;
1;2;389;326;9.86;0.83;0.78;
1;2;391;22;8.27;0.8;1.11;
1;2;391;67;9.76;0.8;0.81;
1;2;391;322;9.57;0.8;1.05;
1;2;391;323;8.01;0.8;0.94;
1;2;391;324;6.8;0.8;0.76;
1;2;391;326;7.77;0.8;0.78;
1;2;393;19;6.22;0.88;6.32;
1;2;393;20;6.99;0.88;4.83;
1;2;393;22;8.72;0.88;1.11;
1;2;394;19;6.84;0.76;6.32;
1;2;394;20;8.96;0.76;4.83;
1;2;394;326;9.52;0.76;0.78;
1;2;439;19;8.77;1.18;6.32;
1;2;439;20;7.17;1.18;4.83;
1;2;439;22;7.47;1.18;1.11;
1;2;439;67;6.96;1.18;0.81;
1;2;440;22;8.62;1.34;1.11;
1;2;440;67;6.36;1.34;0.81;
1;2;440;324;9.35;1.34;0.76;
1;2;441;22;9.12;0.94;1.11;
1;2;441;67;7.6;0.94;0.81;
1;2;441;180;9.17;0.94;0.96;
1;2;441;323;9.26;0.94;0.94;
1;2;441;324;6.24;0.94;0.76;
1;2;443;72;9.87;0.79;0.62;
1;2;443;180;7.52;0.79;0.96;
1;2;443;319;9.34;0.79;0.77;
1;2;443;320;9.32;0.79;1.13;
1;2;443;322;8.99;0.79;1.05;
1;2;443;323;9.85;0.79;0.94;
1;2;443;324;7.79;0.79;0.76;
1;2;454;270;7.02;1.01;1.88;
1;2;455;180;8.8;1.11;0.96;
1;2;455;270;7.94;1.11;1.88;
1;2;457;202;6.93;1.35;1.22;
1;2;496;322;8.62;1.18;1.05;
1;2;496;323;7.44;1.18;0.94;
1;2;496;326;6.19;1.18;0.78;
1;2;496;327;6.72;1.18;0.69;
1;2;497;318;9.39;0.93;0.71;
1;2;497;321;8.04;0.93;1.21;
1;2;497;322;5.69;0.93;1.05;
1;2;497;323;6.06;0.93;0.94;
1;2;497;324;9.31;0.93;0.76;
1;2;497;326;7.47;0.93;0.78;
1;2;497;327;9.2;0.93;0.69;
