1;2;19;393;9.82;7.14;0.83;
1;2;19;439;9.07;7.14;1.38;
1;2;20;393;8.26;6.32;0.83;
1;2;20;394;9.16;6.32;0.79;
1;2;20;439;8.64;6.32;1.38;
1;2;22;439;9.38;1.74;1.38;
1;2;74;297;8.37;0.89;0.78;
1;2;74;299;7.03;0.89;0.78;
1;2;74;300;9.47;0.89;0.71;
1;2;76;299;9.83;0.67;0.78;
1;2;76;300;9.56;0.67;0.71;
1;2;147;94;9.4;0.72;0.8;
1;2;148;94;9.27;0.71;0.8;
1;2;148;99;8.13;0.71;1.25;
1;2;148;154;9.81;0.71;1.06;
1;2;149;94;8.39;0.95;0.8;
1;2;149;97;7.71;0.95;0.74;
1;2;149;99;5.87;0.95;1.25;
1;2;149;151;9.66;0.95;1.46;
1;2;149;152;9.75;0.95;1.75;
1;2;149;153;7.57;0.95;1.41;
1;2;149;154;6.2;0.95;1.06;
1;2;150;97;9.76;1.25;0.74;
1;2;150;99;5.57;1.25;1.25;
1;2;150;151;8.18;1.25;1.46;
1;2;150;152;7.02;1.25;1.75;
1;2;150;153;4.55;1.25;1.41;
1;2;150;154;5.24;1.25;1.06;
1;2;151;99;8.24;1.46;1.25;
1;2;151;151;5.82;1.46;1.46;
1;2;151;152;3.73;1.46;1.75;
1;2;151;153;3.75;1.46;1.41;
1;2;151;154;5.67;1.46;1.06;
1;2;152;151;7.39;1.75;1.46;
1;2;152;152;3.84;1.75;1.75;
1;2;152;153;4.85;1.75;1.41;
1;2;152;154;8.26;1.75;1.06;
1;2;158;90;8.8;0.71;0.82;
1;2;158;91;9.14;0.71;0.73;
1;2;158;94;7.12;0.71;0.8;
1;2;160;90;5.6;0.71;0.82;
1;2;160;91;7.4;0.71;0.73;
1;2;160;94;9.28;0.71;0.8;
1;2;163;50;6.93;0.81;0.95;
1;2;163;51;9.87;0.81;0.82;
1;2;167;50;9.68;0.64;0.95;
1;2;169;90;9.94;0.62;0.82;
1;2;169;91;9.87;0.62;0.73;
1;2;174;297;9.29;0.8;0.78;
1;2;318;51;8.42;0.91;0.82;
1;2;318;54;8.56;0.91;0.68;
1;2;318;300;9.63;0.91;0.71;
1;2;318;389;9.78;0.91;0.79;
1;2;318;497;9.56;0.91;0.82;
1;2;320;51;8.72;1.5;0.82;
1;2;320;54;6.61;1.5;0.68;
1;2;320;56;5.41;1.5;0.63;
1;2;320;299;7.1;1.5;0.78;
1;2;320;300;6.26;1.5;0.71;
1;2;320;387;6.16;1.5;0.7;
1;2;320;388;6.03;1.5;0.69;
1;2;320;389;8.14;1.5;0.79;
1;2;320;443;9.95;1.5;0.79;
1;2;321;50;8.89;1.74;0.95;
1;2;321;51;5.1;1.74;0.82;
1;2;321;54;5.1;1.74;0.68;
1;2;321;56;7.27;1.74;0.63;
1;2;321;299;9.71;1.74;0.78;
1;2;321;300;7.34;1.74;0.71;
1;2;321;387;7.88;1.74;0.7;
1;2;321;388;5.98;1.74;0.69;
1;2;321;389;8.15;1.74;0.79;
1;2;321;497;7.78;1.74;0.82;
1;2;322;50;10.0;1.35;0.95;
1;2;322;51;6.35;1.35;0.82;
1;2;322;54;8.34;1.35;0.68;
1;2;322;387;8.41;1.35;0.7;
1;2;322;388;5.35;1.35;0.69;
1;2;322;389;5.52;1.35;0.79;
1;2;322;391;9.59;1.35;0.83;
1;2;322;443;9.37;1.35;0.79;
1;2;322;496;8.48;1.35;0.96;
1;2;322;497;5.69;1.35;0.82;
1;2;323;51;8.07;1.1;0.82;
1;2;323;388;8.55;1.1;0.69;
1;2;323;389;7.11;1.1;0.79;
1;2;323;391;8.95;1.1;0.83;
1;2;323;496;7.39;1.1;0.96;
1;2;323;497;6.35;1.1;0.82;
1;2;324;388;9.24;0.94;0.69;
1;2;324;389;6.79;0.94;0.79;
1;2;324;391;8.19;0.94;0.83;
1;2;324;441;7.94;0.94;1.0;
1;2;324;443;9.47;0.94;0.79;
1;2;324;497;9.65;0.94;0.82;
1;2;326;391;9.29;0.86;0.83;
1;2;326;496;6.4;0.86;0.96;
1;2;326;497;7.99;0.86;0.82;
