19;20;3.83;3.15;1.53;
19;22;9.13;3.15;0.35;
19;393;7.18;3.15;0.25;
19;439;8.0;3.15;0.36;
20;22;6.28;1.53;0.35;
20;393;9.05;1.53;0.25;
20;439;8.16;1.53;0.36;
22;67;5.98;0.35;0.07;
22;324;8.64;0.35;0.21;
22;326;6.61;0.35;0.15;
22;327;8.54;0.35;0.13;
22;391;9.5;0.35;0.19;
22;439;8.14;0.35;0.36;
50;51;3.87;0.1;0.09;
50;54;7.91;0.1;0.24;
50;163;7.31;0.1;0.14;
50;167;9.91;0.1;0.17;
50;321;8.74;0.1;0.37;
50;322;9.79;0.1;0.08;
50;496;8.63;0.1;0.17;
50;497;8.3;0.1;0.09;
51;54;5.71;0.09;0.24;
51;300;9.81;0.09;0.22;
51;318;8.14;0.09;0.19;
51;319;9.06;0.09;0.19;
51;320;8.58;0.09;0.31;
51;321;4.99;0.09;0.37;
51;322;6.06;0.09;0.08;
51;323;7.73;0.09;0.19;
51;496;7.92;0.09;0.17;
51;497;6.24;0.09;0.09;
54;56;6.95;0.24;0.21;
54;76;9.97;0.24;0.11;
54;91;9.0;0.24;0.32;
54;299;7.99;0.24;0.28;
54;300;4.33;0.24;0.22;
54;318;8.45;0.24;0.19;
54;319;7.64;0.24;0.19;
54;320;6.36;0.24;0.31;
54;321;4.91;0.24;0.37;
54;322;8.15;0.24;0.08;
56;297;7.66;0.21;0.15;
56;299;5.05;0.21;0.28;
56;300;4.72;0.21;0.22;
56;319;8.43;0.21;0.19;
56;320;5.32;0.21;0.31;
56;321;7.36;0.21;0.37;
56;387;8.18;0.21;0.09;
56;388;9.61;0.21;0.06;
67;324;9.19;0.07;0.21;
67;439;8.15;0.07;0.36;
67;441;9.07;0.07;0.24;
72;74;6.38;0.15;0.12;
72;76;7.78;0.15;0.11;
72;174;8.56;0.15;0.21;
72;318;7.99;0.15;0.19;
72;319;6.84;0.15;0.19;
72;320;9.82;0.15;0.31;
72;324;7.48;0.15;0.21;
74;76;6.98;0.12;0.11;
74;147;7.7;0.12;0.2;
74;174;4.3;0.12;0.21;
74;297;8.09;0.12;0.15;
74;299;6.73;0.12;0.28;
74;300;9.16;0.12;0.22;
74;318;9.61;0.12;0.19;
74;319;7.64;0.12;0.19;
74;320;9.52;0.12;0.31;
76;147;9.58;0.11;0.2;
76;158;9.83;0.11;0.08;
76;169;5.79;0.11;0.06;
76;299;9.75;0.11;0.28;
76;300;9.37;0.11;0.22;
76;318;5.04;0.11;0.19;
76;319;6.37;0.11;0.19;
76;320;9.65;0.11;0.31;
76;323;9.24;0.11;0.19;
76;324;9.5;0.11;0.21;
90;91;3.86;0.45;0.32;
90;94;6.11;0.45;0.25;
90;158;9.15;0.45;0.08;
90;160;5.89;0.45;0.13;
90;300;9.72;0.45;0.22;
91;94;4.92;0.32;0.25;
91;97;9.76;0.32;0.2;
91;158;9.47;0.32;0.08;
91;160;7.78;0.32;0.13;
91;299;6.93;0.32;0.28;
91;300;6.33;0.32;0.22;
94;97;5.13;0.25;0.2;
94;147;9.29;0.25;0.2;
94;149;8.76;0.25;0.27;
94;158;7.49;0.25;0.08;
94;160;9.56;0.25;0.13;
94;299;8.81;0.25;0.28;
97;99;6.92;0.2;0.35;
97;114;9.27;0.2;0.22;
97;149;8.13;0.2;0.27;
97;151;9.95;0.2;0.54;
97;154;6.56;0.2;0.37;
99;149;6.55;0.35;0.27;
99;150;6.53;0.35;0.3;
99;151;8.81;0.35;0.54;
99;152;9.11;0.35;0.93;
99;153;5.69;0.35;0.98;
99;154;4.4;0.35;0.37;
114;297;6.41;0.22;0.15;
147;149;7.14;0.2;0.27;
147;150;9.96;0.2;0.3;
147;158;5.59;0.2;0.08;
147;174;6.98;0.2;0.21;
149;150;3.77;0.27;0.3;
149;151;6.79;0.27;0.54;
149;152;9.56;0.27;0.93;
149;153;7.33;0.27;0.98;
149;154;6.3;0.27;0.37;
149;158;6.1;0.27;0.08;
150;151;3.84;0.3;0.54;
150;152;7.02;0.3;0.93;
150;153;4.69;0.3;0.98;
150;154;5.84;0.3;0.37;
150;158;9.55;0.3;0.08;
151;152;3.89;0.54;0.93;
151;153;4.23;0.54;0.98;
151;154;6.29;0.54;0.37;
152;153;5.78;0.93;0.98;
152;154;9.02;0.93;0.37;
153;154;3.88;0.98;0.37;
158;160;7.29;0.08;0.13;
158;169;8.54;0.08;0.06;
160;167;8.35;0.13;0.17;
160;169;5.36;0.13;0.06;
163;167;5.63;0.14;0.17;
167;169;6.46;0.17;0.06;
169;318;8.83;0.06;0.19;
174;297;8.8;0.21;0.15;
174;299;9.7;0.21;0.28;
202;457;6.67;0.13;0.39;
297;299;5.29;0.15;0.28;
297;300;8.88;0.15;0.22;
299;300;3.79;0.28;0.22;
299;319;8.02;0.28;0.19;
299;320;7.14;0.28;0.31;
299;321;9.78;0.28;0.37;
300;318;9.49;0.22;0.19;
300;319;7.45;0.22;0.19;
300;320;6.18;0.22;0.31;
300;321;7.32;0.22;0.37;
318;319;3.81;0.19;0.19;
318;320;7.04;0.19;0.31;
318;321;7.09;0.19;0.37;
318;322;5.74;0.19;0.08;
318;323;4.29;0.19;0.19;
318;324;5.56;0.19;0.21;
318;326;8.13;0.19;0.15;
318;327;9.03;0.19;0.13;
318;388;9.98;0.19;0.06;
318;389;9.42;0.19;0.03;
318;497;9.55;0.19;0.09;
319;320;3.83;0.19;0.31;
319;321;5.78;0.19;0.37;
319;322;5.54;0.19;0.08;
319;323;6.2;0.19;0.19;
319;324;6.46;0.19;0.21;
319;387;8.76;0.19;0.09;
319;388;7.79;0.19;0.06;
319;389;8.2;0.19;0.03;
320;321;3.86;0.31;0.37;
320;322;5.57;0.31;0.08;
320;323;8.2;0.31;0.19;
320;324;9.05;0.31;0.21;
320;387;6.16;0.31;0.09;
320;388;5.83;0.31;0.06;
320;389;8.01;0.31;0.03;
320;443;9.88;0.31;0.07;
321;322;3.83;0.37;0.08;
321;323;7.12;0.37;0.19;
321;324;9.48;0.37;0.21;
321;387;8.16;0.37;0.09;
321;388;6.15;0.37;0.06;
321;389;8.25;0.37;0.03;
321;497;7.91;0.37;0.09;
322;323;3.78;0.08;0.19;
322;324;6.22;0.08;0.21;
322;326;8.73;0.08;0.15;
322;387;8.53;0.08;0.09;
322;388;5.36;0.08;0.06;
322;389;5.54;0.08;0.03;
322;391;9.56;0.08;0.19;
322;443;9.45;0.08;0.07;
322;496;8.52;0.08;0.17;
322;497;5.67;0.08;0.09;
323;324;3.82;0.19;0.21;
323;326;5.28;0.19;0.15;
323;327;7.65;0.19;0.13;
323;388;8.35;0.19;0.06;
323;389;6.8;0.19;0.03;
323;391;8.52;0.19;0.19;
323;441;9.93;0.19;0.24;
323;496;7.37;0.19;0.17;
323;497;6.16;0.19;0.09;
324;326;6.5;0.21;0.15;
324;327;9.42;0.21;0.13;
324;388;8.74;0.21;0.06;
324;389;6.17;0.21;0.03;
324;391;7.57;0.21;0.19;
324;441;7.31;0.21;0.24;
324;443;8.86;0.21;0.07;
324;497;9.42;0.21;0.09;
326;327;3.86;0.15;0.13;
326;391;8.59;0.15;0.19;
326;496;6.31;0.15;0.17;
326;497;7.73;0.15;0.09;
327;496;6.98;0.13;0.17;
327;497;9.57;0.13;0.09;
387;388;3.86;0.09;0.06;
387;389;6.69;0.09;0.03;
387;443;6.09;0.09;0.07;
388;389;3.8;0.06;0.03;
388;391;9.92;0.06;0.19;
388;441;9.8;0.06;0.24;
388;443;5.77;0.06;0.07;
388;497;9.35;0.06;0.09;
389;391;6.38;0.03;0.19;
389;441;6.18;0.03;0.24;
389;443;4.34;0.03;0.07;
389;497;8.78;0.03;0.09;
391;393;5.63;0.19;0.25;
391;439;6.5;0.19;0.36;
391;441;4.61;0.19;0.24;
391;443;8.59;0.19;0.07;
391;497;9.42;0.19;0.09;
393;439;4.7;0.25;0.36;
393;441;8.46;0.25;0.24;
439;441;6.65;0.36;0.24;
441;443;6.03;0.24;0.07;
496;497;3.86;0.17;0.09;
