19;20;3.85;1.16;0.74;
19;22;9.29;1.16;0.61;
19;393;8.31;1.16;0.21;
19;394;8.13;1.16;0.21;
19;436;9.41;1.16;0.28;
19;494;8.46;1.16;0.25;
20;22;6.22;0.74;0.61;
20;67;9.95;0.74;0.39;
20;393;7.09;0.74;0.21;
20;394;8.31;0.74;0.21;
20;436;9.71;0.74;0.28;
20;439;8.35;0.74;0.42;
22;67;6.04;0.61;0.39;
22;68;9.56;0.61;0.19;
22;324;8.66;0.61;0.35;
22;326;6.47;0.61;0.53;
22;391;8.3;0.61;0.24;
22;393;8.49;0.61;0.21;
22;394;9.54;0.61;0.21;
22;439;8.07;0.61;0.42;
22;440;9.35;0.61;0.42;
22;441;9.54;0.61;0.41;
50;51;3.86;0.27;0.23;
50;53;6.74;0.27;0.16;
50;54;9.5;0.27;0.14;
50;163;9.17;0.27;0.39;
50;321;8.41;0.27;0.65;
50;322;9.47;0.27;0.53;
50;496;8.36;0.27;0.26;
50;497;8.03;0.27;0.23;
51;53;5.48;0.23;0.16;
51;54;6.76;0.23;0.14;
51;318;8.17;0.23;0.24;
51;319;8.91;0.23;0.14;
51;320;8.2;0.23;0.39;
51;321;4.65;0.23;0.65;
51;322;5.91;0.23;0.53;
51;323;7.62;0.23;0.43;
51;496;7.97;0.23;0.26;
51;497;6.38;0.23;0.23;
53;54;3.88;0.16;0.14;
53;163;9.47;0.16;0.39;
53;300;8.25;0.16;0.33;
53;320;8.72;0.16;0.39;
53;321;6.61;0.16;0.65;
53;322;9.8;0.16;0.53;
54;56;7.12;0.14;0.43;
54;91;9.05;0.14;0.23;
54;299;8.36;0.14;0.63;
54;300;4.62;0.14;0.33;
54;318;8.63;0.14;0.24;
54;319;7.26;0.14;0.14;
54;320;5.67;0.14;0.39;
54;321;5.31;0.14;0.65;
54;322;8.56;0.14;0.53;
56;297;7.69;0.43;0.49;
56;299;5.02;0.43;0.63;
56;300;4.65;0.43;0.33;
56;319;8.71;0.43;0.14;
56;320;5.81;0.43;0.39;
56;321;8.49;0.43;0.65;
56;387;7.95;0.43;0.44;
56;388;9.74;0.43;0.33;
67;68;3.82;0.39;0.19;
67;324;9.2;0.39;0.35;
67;391;8.89;0.39;0.24;
67;393;9.37;0.39;0.21;
67;439;5.82;0.39;0.42;
67;440;5.66;0.39;0.42;
67;441;7.11;0.39;0.41;
68;72;9.4;0.19;0.16;
68;129;8.38;0.19;0.08;
68;180;9.4;0.19;0.16;
68;324;9.7;0.19;0.35;
68;391;9.99;0.19;0.24;
68;439;7.43;0.19;0.42;
68;440;5.32;0.19;0.42;
68;441;6.47;0.19;0.41;
68;456;9.49;0.19;0.66;
72;74;6.29;0.16;0.08;
72;76;7.79;0.16;0.08;
72;174;8.74;0.16;0.22;
72;180;8.18;0.16;0.16;
72;181;5.68;0.16;0.12;
72;318;7.98;0.16;0.24;
72;319;6.91;0.16;0.14;
72;320;9.93;0.16;0.39;
72;323;9.81;0.16;0.43;
72;324;7.18;0.16;0.35;
72;389;9.36;0.16;0.28;
72;441;9.35;0.16;0.41;
72;443;9.0;0.16;0.42;
74;76;6.9;0.08;0.08;
74;147;7.8;0.08;0.31;
74;174;4.45;0.08;0.22;
74;176;8.22;0.08;0.35;
74;181;8.57;0.08;0.12;
74;297;9.06;0.08;0.49;
74;299;6.99;0.08;0.63;
74;300;8.66;0.08;0.33;
74;318;9.53;0.08;0.24;
74;319;7.46;0.08;0.14;
74;320;9.48;0.08;0.39;
76;147;9.6;0.08;0.31;
76;158;9.8;0.08;0.13;
76;160;9.96;0.08;0.11;
76;169;5.75;0.08;0.13;
76;300;9.77;0.08;0.33;
76;318;5.1;0.08;0.24;
76;319;6.31;0.08;0.14;
76;320;9.65;0.08;0.39;
76;323;9.22;0.08;0.43;
76;324;9.44;0.08;0.35;
90;91;3.86;0.2;0.23;
90;94;6.21;0.2;0.28;
90;158;9.78;0.2;0.13;
90;160;6.98;0.2;0.11;
90;300;9.58;0.2;0.33;
91;94;4.91;0.23;0.28;
91;160;8.91;0.23;0.11;
91;299;6.87;0.23;0.63;
91;300;6.28;0.23;0.33;
94;158;8.9;0.28;0.13;
94;299;8.82;0.28;0.63;
100;150;6.02;0.76;0.59;
100;151;8.48;0.76;0.58;
100;152;8.57;0.76;1.32;
100;153;4.83;0.76;0.81;
100;154;5.27;0.76;0.56;
114;297;6.39;0.5;0.49;
128;129;3.83;0.1;0.08;
128;180;8.48;0.1;0.16;
128;270;8.86;0.1;0.39;
128;454;6.47;0.1;0.48;
128;455;5.29;0.1;0.59;
128;456;4.97;0.1;0.66;
128;457;6.89;0.1;0.78;
128;460;9.53;0.1;0.55;
129;180;8.65;0.08;0.16;
129;440;9.53;0.08;0.42;
129;454;8.9;0.08;0.48;
129;455;6.38;0.08;0.59;
129;456;4.47;0.08;0.66;
129;457;6.53;0.08;0.78;
147;158;5.66;0.31;0.13;
147;174;7.04;0.31;0.22;
150;151;3.8;0.59;0.58;
150;152;6.96;0.59;1.32;
150;153;6.41;0.59;0.81;
150;154;7.78;0.59;0.56;
150;158;9.84;0.59;0.13;
151;152;3.86;0.58;1.32;
151;153;6.36;0.58;0.81;
151;154;8.29;0.58;0.56;
152;153;7.44;1.32;0.81;
152;154;6.02;1.32;0.56;
153;154;3.86;0.81;0.56;
158;160;7.18;0.13;0.11;
158;169;8.5;0.13;0.13;
160;167;8.45;0.11;0.29;
160;169;5.39;0.11;0.13;
163;167;5.66;0.39;0.29;
167;169;6.42;0.29;0.13;
169;318;8.84;0.13;0.24;
174;176;5.98;0.22;0.35;
174;181;9.29;0.22;0.12;
174;297;9.02;0.22;0.49;
174;299;9.3;0.22;0.63;
176;181;7.01;0.35;0.12;
176;297;8.32;0.35;0.49;
180;181;3.86;0.16;0.12;
180;387;9.95;0.16;0.44;
180;389;9.69;0.16;0.28;
180;441;8.24;0.16;0.41;
180;443;6.05;0.16;0.42;
180;455;7.61;0.16;0.59;
180;456;9.93;0.16;0.66;
181;387;9.24;0.12;0.44;
181;389;9.98;0.12;0.28;
181;441;9.99;0.12;0.41;
181;443;7.17;0.12;0.42;
202;270;6.77;0.37;0.39;
202;457;7.04;0.37;0.78;
202;460;6.54;0.37;0.55;
236;418;7.91;0.21;0.88;
270;454;6.87;0.39;0.48;
270;455;10.0;0.39;0.59;
270;456;9.82;0.39;0.66;
270;457;8.77;0.39;0.78;
270;460;7.82;0.39;0.55;
297;299;5.18;0.49;0.63;
297;300;8.82;0.49;0.33;
299;300;3.81;0.63;0.33;
299;319;8.96;0.63;0.14;
299;320;8.08;0.63;0.39;
300;319;7.57;0.33;0.14;
300;320;6.24;0.33;0.39;
300;321;8.35;0.33;0.65;
318;319;3.83;0.24;0.14;
318;320;7.04;0.24;0.39;
318;321;7.17;0.24;0.65;
318;322;5.74;0.24;0.53;
318;323;4.23;0.24;0.43;
318;324;5.59;0.24;0.35;
318;326;8.06;0.24;0.53;
318;388;9.68;0.24;0.33;
318;389;8.78;0.24;0.28;
318;497;9.36;0.24;0.23;
319;320;3.84;0.14;0.39;
319;321;5.86;0.14;0.65;
319;322;5.52;0.14;0.53;
319;323;6.22;0.14;0.43;
319;324;6.63;0.14;0.35;
319;387;8.45;0.14;0.44;
319;388;7.32;0.14;0.33;
319;389;7.55;0.14;0.28;
319;443;9.43;0.14;0.42;
320;321;3.83;0.39;0.65;
320;322;5.53;0.39;0.53;
320;323;8.19;0.39;0.43;
320;324;9.23;0.39;0.35;
320;387;6.31;0.39;0.44;
320;388;5.7;0.39;0.33;
320;389;7.84;0.39;0.28;
320;443;9.51;0.39;0.42;
321;322;3.81;0.65;0.53;
321;323;7.08;0.65;0.43;
321;324;9.52;0.65;0.35;
321;387;8.61;0.65;0.44;
321;388;6.44;0.65;0.33;
321;389;8.33;0.65;0.28;
321;497;7.58;0.65;0.23;
322;323;3.78;0.53;0.43;
322;324;6.17;0.53;0.35;
322;326;8.84;0.53;0.53;
322;387;8.75;0.53;0.44;
322;388;5.48;0.53;0.33;
322;389;5.53;0.53;0.28;
322;391;9.47;0.53;0.24;
322;443;9.32;0.53;0.42;
322;496;8.07;0.53;0.26;
322;497;5.28;0.53;0.23;
323;324;3.8;0.43;0.35;
323;326;5.38;0.43;0.53;
323;388;8.28;0.43;0.33;
323;389;6.53;0.43;0.28;
323;391;8.09;0.43;0.24;
323;441;9.55;0.43;0.41;
323;496;6.83;0.43;0.26;
323;497;5.83;0.43;0.23;
324;326;6.57;0.35;0.53;
324;388;8.32;0.35;0.33;
324;389;5.37;0.35;0.28;
324;391;6.36;0.35;0.24;
324;440;9.46;0.35;0.42;
324;441;6.27;0.35;0.41;
324;443;8.15;0.35;0.42;
324;496;9.86;0.35;0.26;
324;497;8.83;0.35;0.23;
326;391;8.39;0.53;0.24;
326;394;9.9;0.53;0.21;
326;494;9.46;0.53;0.25;
326;496;5.85;0.53;0.26;
326;497;7.72;0.53;0.23;
387;388;3.86;0.44;0.33;
387;389;6.71;0.44;0.28;
387;443;5.72;0.44;0.42;
388;389;3.8;0.33;0.28;
388;391;9.94;0.33;0.24;
388;441;9.9;0.33;0.41;
388;443;5.47;0.33;0.42;
388;497;9.28;0.33;0.23;
389;391;6.37;0.28;0.24;
389;441;6.29;0.28;0.41;
389;443;4.26;0.28;0.42;
389;497;8.62;0.28;0.23;
391;393;5.63;0.24;0.21;
391;394;5.53;0.24;0.21;
391;439;7.28;0.24;0.42;
391;440;6.38;0.24;0.42;
391;441;4.54;0.24;0.41;
391;443;8.71;0.24;0.42;
391;497;9.39;0.24;0.23;
393;394;3.89;0.21;0.21;
393;436;5.55;0.21;0.28;
393;439;4.87;0.21;0.42;
393;440;7.01;0.21;0.42;
393;441;8.24;0.21;0.41;
394;436;7.07;0.21;0.28;
394;439;8.54;0.21;0.42;
394;440;9.87;0.21;0.42;
394;441;9.69;0.21;0.41;
394;494;7.63;0.21;0.25;
436;439;8.56;0.28;0.42;
439;440;3.82;0.42;0.42;
439;441;6.96;0.42;0.41;
440;441;3.86;0.42;0.41;
440;443;9.75;0.42;0.42;
440;455;8.08;0.42;0.59;
440;456;7.99;0.42;0.66;
441;443;6.41;0.41;0.42;
441;455;8.79;0.41;0.59;
443;455;9.51;0.42;0.59;
454;455;3.86;0.48;0.59;
454;456;5.8;0.48;0.66;
454;457;7.5;0.48;0.78;
454;460;5.89;0.48;0.55;
455;456;3.84;0.59;0.66;
455;457;7.24;0.59;0.78;
455;460;7.44;0.59;0.55;
456;457;3.83;0.66;0.78;
456;460;6.2;0.66;0.55;
457;460;5.06;0.78;0.55;
494;496;7.26;0.25;0.26;
494;497;9.46;0.25;0.23;
496;497;3.86;0.26;0.23;
