19;20;3.84;2.03;1.48;
19;22;8.74;2.03;0.79;
19;393;6.22;2.03;0.11;
19;394;6.84;2.03;0.14;
19;439;8.77;2.03;0.24;
20;22;6.25;1.48;0.79;
20;67;9.96;1.48;0.42;
20;393;6.99;1.48;0.11;
20;394;8.96;1.48;0.14;
20;439;7.17;1.48;0.24;
22;67;5.86;0.79;0.42;
22;324;8.55;0.79;0.65;
22;326;6.57;0.79;0.83;
22;327;8.59;0.79;0.72;
22;391;8.27;0.79;0.23;
22;393;8.72;0.79;0.11;
22;439;7.47;0.79;0.24;
22;440;8.62;0.79;0.27;
22;441;9.12;0.79;0.19;
50;51;3.88;0.37;0.42;
50;54;8.3;0.37;0.41;
50;163;7.02;0.37;0.73;
50;167;9.75;0.37;0.51;
50;321;8.94;0.37;0.88;
50;322;9.8;0.37;1.19;
50;496;8.45;0.37;0.33;
50;497;8.14;0.37;0.39;
51;54;5.79;0.42;0.41;
51;163;9.36;0.42;0.73;
51;300;9.99;0.42;0.57;
51;318;8.17;0.42;0.66;
51;319;9.26;0.42;0.7;
51;320;8.73;0.42;0.88;
51;321;5.16;0.42;0.88;
51;322;6.11;0.42;1.19;
51;323;7.83;0.42;0.97;
51;496;8.0;0.42;0.33;
51;497;6.32;0.42;0.39;
54;56;6.98;0.41;0.56;
54;76;9.82;0.41;0.43;
54;91;9.04;0.41;0.37;
54;299;8.01;0.41;0.75;
54;300;4.38;0.41;0.57;
54;318;8.35;0.41;0.66;
54;319;7.67;0.41;0.7;
54;320;6.34;0.41;0.88;
54;321;4.93;0.41;0.88;
54;322;8.09;0.41;1.19;
56;297;7.74;0.56;0.44;
56;299;4.94;0.56;0.75;
56;300;4.61;0.56;0.57;
56;319;8.37;0.56;0.7;
56;320;5.25;0.56;0.88;
56;321;7.31;0.56;0.88;
56;387;8.17;0.56;0.49;
56;388;9.71;0.56;0.39;
67;324;9.21;0.42;0.65;
67;391;9.76;0.42;0.23;
67;439;6.96;0.42;0.24;
67;440;6.36;0.42;0.27;
67;441;7.6;0.42;0.19;
72;74;6.34;0.43;0.46;
72;76;7.69;0.43;0.43;
72;174;8.81;0.43;0.4;
72;180;8.0;0.43;0.59;
72;318;7.93;0.43;0.66;
72;319;6.76;0.43;0.7;
72;320;9.79;0.43;0.88;
72;323;9.96;0.43;0.97;
72;324;7.35;0.43;0.65;
72;443;9.87;0.43;0.35;
74;76;6.99;0.46;0.43;
74;147;8.05;0.46;0.19;
74;174;4.51;0.46;0.4;
74;297;8.15;0.46;0.44;
74;299;6.86;0.46;0.75;
74;300;9.17;0.46;0.57;
74;318;9.59;0.46;0.66;
74;319;7.39;0.46;0.7;
74;320;9.19;0.46;0.88;
76;147;9.62;0.43;0.19;
76;158;9.81;0.43;0.14;
76;160;9.92;0.43;0.51;
76;169;5.67;0.43;0.35;
76;299;9.81;0.43;0.75;
76;300;9.38;0.43;0.57;
76;318;5.1;0.43;0.66;
76;319;6.25;0.43;0.7;
76;320;9.45;0.43;0.88;
76;323;9.22;0.43;0.97;
76;324;9.48;0.43;0.65;
90;91;3.86;0.57;0.37;
90;94;6.06;0.57;0.25;
90;158;9.52;0.57;0.14;
90;160;5.92;0.57;0.51;
90;300;9.76;0.57;0.57;
91;94;4.93;0.37;0.25;
91;158;9.54;0.37;0.14;
91;160;7.48;0.37;0.51;
91;299;6.95;0.37;0.75;
91;300;6.38;0.37;0.57;
94;147;9.95;0.25;0.19;
94;149;9.09;0.25;0.23;
94;158;7.71;0.25;0.14;
94;160;9.35;0.25;0.51;
94;299;8.98;0.25;0.75;
114;297;6.43;0.4;0.44;
147;149;7.18;0.19;0.23;
147;158;5.58;0.19;0.14;
147;174;7.01;0.19;0.4;
149;150;3.78;0.23;0.27;
149;151;6.73;0.23;0.14;
149;153;7.66;0.23;0.52;
149;154;7.1;0.23;0.2;
149;158;6.22;0.23;0.14;
150;151;3.82;0.27;0.14;
150;152;6.93;0.27;0.58;
150;153;5.29;0.27;0.52;
150;154;6.76;0.27;0.2;
150;158;9.7;0.27;0.14;
151;152;3.9;0.14;0.58;
151;153;4.09;0.14;0.52;
151;154;6.44;0.14;0.2;
152;153;5.68;0.58;0.52;
152;154;9.11;0.58;0.2;
153;154;3.87;0.52;0.2;
158;160;7.3;0.14;0.51;
158;169;8.58;0.14;0.35;
160;167;8.38;0.51;0.51;
160;169;5.37;0.51;0.35;
163;167;5.69;0.73;0.51;
167;169;6.43;0.51;0.35;
169;318;8.68;0.35;0.66;
174;297;8.94;0.4;0.44;
174;299;9.92;0.4;0.75;
180;441;9.17;0.59;0.19;
180;443;7.52;0.59;0.35;
180;455;8.8;0.59;0.32;
202;457;6.93;0.5;0.31;
270;454;7.02;0.63;0.25;
270;455;7.94;0.63;0.32;
297;299;5.34;0.44;0.75;
297;300;8.91;0.44;0.57;
299;300;3.75;0.75;0.57;
299;319;8.22;0.75;0.7;
299;320;7.2;0.75;0.88;
299;321;9.85;0.75;0.88;
300;318;9.59;0.57;0.66;
300;319;7.58;0.57;0.7;
300;320;6.18;0.57;0.88;
300;321;7.37;0.57;0.88;
318;319;3.8;0.66;0.7;
318;320;6.94;0.66;0.88;
318;321;7.01;0.66;0.88;
318;322;5.56;0.66;1.19;
318;323;4.22;0.66;0.97;
318;324;5.53;0.66;0.65;
318;326;8.11;0.66;0.83;
318;327;8.95;0.66;0.72;
318;388;9.35;0.66;0.39;
318;389;8.6;0.66;0.4;
318;497;9.39;0.66;0.39;
319;320;3.81;0.7;0.88;
319;321;5.84;0.7;0.88;
319;322;5.57;0.7;1.19;
319;323;6.27;0.7;0.97;
319;324;6.49;0.7;0.65;
319;387;8.17;0.7;0.49;
319;388;7.32;0.7;0.39;
319;389;7.63;0.7;0.4;
319;443;9.34;0.7;0.35;
320;321;3.87;0.88;0.88;
320;322;5.62;0.88;1.19;
320;323;8.25;0.88;0.97;
320;324;9.1;0.88;0.65;
320;387;5.86;0.88;0.49;
320;388;5.73;0.88;0.39;
320;389;7.93;0.88;0.4;
320;443;9.32;0.88;0.35;
321;322;3.83;0.88;1.19;
321;323;7.18;0.88;0.97;
321;324;9.52;0.88;0.65;
321;387;7.94;0.88;0.49;
321;388;6.05;0.88;0.39;
321;389;8.22;0.88;0.4;
321;497;8.04;0.88;0.39;
322;323;3.77;1.19;0.97;
322;324;6.24;1.19;0.65;
322;326;8.68;1.19;0.83;
322;387;8.24;1.19;0.49;
322;388;5.06;1.19;0.39;
322;389;5.37;1.19;0.4;
322;391;9.57;1.19;0.23;
322;443;8.99;1.19;0.35;
322;496;8.62;1.19;0.33;
322;497;5.69;1.19;0.39;
323;324;3.81;0.97;0.65;
323;326;5.24;0.97;0.83;
323;327;7.53;0.97;0.72;
323;388;7.84;0.97;0.39;
323;389;6.14;0.97;0.4;
323;391;8.01;0.97;0.23;
323;441;9.26;0.97;0.19;
323;443;9.85;0.97;0.35;
323;496;7.44;0.97;0.33;
323;497;6.06;0.97;0.39;
324;326;6.52;0.65;0.83;
324;327;9.39;0.65;0.72;
324;388;8.13;0.65;0.39;
324;389;5.24;0.65;0.4;
324;391;6.8;0.65;0.23;
324;440;9.35;0.65;0.27;
324;441;6.24;0.65;0.19;
324;443;7.79;0.65;0.35;
324;497;9.31;0.65;0.39;
326;327;3.83;0.83;0.72;
326;389;9.86;0.83;0.4;
326;391;7.77;0.83;0.23;
326;394;9.52;0.83;0.14;
326;496;6.19;0.83;0.33;
326;497;7.47;0.83;0.39;
327;496;6.72;0.72;0.33;
327;497;9.2;0.72;0.39;
387;388;3.86;0.49;0.39;
387;389;6.69;0.49;0.4;
387;443;5.8;0.49;0.35;
388;389;3.83;0.39;0.4;
388;391;9.92;0.39;0.23;
388;441;9.81;0.39;0.19;
388;443;5.49;0.39;0.35;
388;497;9.25;0.39;0.39;
389;391;6.39;0.4;0.23;
389;440;9.89;0.4;0.27;
389;441;6.15;0.4;0.19;
389;443;4.16;0.4;0.35;
389;497;8.74;0.4;0.39;
391;393;5.64;0.23;0.11;
391;394;5.63;0.23;0.14;
391;439;6.98;0.23;0.24;
391;440;6.15;0.23;0.27;
391;441;4.66;0.23;0.19;
391;443;8.68;0.23;0.35;
391;497;9.45;0.23;0.39;
393;394;3.9;0.11;0.14;
393;439;4.79;0.11;0.24;
393;440;7.03;0.11;0.27;
393;441;8.54;0.11;0.19;
394;439;8.42;0.14;0.24;
394;440;9.85;0.14;0.27;
394;441;9.97;0.14;0.19;
439;440;3.82;0.24;0.27;
439;441;7.02;0.24;0.19;
440;441;3.86;0.27;0.19;
440;443;9.72;0.27;0.35;
440;455;8.08;0.27;0.32;
441;443;6.24;0.19;0.35;
441;455;8.53;0.19;0.32;
443;455;9.48;0.35;0.32;
454;455;3.86;0.25;0.32;
454;457;7.59;0.25;0.31;
455;457;7.31;0.32;0.31;
496;497;3.86;0.33;0.39;
