1;2;73;94;9.71;0.76;0.82;
1;2;73;111;9.2;0.76;1.55;
1;2;73;112;8.57;0.76;1.42;
1;2;73;114;8.81;0.76;0.82;
1;2;73;297;7.86;0.76;0.94;
1;2;73;299;8.72;0.76;0.95;
1;2;74;93;9.61;0.92;0.76;
1;2;74;94;6.02;0.92;0.82;
1;2;74;97;6.98;0.92;0.81;
1;2;74;99;9.22;0.92;1.24;
1;2;74;111;9.21;0.92;1.55;
1;2;74;112;7.56;0.92;1.42;
1;2;74;114;7.17;0.92;0.82;
1;2;74;297;7.63;0.92;0.94;
1;2;74;299;7.27;0.92;0.95;
1;2;76;90;9.0;0.71;0.88;
1;2;76;91;6.69;0.71;0.76;
1;2;76;93;9.22;0.71;0.76;
1;2;76;94;6.55;0.71;0.82;
1;2;76;299;6.33;0.71;0.95;
1;2;76;300;7.39;0.71;0.87;
1;2;105;101;6.63;3.23;2.5;
1;2;105;153;7.86;3.23;1.48;
1;2;147;94;7.79;0.75;0.82;
1;2;147;97;7.27;0.75;0.81;
1;2;147;99;5.18;0.75;1.24;
1;2;147;101;9.55;0.75;2.5;
1;2;147;153;8.79;0.75;1.48;
1;2;147;154;6.79;0.75;1.12;
1;2;147;156;8.94;0.75;0.79;
1;2;148;94;9.78;0.8;0.82;
1;2;148;97;8.5;0.8;0.81;
1;2;148;99;6.63;0.8;1.24;
1;2;148;101;9.6;0.8;2.5;
1;2;148;150;8.13;0.8;1.46;
1;2;148;151;7.03;0.8;1.77;
1;2;148;152;7.43;0.8;1.89;
1;2;148;153;6.34;0.8;1.48;
1;2;148;154;5.24;0.8;1.12;
1;2;148;156;8.23;0.8;0.79;
1;2;149;97;8.43;1.07;0.81;
1;2;149;99;7.36;1.07;1.24;
1;2;149;101;9.79;1.07;2.5;
1;2;149;150;4.28;1.07;1.46;
1;2;149;151;4.45;1.07;1.77;
1;2;149;152;5.66;1.07;1.89;
1;2;149;153;5.18;1.07;1.48;
1;2;149;154;3.58;1.07;1.12;
1;2;149;156;6.44;1.07;0.79;
1;2;150;99;9.47;1.46;1.24;
1;2;150;101;9.6;1.46;2.5;
1;2;150;150;3.88;1.46;1.46;
1;2;150;151;4.02;1.46;1.77;
1;2;150;152;3.47;1.46;1.89;
1;2;150;153;4.05;1.46;1.48;
1;2;150;154;4.86;1.46;1.12;
1;2;150;156;9.32;1.46;0.79;
1;2;151;150;4.92;1.77;1.46;
1;2;151;151;3.91;1.77;1.77;
1;2;151;152;4.31;1.77;1.89;
1;2;151;153;7.27;1.77;1.48;
1;2;151;154;8.77;1.77;1.12;
1;2;155;150;8.71;0.92;1.46;
1;2;155;151;5.1;0.92;1.77;
1;2;155;152;4.71;0.92;1.89;
1;2;155;153;6.81;0.92;1.48;
1;2;155;154;8.74;0.92;1.12;
1;2;158;90;9.33;0.8;0.88;
1;2;158;93;7.19;0.8;0.76;
1;2;158;94;6.64;0.8;0.82;
1;2;158;97;7.57;0.8;0.81;
1;2;158;99;9.86;0.8;1.24;
1;2;158;150;9.9;0.8;1.46;
1;2;158;151;9.36;0.8;1.77;
1;2;158;154;9.2;0.8;1.12;
1;2;158;156;7.51;0.8;0.79;
1;2;160;88;9.83;0.78;0.72;
1;2;160;89;6.52;0.78;0.83;
1;2;160;90;4.14;0.78;0.88;
1;2;160;91;7.68;0.78;0.76;
1;2;160;93;5.97;0.78;0.76;
1;2;160;94;8.38;0.78;0.82;
1;2;162;88;6.3;0.85;0.72;
1;2;162;89;4.55;0.85;0.83;
1;2;162;90;5.55;0.85;0.88;
1;2;162;91;8.26;0.85;0.76;
1;2;163;86;9.98;1.08;0.64;
1;2;163;88;8.21;1.08;0.72;
1;2;163;89;6.61;1.08;0.83;
1;2;163;90;8.88;1.08;0.88;
1;2;163;163;6.75;1.08;1.08;
1;2;167;88;8.24;0.68;0.72;
1;2;167;89;8.0;0.68;0.83;
1;2;167;90;6.68;0.68;0.88;
1;2;167;91;8.53;0.68;0.76;
1;2;169;88;9.39;0.69;0.72;
1;2;169;89;8.48;0.69;0.83;
1;2;169;90;4.92;0.69;0.88;
1;2;169;91;5.79;0.69;0.76;
1;2;169;93;8.22;0.69;0.76;
1;2;169;94;7.98;0.69;0.82;
1;2;169;300;9.66;0.69;0.87;
1;2;173;94;8.15;0.69;0.82;
1;2;173;97;7.72;0.69;0.81;
1;2;173;99;5.48;0.69;1.24;
1;2;173;112;7.66;0.69;1.42;
1;2;173;154;9.6;0.69;1.12;
1;2;174;94;9.01;0.95;0.82;
1;2;174;97;7.83;0.95;0.81;
1;2;174;99;6.89;0.95;1.24;
1;2;174;111;6.85;0.95;1.55;
1;2;174;112;4.82;0.95;1.42;
1;2;174;114;7.83;0.95;0.82;
1;2;174;297;9.88;0.95;0.94;
1;2;176;111;4.17;1.29;1.55;
1;2;176;112;6.43;1.29;1.42;
1;2;176;114;7.63;1.29;0.82;
1;2;176;297;9.1;1.29;0.94;
1;2;181;296;9.62;0.83;0.85;
1;2;181;297;7.63;0.83;0.94;
1;2;318;54;8.58;0.83;0.93;
1;2;318;56;9.09;0.83;0.84;
1;2;318;91;8.85;0.83;0.76;
1;2;318;297;9.81;0.83;0.94;
1;2;318;299;5.24;0.83;0.95;
1;2;318;300;5.64;0.83;0.87;
1;2;319;54;9.26;1.06;0.93;
1;2;319;56;6.61;1.06;0.84;
1;2;319;296;7.54;1.06;0.85;
1;2;319;297;6.55;1.06;0.94;
1;2;319;299;4.06;1.06;0.95;
1;2;319;300;5.95;1.06;0.87;
1;2;320;54;8.67;1.5;0.93;
1;2;320;56;4.2;1.5;0.84;
1;2;320;296;5.28;1.5;0.85;
1;2;320;297;5.59;1.5;0.94;
1;2;320;299;4.23;1.5;0.95;
1;2;320;300;5.53;1.5;0.87;
1;2;321;51;9.46;1.73;1.74;
1;2;321;54;5.38;1.73;0.93;
1;2;321;56;3.97;1.73;0.84;
1;2;321;88;8.49;1.73;0.72;
1;2;321;91;8.31;1.73;0.76;
1;2;321;296;8.62;1.73;0.85;
1;2;321;297;8.87;1.73;0.94;
1;2;321;299;5.15;1.73;0.95;
1;2;321;300;3.33;1.73;0.87;
1;2;322;50;9.44;1.32;2.01;
1;2;322;51;6.73;1.32;1.74;
1;2;322;54;4.56;1.32;0.93;
1;2;322;56;4.18;1.32;0.84;
1;2;322;299;6.87;1.32;0.95;
1;2;322;300;5.1;1.32;0.87;
1;2;323;50;9.09;1.01;2.01;
1;2;323;51;7.06;1.01;1.74;
1;2;323;54;6.45;1.01;0.93;
1;2;323;56;7.62;1.01;0.84;
1;2;323;299;8.32;1.01;0.95;
1;2;323;300;7.02;1.01;0.87;
1;2;326;50;8.4;0.84;2.01;
1;2;326;51;8.05;0.84;1.74;
1;2;326;54;9.34;0.84;0.93;
