50;51;3.86;1.37;1.26;
50;54;6.51;1.37;1.54;
50;322;9.44;1.37;1.32;
50;323;9.09;1.37;1.62;
50;326;8.4;1.37;0.85;
51;54;5.2;1.26;1.54;
51;56;9.0;1.26;2.19;
51;321;9.46;1.26;1.2;
51;322;6.73;1.26;1.32;
51;323;7.06;1.26;1.62;
51;326;8.05;1.26;0.85;
54;56;7.03;1.54;2.19;
54;86;9.9;1.54;0.61;
54;88;8.08;1.54;0.98;
54;91;9.49;1.54;1.28;
54;299;9.2;1.54;1.11;
54;300;5.6;1.54;1.2;
54;318;8.58;1.54;2.29;
54;319;9.26;1.54;2.68;
54;320;8.67;1.54;2.59;
54;321;5.38;1.54;1.2;
54;322;4.56;1.54;1.32;
54;323;6.45;1.54;1.62;
54;326;9.34;1.54;0.85;
56;296;7.66;2.19;1.04;
56;297;9.44;2.19;1.24;
56;299;7.84;2.19;1.11;
56;300;7.04;2.19;1.2;
56;318;9.09;2.19;2.29;
56;319;6.61;2.19;2.68;
56;320;4.2;2.19;2.59;
56;321;3.97;2.19;1.2;
56;322;4.18;2.19;1.32;
56;323;7.62;2.19;1.62;
73;74;3.84;0.82;0.7;
73;76;8.38;0.82;1.18;
73;94;9.71;0.82;1.49;
73;111;9.2;0.82;0.79;
73;112;8.57;0.82;0.71;
73;114;8.81;0.82;0.63;
73;173;5.92;0.82;0.31;
73;174;4.32;0.82;1.34;
73;176;6.95;0.82;1.56;
73;181;5.56;0.82;0.74;
73;297;7.86;0.82;1.24;
73;299;8.72;0.82;1.11;
73;318;9.6;0.82;2.29;
73;319;8.9;0.82;2.68;
74;76;6.84;0.7;1.18;
74;93;9.61;0.7;1.0;
74;94;6.02;0.7;1.49;
74;97;6.98;0.7;1.7;
74;99;9.22;0.7;1.32;
74;111;9.21;0.7;0.79;
74;112;7.56;0.7;0.71;
74;114;7.17;0.7;0.63;
74;147;8.65;0.7;1.48;
74;173;5.1;0.7;0.31;
74;174;4.1;0.7;1.34;
74;176;8.66;0.7;1.56;
74;181;8.82;0.7;0.74;
74;297;7.63;0.7;1.24;
74;299;7.27;0.7;1.11;
74;318;9.55;0.7;2.29;
74;319;9.2;0.7;2.68;
76;90;9.0;1.18;1.51;
76;91;6.69;1.18;1.28;
76;93;9.22;1.18;1.0;
76;94;6.55;1.18;1.49;
76;169;6.43;1.18;1.32;
76;173;9.09;1.18;0.31;
76;299;6.33;1.18;1.11;
76;300;7.39;1.18;1.2;
76;318;5.45;1.18;2.29;
76;319;7.97;1.18;2.68;
76;323;9.77;1.18;1.62;
80;162;9.43;0.32;1.06;
80;167;4.37;0.32;0.42;
80;169;7.99;0.32;1.32;
86;88;6.31;0.61;0.98;
86;89;8.81;0.61;1.3;
86;163;9.98;0.61;1.01;
88;89;3.88;0.98;1.3;
88;90;6.07;0.98;1.51;
88;91;5.19;0.98;1.28;
88;93;9.38;0.98;1.0;
88;160;9.83;0.98;1.04;
88;162;6.3;0.98;1.06;
88;163;8.21;0.98;1.01;
88;167;8.24;0.98;0.42;
88;169;9.39;0.98;1.32;
88;299;9.97;0.98;1.11;
88;300;6.93;0.98;1.2;
88;321;8.49;0.98;1.2;
89;90;3.78;1.3;1.51;
89;91;5.27;1.3;1.28;
89;93;6.97;1.3;1.0;
89;94;9.84;1.3;1.49;
89;160;6.52;1.3;1.04;
89;162;4.55;1.3;1.06;
89;163;6.61;1.3;1.01;
89;167;8.0;1.3;0.42;
89;169;8.48;1.3;1.32;
89;300;9.42;1.3;1.2;
90;91;3.87;1.51;1.28;
90;93;5.49;1.51;1.0;
90;94;7.51;1.51;1.49;
90;158;9.33;1.51;0.88;
90;160;4.14;1.51;1.04;
90;162;5.55;1.51;1.06;
90;163;8.88;1.51;1.01;
90;167;6.68;1.51;0.42;
90;169;4.92;1.51;1.32;
90;300;9.12;1.51;1.2;
91;93;5.85;1.28;1.0;
91;94;6.49;1.28;1.49;
91;160;7.68;1.28;1.04;
91;162;8.26;1.28;1.06;
91;167;8.53;1.28;0.42;
91;169;5.79;1.28;1.32;
91;299;6.82;1.28;1.11;
91;300;5.4;1.28;1.2;
91;318;8.85;1.28;2.29;
91;321;8.31;1.28;1.2;
93;94;3.85;1.0;1.49;
93;97;6.48;1.0;1.7;
93;156;7.47;1.0;1.43;
93;158;7.19;1.0;0.88;
93;160;5.97;1.0;1.04;
93;169;8.22;1.0;1.32;
93;299;9.92;1.0;1.11;
94;97;4.86;1.49;1.7;
94;114;9.94;1.49;0.63;
94;147;7.79;1.49;1.48;
94;148;9.78;1.49;1.37;
94;156;7.73;1.49;1.43;
94;158;6.64;1.49;0.88;
94;160;8.38;1.49;1.04;
94;169;7.98;1.49;1.32;
94;173;8.15;1.49;0.31;
94;174;9.01;1.49;1.34;
94;299;8.21;1.49;1.11;
94;300;9.84;1.49;1.2;
97;99;7.26;1.7;1.32;
97;112;7.67;1.7;0.71;
97;114;8.58;1.7;0.63;
97;147;7.27;1.7;1.48;
97;148;8.5;1.7;1.37;
97;149;8.43;1.7;0.62;
97;154;8.24;1.7;3.91;
97;156;4.17;1.7;1.43;
97;158;7.57;1.7;0.88;
97;173;7.72;1.7;0.31;
97;174;7.83;1.7;1.34;
99;101;5.9;1.32;0.8;
99;112;7.21;1.32;0.71;
99;147;5.18;1.32;1.48;
99;148;6.63;1.32;1.37;
99;149;7.36;1.32;0.62;
99;150;9.47;1.32;1.1;
99;153;7.43;1.32;3.73;
99;154;4.63;1.32;3.91;
99;156;8.83;1.32;1.43;
99;158;9.86;1.32;0.88;
99;173;5.48;1.32;0.31;
99;174;6.89;1.32;1.34;
101;105;6.63;0.8;0.51;
101;147;9.55;0.8;1.48;
101;148;9.6;0.8;1.37;
101;149;9.79;0.8;0.62;
101;150;9.6;0.8;1.1;
101;153;6.17;0.8;3.73;
101;154;6.61;0.8;3.91;
105;153;7.86;0.51;3.73;
111;112;3.83;0.79;0.71;
111;114;5.97;0.79;0.63;
111;174;6.85;0.79;1.34;
111;176;4.17;0.79;1.56;
112;114;6.58;0.71;0.63;
112;173;7.66;0.71;0.31;
112;174;4.82;0.71;1.34;
112;176;6.43;0.71;1.56;
114;174;7.83;0.63;1.34;
114;176;7.63;0.63;1.56;
114;296;8.98;0.63;1.04;
114;297;6.04;0.63;1.24;
114;299;9.7;0.63;1.11;
147;148;3.89;1.48;1.37;
147;149;7.06;1.48;0.62;
147;153;8.79;1.48;3.73;
147;154;6.79;1.48;3.91;
147;155;9.63;1.48;1.75;
147;156;8.94;1.48;1.43;
147;158;5.81;1.48;0.88;
147;173;5.17;1.48;0.31;
147;174;8.44;1.48;1.34;
148;149;3.96;1.37;0.62;
148;150;8.13;1.37;1.1;
148;151;7.03;1.37;1.05;
148;152;7.43;1.37;1.93;
148;153;6.34;1.37;3.73;
148;154;5.24;1.37;3.91;
148;155;6.05;1.37;1.75;
148;156;8.23;1.37;1.43;
148;158;5.11;1.37;0.88;
148;173;8.87;1.37;0.31;
149;150;4.28;0.62;1.1;
149;151;4.45;0.62;1.05;
149;152;5.66;0.62;1.93;
149;153;5.18;0.62;3.73;
149;154;3.58;0.62;3.91;
149;155;6.56;0.62;1.75;
149;156;6.44;0.62;1.43;
149;158;7.02;0.62;0.88;
150;151;3.97;1.1;1.05;
150;152;6.49;1.1;1.93;
150;153;7.53;1.1;3.73;
150;154;6.49;1.1;3.91;
150;155;8.71;1.1;1.75;
150;156;6.99;1.1;1.43;
150;158;9.9;1.1;0.88;
151;152;3.99;1.05;1.93;
151;153;6.65;1.05;3.73;
151;154;7.36;1.05;3.91;
151;155;5.1;1.05;1.75;
151;156;9.6;1.05;1.43;
151;158;9.36;1.05;0.88;
152;153;3.98;1.93;3.73;
152;154;6.8;1.93;3.91;
152;155;4.71;1.93;1.75;
153;154;4.02;3.73;3.91;
153;155;6.81;3.73;1.75;
154;155;8.74;3.91;1.75;
154;156;7.41;3.91;1.43;
154;158;9.2;3.91;0.88;
154;173;9.6;3.91;0.31;
155;158;9.13;1.75;0.88;
156;158;7.51;1.43;0.88;
158;160;7.11;0.88;1.04;
158;169;8.73;0.88;1.32;
158;173;9.99;0.88;0.31;
160;162;7.01;1.04;1.06;
160;163;9.7;1.04;1.01;
160;167;8.54;1.04;0.42;
160;169;6.51;1.04;1.32;
162;163;3.82;1.06;1.01;
162;167;5.19;1.06;0.42;
162;169;8.74;1.06;1.32;
163;167;8.51;1.01;0.42;
167;169;6.39;0.42;1.32;
169;300;9.66;1.32;1.2;
173;174;3.79;0.31;1.34;
174;176;6.38;1.34;1.56;
174;181;8.82;1.34;0.74;
174;297;9.88;1.34;1.24;
176;181;6.57;1.56;0.74;
176;297;9.1;1.56;1.24;
181;296;9.62;0.74;1.04;
181;297;7.63;0.74;1.24;
181;319;9.05;0.74;2.68;
296;297;3.89;1.04;1.24;
296;299;8.05;1.04;1.11;
296;319;7.54;1.04;2.68;
296;320;5.28;1.04;2.59;
296;321;8.62;1.04;1.2;
297;299;6.01;1.24;1.11;
297;300;9.51;1.24;1.2;
297;318;9.81;1.24;2.29;
297;319;6.55;1.24;2.68;
297;320;5.59;1.24;2.59;
297;321;8.87;1.24;1.2;
299;300;3.95;1.11;1.2;
299;318;5.24;1.11;2.29;
299;319;4.06;1.11;2.68;
299;320;4.23;1.11;2.59;
299;321;5.15;1.11;1.2;
299;322;6.87;1.11;1.32;
299;323;8.32;1.11;1.62;
300;318;5.64;1.2;2.29;
300;319;5.95;1.2;2.68;
300;320;5.53;1.2;2.59;
300;321;3.33;1.2;1.2;
300;322;5.1;1.2;1.32;
300;323;7.02;1.2;1.62;
318;319;3.96;2.29;2.68;
318;320;7.03;2.29;2.59;
318;321;7.34;2.29;1.2;
318;322;5.92;2.29;1.32;
318;323;4.62;2.29;1.62;
318;326;7.95;2.29;0.85;
319;320;3.78;2.68;2.59;
319;321;5.93;2.68;1.2;
319;322;5.31;2.68;1.32;
319;323;5.92;2.68;1.62;
320;321;3.76;2.59;1.2;
320;322;5.3;2.59;1.32;
320;323;7.91;2.59;1.62;
321;322;3.96;1.2;1.32;
321;323;7.31;1.2;1.62;
322;323;3.74;1.32;1.62;
322;326;8.5;1.32;0.85;
323;326;5.06;1.62;0.85;
