1;2;12;411;7.02;11.37;1.36;
1;2;14;411;6.99;10.89;1.36;
1;2;14;425;8.26;10.89;0.91;
1;2;16;393;9.99;10.25;2.06;
1;2;16;425;8.73;10.25;0.91;
1;2;16;436;6.36;10.25;1.56;
1;2;16;438;9.14;10.25;2.64;
1;2;17;393;8.52;9.98;2.06;
1;2;17;436;5.98;9.98;1.56;
1;2;17;438;5.81;9.98;2.64;
1;2;17;439;8.38;9.98;3.26;
1;2;19;391;7.99;8.3;2.09;
1;2;19;393;2.96;8.3;2.06;
1;2;19;394;6.4;8.3;1.75;
1;2;19;436;5.48;8.3;1.56;
1;2;19;438;4.29;8.3;2.64;
1;2;19;439;4.25;8.3;3.26;
1;2;19;440;7.63;8.3;3.39;
1;2;20;391;6.55;7.68;2.09;
1;2;20;393;4.38;7.68;2.06;
1;2;20;394;7.98;7.68;1.75;
1;2;20;436;8.58;7.68;1.56;
1;2;20;438;3.49;7.68;2.64;
1;2;20;439;0.56;7.68;3.26;
1;2;20;440;3.8;7.68;3.39;
1;2;20;441;6.82;7.68;2.84;
1;2;21;391;4.69;5.34;2.09;
1;2;21;393;4.93;5.34;2.06;
1;2;21;394;7.01;5.34;1.75;
1;2;21;438;7.23;5.34;2.64;
1;2;21;439;3.77;5.34;3.26;
1;2;21;440;5.11;5.34;3.39;
1;2;21;441;6.03;5.34;2.84;
1;2;22;389;7.44;3.0;2.09;
1;2;22;391;4.92;3.0;2.09;
1;2;22;393;8.11;3.0;2.06;
1;2;22;394;9.55;3.0;1.75;
1;2;22;438;9.63;3.0;2.64;
1;2;22;439;6.25;3.0;3.26;
1;2;22;440;4.83;3.0;3.39;
1;2;22;441;3.59;3.0;2.84;
1;2;22;443;8.61;3.0;2.06;
1;2;67;389;9.82;2.0;2.09;
1;2;67;439;9.81;2.0;3.26;
1;2;67;440;6.72;2.0;3.39;
1;2;67;441;5.77;2.0;2.84;
1;2;67;443;8.15;2.0;2.06;
1;2;72;296;9.54;1.64;1.47;
1;2;72;297;8.74;1.64;2.04;
1;2;72;299;8.5;1.64;2.1;
1;2;73;296;8.75;1.68;1.47;
1;2;73;297;6.54;1.68;2.04;
1;2;73;299;7.32;1.68;2.1;
1;2;74;56;9.38;2.08;1.34;
1;2;74;91;9.23;2.08;1.72;
1;2;74;94;9.08;2.08;1.92;
1;2;74;114;9.85;2.08;2.08;
1;2;74;296;8.76;2.08;1.47;
1;2;74;297;5.8;2.08;2.04;
1;2;74;299;4.66;2.08;2.1;
1;2;74;300;7.86;2.08;2.26;
1;2;76;54;8.91;1.13;1.57;
1;2;76;299;7.9;1.13;2.1;
1;2;76;300;7.7;1.13;2.26;
1;2;80;496;9.05;0.99;2.89;
1;2;147;94;8.93;1.43;1.92;
1;2;148;94;9.74;1.8;1.92;
1;2;150;99;8.89;2.89;2.45;
1;2;150;153;6.82;2.89;3.22;
1;2;150;154;8.66;2.89;2.58;
1;2;158;90;9.71;1.78;2.39;
1;2;158;91;9.7;1.78;1.72;
1;2;158;94;8.62;1.78;1.92;
1;2;160;90;8.12;1.74;2.39;
1;2;160;91;9.39;1.74;1.72;
1;2;163;50;7.23;2.14;2.12;
1;2;167;50;9.29;1.1;2.12;
1;2;169;54;9.99;1.19;1.57;
1;2;174;94;9.56;2.21;1.92;
1;2;174;114;7.9;2.21;2.08;
1;2;174;297;6.72;2.21;2.04;
1;2;174;299;8.31;2.21;2.1;
1;2;176;114;5.92;2.71;2.08;
1;2;176;294;7.35;2.71;1.19;
1;2;176;296;8.13;2.71;1.47;
1;2;176;297;5.82;2.71;2.04;
1;2;177;114;8.64;2.45;2.08;
1;2;177;294;8.15;2.45;1.19;
1;2;177;296;8.72;2.45;1.47;
1;2;177;297;8.05;2.45;2.04;
1;2;181;58;8.81;2.16;1.35;
1;2;181;296;6.85;2.16;1.47;
1;2;181;297;7.04;2.16;2.04;
1;2;181;299;9.9;2.16;2.1;
1;2;314;495;8.8;1.18;2.43;
1;2;314;496;7.54;1.18;2.89;
1;2;318;51;7.72;2.47;1.96;
1;2;318;54;7.02;2.47;1.57;
1;2;318;56;8.7;2.47;1.34;
1;2;318;299;8.77;2.47;2.1;
1;2;318;300;7.48;2.47;2.26;
1;2;318;388;8.76;2.47;1.52;
1;2;318;389;9.17;2.47;2.09;
1;2;318;497;9.78;2.47;2.25;
1;2;319;51;9.55;2.69;1.96;
1;2;319;54;6.71;2.69;1.57;
1;2;319;56;5.36;2.69;1.34;
1;2;319;58;9.77;2.69;1.35;
1;2;319;296;9.17;2.69;1.47;
1;2;319;297;9.34;2.69;2.04;
1;2;319;299;5.81;2.69;2.1;
1;2;319;300;5.45;2.69;2.26;
1;2;319;387;8.15;2.69;1.72;
1;2;319;388;8.27;2.69;1.52;
1;2;319;389;9.84;2.69;2.09;
1;2;320;51;9.72;4.05;1.96;
1;2;320;54;6.09;4.05;1.57;
1;2;320;56;2.09;4.05;1.34;
1;2;320;58;7.4;4.05;1.35;
1;2;320;296;7.78;4.05;1.47;
1;2;320;297;9.11;4.05;2.04;
1;2;320;299;6.02;4.05;2.1;
1;2;320;300;5.02;4.05;2.26;
1;2;320;387;7.29;4.05;1.72;
1;2;320;388;8.09;4.05;1.52;
1;2;321;50;9.24;4.23;2.12;
1;2;321;51;6.15;4.23;1.96;
1;2;321;54;4.34;4.23;1.57;
1;2;321;56;5.47;4.23;1.34;
1;2;321;299;9.08;4.23;2.1;
1;2;321;300;6.39;4.23;2.26;
1;2;321;387;8.68;4.23;1.72;
1;2;321;388;7.74;4.23;1.52;
1;2;321;497;9.77;4.23;2.25;
1;2;322;51;6.59;4.13;1.96;
1;2;322;54;7.25;4.13;1.57;
1;2;322;56;7.41;4.13;1.34;
1;2;322;300;8.88;4.13;2.26;
1;2;322;387;6.55;4.13;1.72;
1;2;322;388;4.48;4.13;1.52;
1;2;322;389;6.88;4.13;2.09;
1;2;322;443;9.81;4.13;2.06;
1;2;322;497;7.7;4.13;2.25;
1;2;323;51;7.34;3.01;1.96;
1;2;323;54;8.97;3.01;1.57;
1;2;323;56;9.91;3.01;1.34;
1;2;323;387;8.1;3.01;1.72;
1;2;323;388;5.53;3.01;1.52;
1;2;323;389;5.48;3.01;2.09;
1;2;323;391;9.99;3.01;2.09;
1;2;323;443;8.99;3.01;2.06;
1;2;323;496;9.46;3.01;2.89;
1;2;323;497;6.96;3.01;2.25;
1;2;324;387;6.63;2.17;1.72;
1;2;324;388;5.41;2.17;1.52;
1;2;324;389;4.6;2.17;2.09;
1;2;324;391;9.71;2.17;2.09;
1;2;324;441;8.23;2.17;2.84;
1;2;324;443;6.37;2.17;2.06;
1;2;326;51;9.51;2.31;1.96;
1;2;326;388;8.09;2.31;1.52;
1;2;326;389;5.66;2.31;2.09;
1;2;326;391;6.38;2.31;2.09;
1;2;326;394;9.85;2.31;1.75;
1;2;326;441;8.13;2.31;2.84;
1;2;326;443;9.62;2.31;2.06;
1;2;326;495;7.68;2.31;2.43;
1;2;326;496;7.18;2.31;2.89;
1;2;326;497;6.04;2.31;2.25;
1;2;327;51;9.74;1.73;1.96;
1;2;327;389;9.41;1.73;2.09;
1;2;327;391;8.88;1.73;2.09;
1;2;327;495;7.0;1.73;2.43;
1;2;327;496;6.02;1.73;2.89;
1;2;327;497;6.94;1.73;2.25;
1;2;328;391;8.62;1.31;2.09;
1;2;328;394;9.67;1.31;1.75;
1;2;328;495;7.04;1.31;2.43;
1;2;328;496;7.69;1.31;2.89;
1;2;328;497;9.49;1.31;2.25;
2;3;12;411;5.33;11.37;1.36;
2;3;12;413;8.95;11.37;0.91;
2;3;12;425;8.82;11.37;0.91;
2;3;14;411;6.98;10.89;1.36;
2;3;14;413;6.86;10.89;0.91;
2;3;14;423;8.27;10.89;0.98;
2;3;14;425;6.32;10.89;0.91;
2;3;14;436;9.46;10.89;1.56;
2;3;15;413;9.47;10.58;0.91;
2;3;15;423;8.11;10.58;0.98;
2;3;15;425;9.11;10.58;0.91;
2;3;15;436;8.53;10.58;1.56;
2;3;15;438;9.75;10.58;2.64;
2;3;16;413;9.95;10.25;0.91;
2;3;16;423;6.69;10.25;0.98;
2;3;16;425;8.12;10.25;0.91;
2;3;16;436;4.74;10.25;1.56;
2;3;16;438;7.43;10.25;2.64;
2;3;17;423;6.54;9.98;0.98;
2;3;17;436;5.65;9.98;1.56;
2;3;17;438;4.59;9.98;2.64;
2;3;17;439;8.01;9.98;3.26;
2;3;17;462;7.25;9.98;1.53;
2;3;18;394;9.83;9.09;1.75;
2;3;18;436;6.63;9.09;1.56;
2;3;18;438;2.05;9.09;2.64;
2;3;18;439;4.32;9.09;3.26;
2;3;18;440;7.33;9.09;3.39;
2;3;18;462;9.54;9.09;1.53;
2;3;19;391;7.06;8.3;2.09;
2;3;19;394;6.5;8.3;1.75;
2;3;19;436;5.33;8.3;1.56;
2;3;19;438;2.82;8.3;2.64;
2;3;19;439;3.9;8.3;3.26;
2;3;19;440;6.01;8.3;3.39;
2;3;19;441;8.58;8.3;2.84;
2;3;20;391;6.45;7.68;2.09;
2;3;20;394;8.78;7.68;1.75;
2;3;20;436;9.18;7.68;1.56;
2;3;20;438;3.74;7.68;2.64;
2;3;20;439;2.95;7.68;3.26;
2;3;20;440;2.25;7.68;3.39;
2;3;20;441;5.58;7.68;2.84;
2;3;20;455;8.32;7.68;3.28;
2;3;21;389;8.43;5.34;2.09;
2;3;21;391;3.47;5.34;2.09;
2;3;21;394;7.21;5.34;1.75;
2;3;21;438;6.8;5.34;2.64;
2;3;21;439;3.92;5.34;3.26;
2;3;21;440;3.19;5.34;3.39;
2;3;21;441;3.8;5.34;2.84;
2;3;21;443;9.42;5.34;2.06;
2;3;22;388;9.98;3.0;1.52;
2;3;22;389;6.33;3.0;2.09;
2;3;22;391;5.13;3.0;2.09;
2;3;22;438;9.9;3.0;2.64;
2;3;22;439;7.12;3.0;3.26;
2;3;22;440;4.33;3.0;3.39;
2;3;22;441;1.64;3.0;2.84;
2;3;22;443;6.61;3.0;2.06;
2;3;22;455;9.37;3.0;3.28;
2;3;24;391;8.04;1.39;2.09;
2;3;24;438;9.33;1.39;2.64;
2;3;24;439;5.62;1.39;3.26;
2;3;24;440;6.45;1.39;3.39;
2;3;24;441;7.5;1.39;2.84;
2;3;67;440;7.72;2.0;3.39;
2;3;67;441;6.6;2.0;2.84;
2;3;67;443;7.83;2.0;2.06;
2;3;67;455;7.76;2.0;3.28;
2;3;72;296;9.21;1.64;1.47;
2;3;72;297;8.15;1.64;2.04;
2;3;72;299;8.68;1.64;2.1;
2;3;73;296;9.16;1.68;1.47;
2;3;73;297;6.65;1.68;2.04;
2;3;73;299;8.03;1.68;2.1;
2;3;74;91;9.69;2.08;1.72;
2;3;74;94;8.88;2.08;1.92;
2;3;74;114;9.07;2.08;2.08;
2;3;74;296;8.97;2.08;1.47;
2;3;74;297;5.71;2.08;2.04;
2;3;74;299;5.45;2.08;2.1;
2;3;74;300;8.83;2.08;2.26;
2;3;76;54;8.93;1.13;1.57;
2;3;76;91;9.91;1.13;1.72;
2;3;76;299;7.08;1.13;2.1;
2;3;76;300;7.3;1.13;2.26;
2;3;80;50;8.15;0.99;2.12;
2;3;80;51;8.19;0.99;1.96;
2;3;80;496;7.29;0.99;2.89;
2;3;80;497;9.27;0.99;2.25;
2;3;147;94;9.35;1.43;1.92;
2;3;150;153;8.23;2.89;3.22;
2;3;158;90;9.83;1.78;2.39;
2;3;158;91;9.83;1.78;1.72;
2;3;158;94;8.83;1.78;1.92;
2;3;160;90;7.59;1.74;2.39;
2;3;160;91;8.7;1.74;1.72;
2;3;163;50;5.62;2.14;2.12;
2;3;163;51;8.49;2.14;1.96;
2;3;163;54;9.8;2.14;1.57;
2;3;167;50;7.49;1.1;2.12;
2;3;167;51;8.41;1.1;1.96;
2;3;169;54;9.11;1.19;1.57;
2;3;169;91;9.82;1.19;1.72;
2;3;169;300;9.38;1.19;2.26;
2;3;174;94;9.74;2.21;1.92;
2;3;174;114;8.18;2.21;2.08;
2;3;174;297;7.76;2.21;2.04;
2;3;174;299;9.42;2.21;2.1;
2;3;176;114;6.1;2.71;2.08;
2;3;176;294;8.81;2.71;1.19;
2;3;176;297;7.46;2.71;2.04;
2;3;177;114;8.54;2.45;2.08;
2;3;177;294;9.48;2.45;1.19;
2;3;177;297;9.43;2.45;2.04;
2;3;181;296;7.57;2.16;1.47;
2;3;181;297;7.15;2.16;2.04;
2;3;312;495;8.31;0.89;2.43;
2;3;312;496;8.07;0.89;2.89;
2;3;314;495;6.9;1.18;2.43;
2;3;314;496;5.48;1.18;2.89;
2;3;314;497;7.86;1.18;2.25;
2;3;318;51;8.57;2.47;1.96;
2;3;318;54;6.99;2.47;1.57;
2;3;318;56;7.35;2.47;1.34;
2;3;318;299;7.44;2.47;2.1;
2;3;318;300;6.68;2.47;2.26;
2;3;318;387;8.9;2.47;1.72;
2;3;318;388;8.15;2.47;1.52;
2;3;318;389;8.97;2.47;2.09;
2;3;319;54;7.62;2.69;1.57;
2;3;319;56;4.62;2.69;1.34;
2;3;319;58;8.58;2.69;1.35;
2;3;319;296;7.42;2.69;1.47;
2;3;319;297;7.55;2.69;2.04;
2;3;319;299;4.62;2.69;2.1;
2;3;319;300;5.43;2.69;2.26;
2;3;319;387;7.93;2.69;1.72;
2;3;319;388;8.85;2.69;1.52;
2;3;320;54;7.57;4.05;1.57;
2;3;320;56;1.13;4.05;1.34;
2;3;320;58;6.0;4.05;1.35;
2;3;320;296;5.58;4.05;1.47;
2;3;320;297;7.11;4.05;2.04;
2;3;320;299;5.0;4.05;2.1;
2;3;320;300;5.36;4.05;2.26;
2;3;320;387;7.7;4.05;1.72;
2;3;320;388;9.38;4.05;1.52;
2;3;321;51;8.33;4.23;1.96;
2;3;321;54;5.18;4.23;1.57;
2;3;321;56;3.32;4.23;1.34;
2;3;321;58;8.52;4.23;1.35;
2;3;321;296;9.46;4.23;1.47;
2;3;321;299;7.65;4.23;2.1;
2;3;321;300;5.63;4.23;2.26;
2;3;321;387;8.01;4.23;1.72;
2;3;321;388;8.14;4.23;1.52;
2;3;322;51;8.56;4.13;1.96;
2;3;322;54;7.65;4.13;1.57;
2;3;322;56;5.54;4.13;1.34;
2;3;322;58;8.35;4.13;1.35;
2;3;322;299;9.33;4.13;2.1;
2;3;322;300;8.19;4.13;2.26;
2;3;322;387;4.94;4.13;1.72;
2;3;322;388;4.47;4.13;1.52;
2;3;322;389;7.6;4.13;2.09;
2;3;322;443;9.47;4.13;2.06;
2;3;322;497;9.95;4.13;2.25;
2;3;323;51;8.4;3.01;1.96;
2;3;323;54;8.86;3.01;1.57;
2;3;323;56;8.31;3.01;1.34;
2;3;323;300;9.51;3.01;2.26;
2;3;323;387;6.14;3.01;1.72;
2;3;323;388;4.29;3.01;1.52;
2;3;323;389;5.24;3.01;2.09;
2;3;323;443;7.94;3.01;2.06;
2;3;323;497;8.47;3.01;2.25;
2;3;324;56;9.36;2.17;1.34;
2;3;324;387;5.34;2.17;1.72;
2;3;324;388;5.37;2.17;1.52;
2;3;324;389;5.4;2.17;2.09;
2;3;324;441;8.86;2.17;2.84;
2;3;324;443;5.81;2.17;2.06;
2;3;326;51;9.67;2.31;1.96;
2;3;326;387;8.94;2.31;1.72;
2;3;326;388;5.74;2.31;1.52;
2;3;326;389;3.31;2.31;2.09;
2;3;326;391;6.27;2.31;2.09;
2;3;326;441;7.17;2.31;2.84;
2;3;326;443;7.41;2.31;2.06;
2;3;326;495;9.34;2.31;2.43;
2;3;326;496;8.85;2.31;2.89;
2;3;326;497;6.61;2.31;2.25;
2;3;327;51;8.92;1.73;1.96;
2;3;327;388;9.18;1.73;1.52;
2;3;327;389;7.06;1.73;2.09;
2;3;327;391;7.49;1.73;2.09;
2;3;327;441;9.38;1.73;2.84;
2;3;327;495;7.27;1.73;2.43;
2;3;327;496;6.35;1.73;2.89;
2;3;327;497;5.83;1.73;2.25;
2;3;328;389;8.84;1.31;2.09;
2;3;328;391;6.21;1.31;2.09;
2;3;328;394;8.13;1.31;1.75;
2;3;328;439;9.99;1.31;3.26;
2;3;328;441;8.95;1.31;2.84;
2;3;328;495;6.29;1.31;2.43;
2;3;328;496;7.1;1.31;2.89;
2;3;328;497;7.89;1.31;2.25;
2;3;329;391;9.25;1.12;2.09;
2;3;329;394;9.09;1.12;1.75;
2;3;329;495;4.99;1.12;2.43;
2;3;329;496;6.06;1.12;2.89;
2;3;329;497;8.64;1.12;2.25;
3;4;12;411;6.78;11.37;1.36;
3;4;14;411;7.78;10.89;1.36;
3;4;14;413;9.05;10.89;0.91;
3;4;19;391;8.72;8.3;2.09;
3;4;19;393;4.79;8.3;2.06;
3;4;19;394;8.63;8.3;1.75;
3;4;19;438;2.34;8.3;2.64;
3;4;19;439;2.71;8.3;3.26;
3;4;19;440;6.16;8.3;3.39;
3;4;19;441;9.42;8.3;2.84;
3;4;20;391;8.32;7.68;2.09;
3;4;20;393;6.95;7.68;2.06;
3;4;20;438;4.08;7.68;2.64;
3;4;20;439;2.39;7.68;3.26;
3;4;20;440;3.28;7.68;3.39;
3;4;20;441;6.96;7.68;2.84;
3;4;20;458;9.05;7.68;2.78;
3;4;21;391;5.91;5.34;2.09;
3;4;21;393;6.28;5.34;2.06;
3;4;21;394;8.93;5.34;1.75;
3;4;21;438;6.72;5.34;2.64;
3;4;21;439;3.06;5.34;3.26;
3;4;21;440;3.56;5.34;3.39;
3;4;21;441;5.3;5.34;2.84;
3;4;22;389;8.38;3.0;2.09;
3;4;22;391;6.67;3.0;2.09;
3;4;22;393;9.44;3.0;2.06;
3;4;22;438;9.79;3.0;2.64;
3;4;22;439;6.63;3.0;3.26;
3;4;22;440;4.44;3.0;3.39;
3;4;22;441;3.62;3.0;2.84;
3;4;22;443;8.52;3.0;2.06;
3;4;67;440;8.48;2.0;3.39;
3;4;67;441;7.84;2.0;2.84;
3;4;67;443;9.66;2.0;2.06;
3;4;72;296;9.96;1.64;1.47;
3;4;72;297;8.6;1.64;2.04;
3;4;72;299;9.18;1.64;2.1;
3;4;73;296;9.76;1.68;1.47;
3;4;73;297;7.1;1.68;2.04;
3;4;73;299;8.49;1.68;2.1;
3;4;74;91;9.9;2.08;1.72;
3;4;74;94;8.85;2.08;1.92;
3;4;74;114;9.08;2.08;2.08;
3;4;74;296;9.44;2.08;1.47;
3;4;74;297;6.11;2.08;2.04;
3;4;74;299;5.94;2.08;2.1;
3;4;74;300;9.23;2.08;2.26;
3;4;76;54;9.87;1.13;1.57;
3;4;76;299;7.79;1.13;2.1;
3;4;76;300;8.23;1.13;2.26;
3;4;80;51;9.88;0.99;1.96;
3;4;80;496;8.29;0.99;2.89;
3;4;147;94;9.3;1.43;1.92;
3;4;148;99;9.57;1.8;2.45;
3;4;149;99;8.69;2.38;2.45;
3;4;149;153;7.81;2.38;3.22;
3;4;149;154;8.42;2.38;2.58;
3;4;150;99;9.6;2.89;2.45;
3;4;150;153;6.83;2.89;3.22;
3;4;150;154;9.06;2.89;2.58;
3;4;158;94;8.77;1.78;1.92;
3;4;160;90;8.03;1.74;2.39;
3;4;160;91;9.06;1.74;1.72;
3;4;163;50;5.8;2.14;2.12;
3;4;163;51;8.47;2.14;1.96;
3;4;167;50;8.88;1.1;2.12;
3;4;167;51;9.53;1.1;1.96;
3;4;174;94;9.7;2.21;1.92;
3;4;174;114;8.01;2.21;2.08;
3;4;174;297;8.03;2.21;2.04;
3;4;174;299;9.73;2.21;2.1;
3;4;176;114;5.88;2.71;2.08;
3;4;176;294;8.73;2.71;1.19;
3;4;176;297;7.47;2.71;2.04;
3;4;177;114;8.36;2.45;2.08;
3;4;177;294;9.32;2.45;1.19;
3;4;177;297;9.3;2.45;2.04;
3;4;181;296;8.03;2.16;1.47;
3;4;181;297;7.35;2.16;2.04;
3;4;314;496;7.62;1.18;2.89;
3;4;314;497;9.95;1.18;2.25;
3;4;318;51;9.17;2.47;1.96;
3;4;318;54;7.97;2.47;1.57;
3;4;318;56;8.52;2.47;1.34;
3;4;318;299;8.01;2.47;2.1;
3;4;318;300;7.56;2.47;2.26;
3;4;318;387;9.65;2.47;1.72;
3;4;318;388;8.81;2.47;1.52;
3;4;318;389;9.1;2.47;2.09;
3;4;319;54;8.01;2.69;1.57;
3;4;319;56;5.66;2.69;1.34;
3;4;319;58;9.39;2.69;1.35;
3;4;319;296;8.11;2.69;1.47;
3;4;319;297;7.93;2.69;2.04;
3;4;319;299;5.09;2.69;2.1;
3;4;319;300;5.97;2.69;2.26;
3;4;319;387;8.23;2.69;1.72;
3;4;319;388;8.92;2.69;1.52;
3;4;320;54;7.34;4.05;1.57;
3;4;320;56;2.02;4.05;1.34;
3;4;320;58;6.51;4.05;1.35;
3;4;320;296;6.1;4.05;1.47;
3;4;320;297;7.34;4.05;2.04;
3;4;320;299;4.95;4.05;2.1;
3;4;320;300;5.28;4.05;2.26;
3;4;320;387;7.17;4.05;1.72;
3;4;320;388;8.62;4.05;1.52;
3;4;321;51;7.48;4.23;1.96;
3;4;321;54;5.03;4.23;1.57;
3;4;321;56;4.06;4.23;1.34;
3;4;321;58;9.03;4.23;1.35;
3;4;321;296;9.89;4.23;1.47;
3;4;321;299;7.7;4.23;2.1;
3;4;321;300;5.72;4.23;2.26;
3;4;321;387;7.5;4.23;1.72;
3;4;321;388;7.19;4.23;1.52;
3;4;322;51;8.31;4.13;1.96;
3;4;322;54;8.03;4.13;1.57;
3;4;322;56;6.59;4.13;1.34;
3;4;322;58;9.3;4.13;1.35;
3;4;322;299;9.59;4.13;2.1;
3;4;322;300;8.59;4.13;2.26;
3;4;322;387;5.04;4.13;1.72;
3;4;322;388;3.88;4.13;1.52;
3;4;322;389;6.36;4.13;2.09;
3;4;322;443;8.56;4.13;2.06;
3;4;322;497;9.17;4.13;2.25;
3;4;323;51;8.95;3.01;1.96;
3;4;323;54;9.7;3.01;1.57;
3;4;323;56;9.49;3.01;1.34;
3;4;323;387;7.17;3.01;1.72;
3;4;323;388;5.29;3.01;1.52;
3;4;323;389;5.07;3.01;2.09;
3;4;323;391;10.0;3.01;2.09;
3;4;323;441;9.5;3.01;2.84;
3;4;323;443;7.85;3.01;2.06;
3;4;323;497;8.55;3.01;2.25;
3;4;324;387;6.81;2.17;1.72;
3;4;324;388;6.61;2.17;1.52;
3;4;324;389;5.79;2.17;2.09;
3;4;324;441;8.25;2.17;2.84;
3;4;324;443;6.2;2.17;2.06;
3;4;326;388;7.51;2.31;1.52;
3;4;326;389;4.6;2.31;2.09;
3;4;326;391;5.89;2.31;2.09;
3;4;326;440;9.47;2.31;3.39;
3;4;326;441;6.5;2.31;2.84;
3;4;326;443;8.02;2.31;2.06;
3;4;326;496;9.17;2.31;2.89;
3;4;326;497;7.75;2.31;2.25;
3;4;327;389;8.25;1.73;2.09;
3;4;327;391;7.81;1.73;2.09;
3;4;327;441;9.34;1.73;2.84;
3;4;327;496;7.49;1.73;2.89;
3;4;327;497;7.74;1.73;2.25;
3;4;328;391;7.44;1.31;2.09;
3;4;328;393;9.45;1.31;2.06;
3;4;328;394;9.36;1.31;1.75;
3;4;328;439;9.46;1.31;3.26;
3;4;328;441;9.38;1.31;2.84;
3;4;328;496;8.95;1.31;2.89;
3;4;329;496;8.46;1.12;2.89;
4;5;12;411;6.5;11.37;1.36;
4;5;14;411;6.44;10.89;1.36;
4;5;14;425;8.05;10.89;0.91;
4;5;17;393;8.73;9.98;2.06;
4;5;17;436;5.97;9.98;1.56;
4;5;17;438;5.76;9.98;2.64;
4;5;17;439;8.52;9.98;3.26;
4;5;19;391;8.02;8.3;2.09;
4;5;19;393;2.97;8.3;2.06;
4;5;19;394;6.5;8.3;1.75;
4;5;19;436;5.31;8.3;1.56;
4;5;19;438;3.94;8.3;2.64;
4;5;19;439;4.16;8.3;3.26;
4;5;19;440;7.48;8.3;3.39;
4;5;20;391;6.66;7.68;2.09;
4;5;20;393;4.47;7.68;2.06;
4;5;20;394;8.1;7.68;1.75;
4;5;20;436;8.54;7.68;1.56;
4;5;20;438;3.29;7.68;2.64;
4;5;20;439;0.73;7.68;3.26;
4;5;20;440;3.68;7.68;3.39;
4;5;20;441;6.83;7.68;2.84;
4;5;21;389;9.79;5.34;2.09;
4;5;21;391;4.44;5.34;2.09;
4;5;21;393;4.72;5.34;2.06;
4;5;21;394;6.88;5.34;1.75;
4;5;21;438;7.01;5.34;2.64;
4;5;21;439;3.61;5.34;3.26;
4;5;21;440;4.78;5.34;3.39;
4;5;21;441;5.77;5.34;2.84;
4;5;22;389;7.19;3.0;2.09;
4;5;22;391;4.76;3.0;2.09;
4;5;22;393;8.04;3.0;2.06;
4;5;22;394;9.5;3.0;1.75;
4;5;22;438;9.53;3.0;2.64;
4;5;22;439;6.27;3.0;3.26;
4;5;22;440;4.59;3.0;3.39;
4;5;22;441;3.2;3.0;2.84;
4;5;22;443;8.32;3.0;2.06;
4;5;67;389;9.76;2.0;2.09;
4;5;67;440;6.85;2.0;3.39;
4;5;67;441;5.79;2.0;2.84;
4;5;67;443;7.95;2.0;2.06;
4;5;72;296;9.39;1.64;1.47;
4;5;72;297;8.53;1.64;2.04;
4;5;72;299;8.39;1.64;2.1;
4;5;73;296;8.71;1.68;1.47;
4;5;73;297;6.4;1.68;2.04;
4;5;73;299;7.26;1.68;2.1;
4;5;74;56;9.36;2.08;1.34;
4;5;74;91;9.11;2.08;1.72;
4;5;74;94;8.89;2.08;1.92;
4;5;74;114;9.65;2.08;2.08;
4;5;74;296;8.74;2.08;1.47;
4;5;74;297;5.72;2.08;2.04;
4;5;74;299;4.61;2.08;2.1;
4;5;74;300;7.84;2.08;2.26;
4;5;76;54;8.78;1.13;1.57;
4;5;76;299;7.71;1.13;2.1;
4;5;76;300;7.53;1.13;2.26;
4;5;80;50;9.62;0.99;2.12;
4;5;80;496;8.6;0.99;2.89;
4;5;147;94;8.78;1.43;1.92;
4;5;148;94;9.64;1.8;1.92;
4;5;150;99;9.1;2.89;2.45;
4;5;150;153;6.88;2.89;3.22;
4;5;150;154;8.72;2.89;2.58;
4;5;158;90;9.53;1.78;2.39;
4;5;158;91;9.6;1.78;1.72;
4;5;158;94;8.57;1.78;1.92;
4;5;160;90;7.99;1.74;2.39;
4;5;160;91;9.29;1.74;1.72;
4;5;163;50;6.82;2.14;2.12;
4;5;163;51;9.75;2.14;1.96;
4;5;167;50;8.83;1.1;2.12;
4;5;167;51;9.96;1.1;1.96;
4;5;169;54;9.83;1.19;1.57;
4;5;174;94;9.34;2.21;1.92;
4;5;174;114;7.78;2.21;2.08;
4;5;174;297;6.74;2.21;2.04;
4;5;174;299;8.28;2.21;2.1;
4;5;176;114;5.6;2.71;2.08;
4;5;176;294;7.32;2.71;1.19;
4;5;176;296;8.24;2.71;1.47;
4;5;176;297;5.81;2.71;2.04;
4;5;177;114;8.28;2.45;2.08;
4;5;177;294;8.01;2.45;1.19;
4;5;177;296;8.78;2.45;1.47;
4;5;177;297;7.98;2.45;2.04;
4;5;181;58;8.87;2.16;1.35;
4;5;181;296;6.72;2.16;1.47;
4;5;181;297;6.81;2.16;2.04;
4;5;181;299;9.83;2.16;2.1;
4;5;314;495;8.29;1.18;2.43;
4;5;314;496;7.06;1.18;2.89;
4;5;314;497;9.8;1.18;2.25;
4;5;318;51;7.68;2.47;1.96;
4;5;318;54;6.86;2.47;1.57;
4;5;318;56;8.44;2.47;1.34;
4;5;318;299;8.53;2.47;2.1;
4;5;318;300;7.28;2.47;2.26;
4;5;318;387;9.83;2.47;1.72;
4;5;318;388;8.55;2.47;1.52;
4;5;318;389;9.06;2.47;2.09;
4;5;318;497;9.76;2.47;2.25;
4;5;319;51;9.65;2.69;1.96;
4;5;319;54;6.69;2.69;1.57;
4;5;319;56;5.1;2.69;1.34;
4;5;319;58;9.58;2.69;1.35;
4;5;319;296;8.88;2.69;1.47;
4;5;319;297;9.05;2.69;2.04;
4;5;319;299;5.57;2.69;2.1;
4;5;319;300;5.32;2.69;2.26;
4;5;319;387;8.03;2.69;1.72;
4;5;319;388;8.27;2.69;1.52;
4;5;319;389;9.93;2.69;2.09;
4;5;320;51;9.95;4.05;1.96;
4;5;320;54;6.22;4.05;1.57;
4;5;320;56;1.75;4.05;1.34;
4;5;320;58;7.2;4.05;1.35;
4;5;320;296;7.48;4.05;1.47;
4;5;320;297;8.84;4.05;2.04;
4;5;320;299;5.89;4.05;2.1;
4;5;320;300;5.02;4.05;2.26;
4;5;320;387;7.34;4.05;1.72;
4;5;320;388;8.29;4.05;1.52;
4;5;321;50;9.48;4.23;2.12;
4;5;321;51;6.42;4.23;1.96;
4;5;321;54;4.4;4.23;1.57;
4;5;321;56;5.21;4.23;1.34;
4;5;321;299;8.91;4.23;2.1;
4;5;321;300;6.28;4.23;2.26;
4;5;321;387;8.57;4.23;1.72;
4;5;321;388;7.79;4.23;1.52;
4;5;322;51;6.83;4.13;1.96;
4;5;322;54;7.27;4.13;1.57;
4;5;322;56;7.14;4.13;1.34;
4;5;322;300;8.79;4.13;2.26;
4;5;322;387;6.24;4.13;1.72;
4;5;322;388;4.35;4.13;1.52;
4;5;322;389;6.94;4.13;2.09;
4;5;322;443;9.7;4.13;2.06;
4;5;322;497;7.98;4.13;2.25;
4;5;323;51;7.37;3.01;1.96;
4;5;323;54;8.86;3.01;1.57;
4;5;323;56;9.64;3.01;1.34;
4;5;323;387;7.73;3.01;1.72;
4;5;323;388;5.2;3.01;1.52;
4;5;323;389;5.34;3.01;2.09;
4;5;323;443;8.77;3.01;2.06;
4;5;323;496;9.7;3.01;2.89;
4;5;323;497;7.06;3.01;2.25;
4;5;324;387;6.29;2.17;1.72;
4;5;324;388;5.21;2.17;1.52;
4;5;324;389;4.59;2.17;2.09;
4;5;324;391;9.81;2.17;2.09;
4;5;324;441;8.27;2.17;2.84;
4;5;324;443;6.18;2.17;2.06;
4;5;326;51;9.42;2.31;1.96;
4;5;326;388;7.63;2.31;1.52;
4;5;326;389;5.22;2.31;2.09;
4;5;326;391;6.2;2.31;2.09;
4;5;326;394;9.78;2.31;1.75;
4;5;326;441;7.92;2.31;2.84;
4;5;326;443;9.25;2.31;2.06;
4;5;326;495;7.83;2.31;2.43;
4;5;326;496;7.36;2.31;2.89;
4;5;326;497;5.95;2.31;2.25;
4;5;327;51;9.51;1.73;1.96;
4;5;327;389;8.98;1.73;2.09;
4;5;327;391;8.49;1.73;2.09;
4;5;327;495;6.82;1.73;2.43;
4;5;327;496;5.89;1.73;2.89;
4;5;327;497;6.6;1.73;2.25;
4;5;328;391;8.09;1.31;2.09;
4;5;328;393;9.94;1.31;2.06;
4;5;328;394;9.2;1.31;1.75;
4;5;328;495;6.73;1.31;2.43;
4;5;328;496;7.47;1.31;2.89;
4;5;328;497;9.12;1.31;2.25;
5;6;14;411;6.44;10.89;1.36;
5;6;14;425;6.36;10.89;0.91;
5;6;16;393;9.79;10.25;2.06;
5;6;16;425;7.69;10.25;0.91;
5;6;16;436;5.47;10.25;1.56;
5;6;16;438;9.33;10.25;2.64;
5;6;17;393;8.18;9.98;2.06;
5;6;17;425;9.74;9.98;0.91;
5;6;17;436;4.87;9.98;1.56;
5;6;17;438;5.87;9.98;2.64;
5;6;17;439;8.59;9.98;3.26;
5;6;19;391;7.64;8.3;2.09;
5;6;19;393;2.31;8.3;2.06;
5;6;19;394;5.64;8.3;1.75;
5;6;19;436;4.75;8.3;1.56;
5;6;19;438;4.62;8.3;2.64;
5;6;19;439;4.82;8.3;3.26;
5;6;19;440;7.84;8.3;3.39;
5;6;20;391;6.1;7.68;2.09;
5;6;20;393;3.68;7.68;2.06;
5;6;20;394;7.32;7.68;1.75;
5;6;20;436;7.97;7.68;1.56;
5;6;20;438;3.42;7.68;2.64;
5;6;20;439;1.35;7.68;3.26;
5;6;20;440;3.95;7.68;3.39;
5;6;20;441;6.74;7.68;2.84;
5;6;21;389;9.49;5.34;2.09;
5;6;21;391;3.9;5.34;2.09;
5;6;21;393;4.28;5.34;2.06;
5;6;21;394;6.13;5.34;1.75;
5;6;21;438;7.24;5.34;2.64;
5;6;21;439;4.1;5.34;3.26;
5;6;21;440;5.25;5.34;3.39;
5;6;21;441;5.91;5.34;2.84;
5;6;22;389;6.91;3.0;2.09;
5;6;22;391;4.27;3.0;2.09;
5;6;22;393;7.71;3.0;2.06;
5;6;22;394;9.0;3.0;1.75;
5;6;22;438;9.52;3.0;2.64;
5;6;22;439;6.28;3.0;3.26;
5;6;22;440;4.79;3.0;3.39;
5;6;22;441;3.29;3.0;2.84;
5;6;22;443;8.26;3.0;2.06;
5;6;24;391;8.95;1.39;2.09;
5;6;24;393;9.07;1.39;2.06;
5;6;24;439;6.87;1.39;3.26;
5;6;24;440;8.47;1.39;3.39;
5;6;24;441;9.36;1.39;2.84;
5;6;67;389;9.6;2.0;2.09;
5;6;67;391;9.79;2.0;2.09;
5;6;67;439;9.39;2.0;3.26;
5;6;67;440;6.25;2.0;3.39;
5;6;67;441;5.35;2.0;2.84;
5;6;67;443;8.0;2.0;2.06;
5;6;72;296;9.77;1.64;1.47;
5;6;72;297;8.85;1.64;2.04;
5;6;72;299;8.71;1.64;2.1;
5;6;73;296;9.38;1.68;1.47;
5;6;73;297;7.05;1.68;2.04;
5;6;73;299;7.8;1.68;2.1;
5;6;74;56;9.98;2.08;1.34;
5;6;74;91;9.48;2.08;1.72;
5;6;74;94;9.03;2.08;1.92;
5;6;74;114;9.82;2.08;2.08;
5;6;74;296;9.23;2.08;1.47;
5;6;74;297;6.19;2.08;2.04;
5;6;74;299;5.26;2.08;2.1;
5;6;74;300;8.37;2.08;2.26;
5;6;76;54;8.86;1.13;1.57;
5;6;76;299;7.83;1.13;2.1;
5;6;76;300;7.67;1.13;2.26;
5;6;80;50;8.74;0.99;2.12;
5;6;80;51;9.24;0.99;1.96;
5;6;80;496;8.28;0.99;2.89;
5;6;147;94;9.51;1.43;1.92;
5;6;150;153;8.29;2.89;3.22;
5;6;158;90;9.91;1.78;2.39;
5;6;158;91;9.98;1.78;1.72;
5;6;158;94;9.15;1.78;1.92;
5;6;160;90;7.95;1.74;2.39;
5;6;160;91;9.18;1.74;1.72;
5;6;163;50;6.5;2.14;2.12;
5;6;163;51;9.43;2.14;1.96;
5;6;167;50;8.2;1.1;2.12;
5;6;167;51;9.43;1.1;1.96;
5;6;169;54;9.62;1.19;1.57;
5;6;174;94;9.7;2.21;1.92;
5;6;174;114;8.62;2.21;2.08;
5;6;174;297;7.68;2.21;2.04;
5;6;174;299;9.01;2.21;2.1;
5;6;176;114;6.3;2.71;2.08;
5;6;176;294;8.68;2.71;1.19;
5;6;176;296;9.4;2.71;1.47;
5;6;176;297;6.76;2.71;2.04;
5;6;181;58;9.78;2.16;1.35;
5;6;181;296;7.49;2.16;1.47;
5;6;181;297;7.22;2.16;2.04;
5;6;314;495;7.69;1.18;2.43;
5;6;314;496;6.18;1.18;2.89;
5;6;314;497;9.07;1.18;2.25;
5;6;318;51;7.74;2.47;1.96;
5;6;318;54;6.84;2.47;1.57;
5;6;318;56;8.24;2.47;1.34;
5;6;318;299;8.33;2.47;2.1;
5;6;318;300;7.15;2.47;2.26;
5;6;318;387;9.81;2.47;1.72;
5;6;318;388;8.57;2.47;1.52;
5;6;318;389;9.12;2.47;2.09;
5;6;318;497;9.84;2.47;2.25;
5;6;319;51;9.92;2.69;1.96;
5;6;319;54;6.95;2.69;1.57;
5;6;319;56;5.16;2.69;1.34;
5;6;319;58;9.41;2.69;1.35;
5;6;319;296;8.53;2.69;1.47;
5;6;319;297;8.72;2.69;2.04;
5;6;319;299;5.38;2.69;2.1;
5;6;319;300;5.4;2.69;2.26;
5;6;319;387;8.13;2.69;1.72;
5;6;319;388;8.42;2.69;1.52;
5;6;319;389;10.0;2.69;2.09;
5;6;320;54;6.61;4.05;1.57;
5;6;320;56;1.52;4.05;1.34;
5;6;320;58;6.79;4.05;1.35;
5;6;320;296;6.73;4.05;1.47;
5;6;320;297;8.15;4.05;2.04;
5;6;320;299;5.4;4.05;2.1;
5;6;320;300;4.99;4.05;2.26;
5;6;320;387;7.39;4.05;1.72;
5;6;320;388;8.5;4.05;1.52;
5;6;321;51;7.0;4.23;1.96;
5;6;321;54;4.62;4.23;1.57;
5;6;321;56;4.5;4.23;1.34;
5;6;321;58;9.54;4.23;1.35;
5;6;321;299;8.38;4.23;2.1;
5;6;321;300;5.97;4.23;2.26;
5;6;321;387;8.33;4.23;1.72;
5;6;321;388;7.79;4.23;1.52;
5;6;322;51;7.23;4.13;1.96;
5;6;322;54;7.33;4.13;1.57;
5;6;322;56;6.62;4.13;1.34;
5;6;322;58;9.74;4.13;1.35;
5;6;322;300;8.53;4.13;2.26;
5;6;322;387;5.96;4.13;1.72;
5;6;322;388;4.36;4.13;1.52;
5;6;322;389;7.07;4.13;2.09;
5;6;322;443;9.68;4.13;2.06;
5;6;322;497;8.36;4.13;2.25;
5;6;323;51;7.44;3.01;1.96;
5;6;323;54;8.79;3.01;1.57;
5;6;323;56;9.28;3.01;1.34;
5;6;323;300;9.95;3.01;2.26;
5;6;323;387;7.54;3.01;1.72;
5;6;323;388;5.1;3.01;1.52;
5;6;323;389;5.41;3.01;2.09;
5;6;323;443;8.81;3.01;2.06;
5;6;323;496;9.79;3.01;2.89;
5;6;323;497;7.15;3.01;2.25;
5;6;324;56;9.93;2.17;1.34;
5;6;324;387;6.3;2.17;1.72;
5;6;324;388;5.27;2.17;1.52;
5;6;324;389;4.63;2.17;2.09;
5;6;324;391;9.82;2.17;2.09;
5;6;324;441;8.27;2.17;2.84;
5;6;324;443;6.24;2.17;2.06;
5;6;326;51;9.15;2.31;1.96;
5;6;326;388;7.28;2.31;1.52;
5;6;326;389;5.07;2.31;2.09;
5;6;326;391;6.4;2.31;2.09;
5;6;326;394;9.88;2.31;1.75;
5;6;326;441;8.19;2.31;2.84;
5;6;326;443;9.22;2.31;2.06;
5;6;326;495;7.7;2.31;2.43;
5;6;326;496;7.15;2.31;2.89;
5;6;326;497;5.58;2.31;2.25;
5;6;327;51;8.95;1.73;1.96;
5;6;327;389;8.84;1.73;2.09;
5;6;327;391;8.64;1.73;2.09;
5;6;327;495;6.42;1.73;2.43;
5;6;327;496;5.28;1.73;2.89;
5;6;327;497;5.95;1.73;2.25;
5;6;328;391;8.12;1.31;2.09;
5;6;328;394;8.99;1.31;1.75;
5;6;328;495;5.8;1.31;2.43;
5;6;328;496;6.54;1.31;2.89;
5;6;328;497;8.33;1.31;2.25;
5;6;329;495;5.97;1.12;2.43;
5;6;329;496;6.62;1.12;2.89;
5;6;329;497;9.8;1.12;2.25;
1;6;50;80;9.73;2.12;0.99;
1;6;50;163;5.84;2.12;2.14;
1;6;50;167;8.74;2.12;1.1;
1;6;51;80;9.55;1.96;0.99;
1;6;51;163;8.49;1.96;2.14;
1;6;51;167;9.39;1.96;1.1;
1;6;51;318;9.18;1.96;2.47;
1;6;51;321;7.65;1.96;4.23;
1;6;51;322;8.28;1.96;4.13;
1;6;51;323;8.87;1.96;3.01;
1;6;54;76;9.75;1.57;1.13;
1;6;54;318;7.66;1.57;2.47;
1;6;54;319;7.85;1.57;2.69;
1;6;54;320;7.21;1.57;4.05;
1;6;54;321;4.81;1.57;4.23;
1;6;54;322;7.68;1.57;4.13;
1;6;54;323;9.33;1.57;3.01;
1;6;56;318;8.17;1.34;2.47;
1;6;56;319;5.41;1.34;2.69;
1;6;56;320;1.7;1.34;4.05;
1;6;56;321;3.72;1.34;4.23;
1;6;56;322;6.09;1.34;4.13;
1;6;56;323;9.01;1.34;3.01;
1;6;58;319;9.27;1.35;2.69;
1;6;58;320;6.56;1.35;4.05;
1;6;58;321;8.89;1.35;4.23;
1;6;58;322;8.94;1.35;4.13;
1;6;90;158;9.93;2.39;1.78;
1;6;90;160;7.8;2.39;1.74;
1;6;91;74;9.59;1.72;2.08;
1;6;91;76;9.88;1.72;1.13;
1;6;91;160;8.95;1.72;1.74;
1;6;91;169;9.9;1.72;1.19;
1;6;94;74;8.38;1.92;2.08;
1;6;94;147;8.95;1.92;1.43;
1;6;94;158;8.62;1.92;1.78;
1;6;94;174;9.32;1.92;2.21;
1;6;97;174;9.77;1.76;2.21;
1;6;99;147;9.74;2.45;1.43;
1;6;99;148;9.3;2.45;1.8;
1;6;99;149;8.7;2.45;2.38;
1;6;99;150;9.79;2.45;2.89;
1;6;114;73;9.72;2.08;1.68;
1;6;114;74;8.66;2.08;2.08;
1;6;114;174;7.67;2.08;2.21;
1;6;114;176;5.39;2.08;2.71;
1;6;114;177;7.86;2.08;2.45;
1;6;153;149;7.62;3.22;2.38;
1;6;153;150;6.79;3.22;2.89;
1;6;154;149;8.23;2.58;2.38;
1;6;154;150;9.03;2.58;2.89;
1;6;294;176;8.64;1.19;2.71;
1;6;294;177;9.13;1.19;2.45;
1;6;294;181;9.79;1.19;2.16;
1;6;296;72;9.62;1.47;1.64;
1;6;296;73;9.65;1.47;1.68;
1;6;296;74;9.49;1.47;2.08;
1;6;296;181;7.82;1.47;2.16;
1;6;296;319;7.78;1.47;2.69;
1;6;296;320;5.87;1.47;4.05;
1;6;296;321;9.64;1.47;4.23;
1;6;297;72;8.13;2.04;1.64;
1;6;297;73;6.83;2.04;1.68;
1;6;297;74;6.06;2.04;2.08;
1;6;297;174;8.15;2.04;2.21;
1;6;297;176;7.62;2.04;2.71;
1;6;297;177;9.32;2.04;2.45;
1;6;297;181;6.96;2.04;2.16;
1;6;297;319;7.56;2.04;2.69;
1;6;297;320;7.05;2.04;4.05;
1;6;299;72;8.84;2.1;1.64;
1;6;299;73;8.34;2.1;1.68;
1;6;299;74;5.93;2.1;2.08;
1;6;299;76;7.46;2.1;1.13;
1;6;299;174;9.84;2.1;2.21;
1;6;299;318;7.55;2.1;2.47;
1;6;299;319;4.64;2.1;2.69;
1;6;299;320;4.61;2.1;4.05;
1;6;299;321;7.46;2.1;4.23;
1;6;299;322;9.2;2.1;4.13;
1;6;300;74;9.25;2.26;2.08;
1;6;300;76;7.98;2.26;1.13;
1;6;300;318;7.13;2.26;2.47;
1;6;300;319;5.65;2.26;2.69;
1;6;300;320;4.98;2.26;4.05;
1;6;300;321;5.42;2.26;4.23;
1;6;300;322;8.2;2.26;4.13;
1;6;300;323;9.76;2.26;3.01;
1;6;387;318;9.69;1.72;2.47;
1;6;387;319;8.45;1.72;2.69;
1;6;387;320;7.61;1.72;4.05;
1;6;387;321;7.76;1.72;4.23;
1;6;387;322;5.11;1.72;4.13;
1;6;387;323;7.0;1.72;3.01;
1;6;387;324;6.61;1.72;2.17;
1;6;387;326;9.84;1.72;2.31;
1;6;388;318;8.95;1.52;2.47;
1;6;388;319;9.2;1.52;2.69;
1;6;388;320;9.06;1.52;4.05;
1;6;388;321;7.58;1.52;4.23;
1;6;388;322;4.23;1.52;4.13;
1;6;388;323;5.31;1.52;3.01;
1;6;388;324;6.62;1.52;2.17;
1;6;388;326;7.08;1.52;2.31;
1;6;389;21;9.76;2.09;5.34;
1;6;389;22;7.98;2.09;3.0;
1;6;389;318;9.37;2.09;2.47;
1;6;389;322;6.79;2.09;4.13;
1;6;389;323;5.36;2.09;3.01;
1;6;389;324;6.07;2.09;2.17;
1;6;389;326;4.34;2.09;2.31;
1;6;389;327;7.96;2.09;1.73;
1;6;389;328;9.89;2.09;1.31;
1;6;391;19;8.03;2.09;8.3;
1;6;391;20;7.87;2.09;7.68;
1;6;391;21;5.56;2.09;5.34;
1;6;391;22;6.77;2.09;3.0;
1;6;391;326;6.25;2.09;2.31;
1;6;391;327;7.92;2.09;1.73;
1;6;391;328;7.24;2.09;1.31;
1;6;391;329;9.89;2.09;1.12;
1;6;393;17;9.53;2.06;9.98;
1;6;393;19;4.38;2.06;8.3;
1;6;393;20;6.98;2.06;7.68;
1;6;393;21;6.48;2.06;5.34;
1;6;393;22;9.82;2.06;3.0;
1;6;393;328;9.53;2.06;1.31;
1;6;394;19;8.26;1.75;8.3;
1;6;394;21;9.0;1.75;5.34;
1;6;394;328;9.38;1.75;1.31;
1;6;411;12;4.74;1.36;11.37;
1;6;411;14;7.41;1.36;10.89;
1;6;413;12;8.88;0.91;11.37;
1;6;413;14;7.52;0.91;10.89;
1;6;421;14;8.75;1.06;10.89;
1;6;436;16;6.97;1.56;10.25;
1;6;436;17;8.01;1.56;9.98;
1;6;436;19;7.02;1.56;8.3;
1;6;438;16;7.27;2.64;10.25;
1;6;438;17;4.91;2.64;9.98;
1;6;438;19;1.95;2.64;8.3;
1;6;438;20;4.36;2.64;7.68;
1;6;438;21;7.01;2.64;5.34;
1;6;439;16;9.81;3.26;10.25;
1;6;439;17;7.87;3.26;9.98;
1;6;439;19;2.26;3.26;8.3;
1;6;439;20;2.64;3.26;7.68;
1;6;439;21;3.5;3.26;5.34;
1;6;439;22;7.15;3.26;3.0;
1;6;439;328;9.6;3.26;1.31;
1;6;440;19;5.44;3.39;8.3;
1;6;440;20;2.54;3.39;7.68;
1;6;440;21;3.25;3.39;5.34;
1;6;440;22;4.72;3.39;3.0;
1;6;440;67;8.8;3.39;2.0;
1;6;440;326;9.75;3.39;2.31;
1;6;441;19;8.66;2.84;8.3;
1;6;441;20;6.25;2.84;7.68;
1;6;441;21;4.67;2.84;5.34;
1;6;441;22;3.48;2.84;3.0;
1;6;441;67;8.01;2.84;2.0;
1;6;441;323;9.83;2.84;3.01;
1;6;441;324;8.68;2.84;2.17;
1;6;441;326;6.66;2.84;2.31;
1;6;441;327;9.32;2.84;1.73;
1;6;441;328;9.13;2.84;1.31;
1;6;443;22;8.01;2.06;3.0;
1;6;443;67;9.51;2.06;2.0;
1;6;443;322;8.9;2.06;4.13;
1;6;443;323;8.01;2.06;3.01;
1;6;443;324;6.43;2.06;2.17;
1;6;443;326;7.79;2.06;2.31;
1;6;458;17;8.28;2.78;9.98;
1;6;458;20;8.97;2.78;7.68;
1;6;496;80;8.29;2.89;0.99;
1;6;496;314;7.41;2.89;1.18;
1;6;496;326;9.31;2.89;2.31;
1;6;496;327;7.52;2.89;1.73;
1;6;496;328;8.75;2.89;1.31;
1;6;496;329;8.06;2.89;1.12;
1;6;497;314;9.63;2.25;1.18;
1;6;497;322;9.44;2.25;4.13;
1;6;497;323;8.79;2.25;3.01;
1;6;497;326;7.75;2.25;2.31;
1;6;497;327;7.59;2.25;1.73;
1;6;497;328;9.77;2.25;1.31;
