19;20;4.02;0.12;0.12;
19;22;9.33;0.12;0.08;
19;391;9.43;0.12;0.11;
19;393;5.23;0.12;0.13;
19;394;7.77;0.12;0.13;
19;438;6.56;0.12;0.15;
19;439;5.41;0.12;0.16;
20;22;6.57;0.12;0.08;
20;391;8.67;0.12;0.11;
20;393;6.35;0.12;0.13;
20;394;9.45;0.12;0.13;
20;438;6.01;0.12;0.15;
20;439;3.17;0.12;0.16;
20;441;8.98;0.12;0.14;
22;67;6.01;0.08;0.07;
22;324;8.47;0.08;0.07;
22;326;6.57;0.08;0.06;
22;327;8.43;0.08;0.08;
22;328;8.16;0.08;0.07;
22;389;9.6;0.08;0.1;
22;391;7.07;0.08;0.11;
22;393;9.19;0.08;0.13;
22;439;7.05;0.08;0.16;
22;441;6.67;0.08;0.14;
50;51;3.71;0.1;0.1;
50;54;8.04;0.1;0.05;
50;163;8.07;0.1;0.09;
50;321;8.47;0.1;0.09;
50;496;9.05;0.1;0.15;
50;497;8.63;0.1;0.11;
51;54;6.29;0.1;0.05;
51;318;7.96;0.1;0.09;
51;320;8.4;0.1;0.09;
51;321;5.03;0.1;0.09;
51;322;6.34;0.1;0.06;
51;323;7.75;0.1;0.06;
51;496;7.93;0.1;0.15;
51;497;6.32;0.1;0.11;
54;56;7.09;0.05;0.05;
54;91;9.39;0.05;0.03;
54;299;8.22;0.05;0.05;
54;300;4.59;0.05;0.05;
54;318;8.41;0.05;0.09;
54;320;5.54;0.05;0.09;
54;321;5.07;0.05;0.09;
54;322;8.22;0.05;0.06;
56;58;6.54;0.05;0.06;
56;296;6.08;0.05;0.07;
56;297;7.54;0.05;0.08;
56;299;5.34;0.05;0.05;
56;300;5.05;0.05;0.05;
56;320;4.41;0.05;0.09;
56;321;7.27;0.05;0.09;
56;322;9.53;0.05;0.06;
56;387;9.5;0.05;0.1;
58;296;4.99;0.06;0.07;
58;297;8.74;0.06;0.08;
58;320;9.04;0.06;0.09;
58;387;7.78;0.06;0.1;
67;324;9.15;0.07;0.07;
67;439;9.95;0.07;0.16;
67;441;7.37;0.07;0.14;
72;73;3.73;0.06;0.06;
72;74;6.36;0.06;0.05;
72;76;7.86;0.06;0.05;
72;174;8.66;0.06;0.04;
72;180;8.06;0.06;0.03;
72;181;5.52;0.06;0.05;
72;318;8.21;0.06;0.09;
72;320;9.64;0.06;0.09;
72;324;7.44;0.06;0.07;
73;74;3.84;0.06;0.05;
73;76;8.45;0.06;0.05;
73;147;9.75;0.06;0.05;
73;174;4.96;0.06;0.04;
73;176;7.46;0.06;0.08;
73;177;9.44;0.06;0.05;
73;180;9.32;0.06;0.03;
73;181;5.73;0.06;0.05;
73;297;8.96;0.06;0.08;
73;299;8.49;0.06;0.05;
74;76;6.85;0.05;0.05;
74;147;8.09;0.05;0.05;
74;174;4.5;0.05;0.04;
74;176;8.64;0.05;0.08;
74;181;8.73;0.05;0.05;
74;297;8.32;0.05;0.08;
74;299;6.03;0.05;0.05;
74;300;8.1;0.05;0.05;
74;318;9.51;0.05;0.09;
74;320;9.54;0.05;0.09;
76;147;9.86;0.05;0.05;
76;169;5.9;0.05;0.07;
76;300;9.77;0.05;0.05;
76;318;4.94;0.05;0.09;
76;320;9.67;0.05;0.09;
76;323;9.01;0.05;0.06;
76;324;9.31;0.05;0.07;
91;94;5.16;0.03;0.03;
91;299;7.22;0.03;0.05;
91;300;6.46;0.03;0.05;
94;299;9.15;0.03;0.05;
114;176;7.63;0.07;0.08;
114;177;9.44;0.07;0.05;
114;296;9.14;0.07;0.07;
114;297;6.44;0.07;0.08;
147;174;7.27;0.05;0.04;
163;167;5.89;0.09;0.07;
167;169;6.48;0.07;0.07;
169;318;8.85;0.07;0.09;
174;176;6.18;0.04;0.08;
174;177;9.63;0.04;0.05;
174;181;9.37;0.04;0.05;
174;297;8.68;0.04;0.08;
174;299;8.7;0.04;0.05;
176;177;3.8;0.08;0.05;
176;181;7.4;0.08;0.05;
176;296;8.84;0.08;0.07;
176;297;6.12;0.08;0.08;
176;299;9.71;0.08;0.05;
177;180;8.48;0.05;0.03;
177;181;6.77;0.05;0.05;
177;296;8.81;0.05;0.07;
177;297;7.61;0.05;0.08;
180;181;3.84;0.03;0.05;
181;296;8.82;0.05;0.07;
181;297;8.64;0.05;0.08;
296;297;3.83;0.07;0.08;
296;299;6.91;0.07;0.05;
296;300;9.48;0.07;0.05;
296;320;9.31;0.07;0.09;
297;299;5.24;0.08;0.05;
297;300;8.8;0.08;0.05;
299;300;3.8;0.05;0.05;
299;320;6.99;0.05;0.09;
300;318;9.66;0.05;0.09;
300;320;5.65;0.05;0.09;
300;321;7.87;0.05;0.09;
318;320;6.96;0.09;0.09;
318;321;7.08;0.09;0.09;
318;322;5.78;0.09;0.06;
318;323;4.18;0.09;0.06;
318;324;5.57;0.09;0.07;
318;326;7.96;0.09;0.06;
318;327;8.8;0.09;0.08;
318;497;9.24;0.09;0.11;
320;321;3.85;0.09;0.09;
320;322;5.41;0.09;0.06;
320;323;7.85;0.09;0.06;
320;324;8.54;0.09;0.07;
320;387;7.96;0.09;0.1;
320;388;8.21;0.09;0.09;
321;322;3.65;0.09;0.06;
321;323;6.78;0.09;0.06;
321;324;8.97;0.09;0.07;
321;387;8.83;0.09;0.1;
321;388;7.57;0.09;0.09;
321;497;8.05;0.09;0.11;
322;323;3.63;0.06;0.06;
322;324;5.82;0.06;0.07;
322;326;8.26;0.06;0.06;
322;387;7.47;0.06;0.1;
322;388;5.2;0.06;0.09;
322;389;6.84;0.06;0.1;
322;496;9.11;0.06;0.15;
322;497;6.17;0.06;0.11;
323;324;3.73;0.06;0.07;
323;326;5.06;0.06;0.06;
323;327;7.34;0.06;0.08;
323;387;9.58;0.06;0.1;
323;388;7.07;0.06;0.09;
323;389;6.75;0.06;0.1;
323;495;9.69;0.06;0.16;
323;496;7.79;0.06;0.15;
323;497;6.16;0.06;0.11;
324;326;6.27;0.07;0.06;
324;327;9.07;0.07;0.08;
324;387;8.52;0.07;0.1;
324;388;7.0;0.07;0.09;
324;389;5.97;0.07;0.1;
324;391;9.7;0.07;0.11;
324;441;9.08;0.07;0.14;
324;443;8.28;0.07;0.12;
324;497;9.47;0.07;0.11;
326;327;3.69;0.06;0.08;
326;328;6.11;0.06;0.07;
326;389;7.86;0.06;0.1;
326;391;7.37;0.06;0.11;
326;441;9.59;0.06;0.14;
326;495;6.77;0.06;0.16;
326;496;6.59;0.06;0.15;
326;497;6.97;0.06;0.11;
327;328;3.61;0.08;0.07;
327;495;6.93;0.08;0.16;
327;496;6.3;0.08;0.15;
327;497;8.39;0.08;0.11;
328;495;8.03;0.07;0.16;
328;496;8.76;0.07;0.15;
387;388;3.74;0.1;0.09;
387;389;6.51;0.1;0.1;
387;443;6.2;0.1;0.12;
388;389;3.75;0.09;0.1;
388;391;9.79;0.09;0.11;
388;441;9.83;0.09;0.14;
388;443;5.96;0.09;0.12;
388;497;8.72;0.09;0.11;
389;391;6.27;0.1;0.11;
389;441;6.29;0.1;0.14;
389;443;4.41;0.1;0.12;
389;497;8.68;0.1;0.11;
391;393;5.45;0.11;0.13;
391;394;5.42;0.11;0.13;
391;438;8.99;0.11;0.15;
391;439;6.83;0.11;0.16;
391;441;4.83;0.11;0.14;
391;443;8.43;0.11;0.12;
391;495;9.01;0.11;0.16;
393;394;3.81;0.13;0.13;
393;438;5.41;0.13;0.15;
393;439;4.76;0.13;0.16;
393;441;8.34;0.13;0.14;
394;438;9.13;0.13;0.15;
394;439;8.26;0.13;0.16;
394;441;9.87;0.13;0.14;
394;495;7.86;0.13;0.16;
438;439;3.78;0.15;0.16;
438;441;9.0;0.15;0.14;
439;441;6.74;0.16;0.14;
441;443;5.77;0.14;0.12;
495;496;3.79;0.16;0.15;
495;497;5.84;0.16;0.11;
496;497;3.79;0.15;0.11;
