1;2;10;410;5.43;12.88;0.93;
1;2;10;411;5.66;12.88;1.03;
1;2;12;410;5.09;12.33;0.93;
1;2;12;411;1.28;12.33;1.03;
1;2;12;413;5.77;12.33;0.77;
1;2;12;425;7.7;12.33;0.75;
1;2;14;410;9.89;11.49;0.93;
1;2;14;411;6.49;11.49;1.03;
1;2;14;413;5.15;11.49;0.77;
1;2;14;421;7.93;11.49;0.93;
1;2;14;423;6.68;11.49;0.81;
1;2;14;425;5.51;11.49;0.75;
1;2;14;436;9.87;11.49;1.24;
1;2;16;393;8.88;10.7;2.08;
1;2;16;413;9.72;10.7;0.77;
1;2;16;423;6.16;10.7;0.81;
1;2;16;425;7.75;10.7;0.75;
1;2;16;436;4.36;10.7;1.24;
1;2;16;438;7.49;10.7;2.9;
1;2;17;393;7.42;10.14;2.08;
1;2;17;423;7.55;10.14;0.81;
1;2;17;436;5.4;10.14;1.24;
1;2;17;438;4.03;10.14;2.9;
1;2;17;439;6.89;10.14;3.24;
1;2;17;440;9.95;10.14;3.68;
1;2;18;391;9.48;10.14;2.28;
1;2;18;393;4.44;10.14;2.08;
1;2;18;394;7.87;10.14;1.81;
1;2;18;436;5.3;10.14;1.24;
1;2;18;438;4.08;10.14;2.9;
1;2;18;439;4.65;10.14;3.24;
1;2;18;440;8.34;10.14;3.68;
1;2;19;391;6.09;8.9;2.28;
1;2;19;393;1.83;8.9;2.08;
1;2;19;394;5.47;8.9;1.81;
1;2;19;436;5.62;8.9;1.24;
1;2;19;438;3.95;8.9;2.9;
1;2;19;439;3.8;8.9;3.24;
1;2;19;440;6.0;8.9;3.68;
1;2;19;441;8.0;8.9;2.97;
1;2;20;391;6.15;8.17;2.28;
1;2;20;393;5.04;8.17;2.08;
1;2;20;394;8.38;8.17;1.81;
1;2;20;436;9.35;8.17;1.24;
1;2;20;438;4.27;8.17;2.9;
1;2;20;439;1.32;8.17;3.24;
1;2;20;440;2.68;8.17;3.68;
1;2;20;441;5.73;8.17;2.97;
1;2;21;389;8.98;6.09;2.23;
1;2;21;391;4.3;6.09;2.28;
1;2;21;393;5.74;6.09;2.08;
1;2;21;394;7.66;6.09;1.81;
1;2;21;438;7.88;6.09;2.9;
1;2;21;439;4.42;6.09;3.24;
1;2;21;440;4.39;6.09;3.68;
1;2;21;441;4.79;6.09;2.97;
1;2;22;389;7.17;3.51;2.23;
1;2;22;391;5.64;3.51;2.28;
1;2;22;393;9.12;3.51;2.08;
1;2;22;439;7.17;3.51;3.24;
1;2;22;440;4.86;3.51;3.68;
1;2;22;441;3.2;3.51;2.97;
1;2;22;443;7.87;3.51;2.03;
1;2;67;440;7.68;2.01;3.68;
1;2;67;441;6.73;2.01;2.97;
1;2;67;443;8.46;2.01;2.03;
1;2;72;296;9.56;1.75;1.4;
1;2;72;297;8.13;1.75;1.84;
1;2;72;299;8.27;1.75;2.25;
1;2;73;114;9.94;1.6;2.13;
1;2;73;296;9.29;1.6;1.4;
1;2;73;297;6.49;1.6;1.84;
1;2;73;299;7.56;1.6;2.25;
1;2;74;91;8.99;2.22;1.88;
1;2;74;94;8.2;2.22;1.97;
1;2;74;114;9.05;2.22;2.13;
1;2;74;296;9.29;2.22;1.4;
1;2;74;297;5.92;2.22;1.84;
1;2;74;299;5.19;2.22;2.25;
1;2;74;300;8.38;2.22;2.14;
1;2;76;54;9.14;1.31;1.96;
1;2;76;91;9.77;1.31;1.88;
1;2;76;299;7.57;1.31;2.25;
1;2;76;300;7.6;1.31;2.14;
1;2;80;50;9.41;0.91;2.43;
1;2;80;51;9.54;0.91;2.06;
1;2;80;496;8.59;0.91;3.28;
1;2;147;94;8.97;1.6;1.97;
1;2;150;153;8.39;3.14;3.91;
1;2;158;94;8.95;1.98;1.97;
1;2;160;90;7.91;1.69;2.7;
1;2;160;91;9.12;1.69;1.88;
1;2;163;50;6.47;2.29;2.43;
1;2;163;51;9.35;2.29;2.06;
1;2;167;50;8.57;1.23;2.43;
1;2;167;51;9.53;1.23;2.06;
1;2;169;54;9.95;1.3;1.96;
1;2;169;91;9.99;1.3;1.88;
1;2;174;94;8.95;2.14;1.97;
1;2;174;97;9.81;2.14;2.09;
1;2;174;112;8.51;2.14;4.16;
1;2;174;114;7.87;2.14;2.13;
1;2;174;297;7.74;2.14;1.84;
1;2;174;299;9.19;2.14;2.25;
1;2;176;112;6.19;3.21;4.16;
1;2;176;114;6.56;3.21;2.13;
1;2;176;297;8.59;3.21;1.84;
1;2;181;58;9.87;2.18;1.05;
1;2;181;296;7.29;2.18;1.4;
1;2;181;297;6.77;2.18;1.84;
1;2;314;495;8.52;1.15;2.6;
1;2;314;496;7.21;1.15;3.28;
1;2;314;497;9.57;1.15;2.33;
1;2;318;51;8.27;2.32;2.06;
1;2;318;54;6.85;2.32;1.96;
1;2;318;56;8.22;2.32;1.22;
1;2;318;299;7.87;2.32;2.25;
1;2;318;300;6.87;2.32;2.14;
1;2;318;387;9.81;2.32;1.61;
1;2;318;388;8.86;2.32;1.43;
1;2;318;389;9.23;2.32;2.23;
1;2;320;54;6.38;4.48;1.96;
1;2;320;56;1.38;4.48;1.22;
1;2;320;58;7.07;4.48;1.05;
1;2;320;296;6.83;4.48;1.4;
1;2;320;297;7.92;4.48;1.84;
1;2;320;299;4.99;4.48;2.25;
1;2;320;300;4.6;4.48;2.14;
1;2;320;387;7.79;4.48;1.61;
1;2;320;388;8.89;4.48;1.43;
1;2;321;50;9.87;4.37;2.43;
1;2;321;51;7.0;4.37;2.06;
1;2;321;54;4.23;4.37;1.96;
1;2;321;56;4.59;4.37;1.22;
1;2;321;58;9.76;4.37;1.05;
1;2;321;299;8.22;4.37;2.25;
1;2;321;300;5.74;4.37;2.14;
1;2;321;387;8.42;4.37;1.61;
1;2;321;388;7.91;4.37;1.43;
1;2;322;51;7.26;4.22;2.06;
1;2;322;54;6.89;4.22;1.96;
1;2;322;56;6.51;4.22;1.22;
1;2;322;58;9.88;4.22;1.05;
1;2;322;299;9.65;4.22;2.25;
1;2;322;300;8.13;4.22;2.14;
1;2;322;387;5.9;4.22;1.61;
1;2;322;388;4.51;4.22;1.43;
1;2;322;389;6.95;4.22;2.23;
1;2;322;443;9.41;4.22;2.03;
1;2;322;497;8.71;4.22;2.33;
1;2;323;51;7.76;3.25;2.06;
1;2;323;54;8.43;3.25;1.96;
1;2;323;56;9.09;3.25;1.22;
1;2;323;300;9.46;3.25;2.14;
1;2;323;387;7.43;3.25;1.61;
1;2;323;388;5.45;3.25;1.43;
1;2;323;389;5.54;3.25;2.23;
1;2;323;443;8.57;3.25;2.03;
1;2;323;497;8.0;3.25;2.33;
1;2;324;56;9.76;2.38;1.22;
1;2;324;387;6.44;2.38;1.61;
1;2;324;388;5.99;2.38;1.43;
1;2;324;389;5.36;2.38;2.23;
1;2;324;441;8.69;2.38;2.97;
1;2;324;443;6.44;2.38;2.03;
1;2;326;51;9.45;2.32;2.06;
1;2;326;388;7.21;2.32;1.43;
1;2;326;389;4.71;2.32;2.23;
1;2;326;391;6.35;2.32;2.28;
1;2;326;441;7.52;2.32;2.97;
1;2;326;443;8.53;2.32;2.03;
1;2;326;495;8.81;2.32;2.6;
1;2;326;496;8.27;2.32;3.28;
1;2;326;497;6.6;2.32;2.33;
1;2;327;51;9.36;1.65;2.06;
1;2;327;389;8.38;1.65;2.23;
1;2;327;391;8.26;1.65;2.28;
1;2;327;495;7.61;1.65;2.6;
1;2;327;496;6.69;1.65;3.28;
1;2;327;497;6.86;1.65;2.33;
1;2;328;391;7.64;1.24;2.28;
1;2;328;393;9.81;1.24;2.08;
1;2;328;394;9.23;1.24;1.81;
1;2;328;441;9.94;1.24;2.97;
1;2;328;495;7.28;1.24;2.6;
1;2;328;496;7.89;1.24;3.28;
1;2;328;497;9.03;1.24;2.33;
1;2;329;495;6.97;1.11;2.6;
1;2;329;496;7.61;1.11;3.28;
2;3;10;410;6.11;12.88;0.93;
2;3;10;411;5.93;12.88;1.03;
2;3;12;410;5.24;12.33;0.93;
2;3;12;411;1.57;12.33;1.03;
2;3;12;413;6.05;12.33;0.77;
2;3;12;425;7.48;12.33;0.75;
2;3;13;410;8.98;11.95;0.93;
2;3;13;411;5.14;11.95;1.03;
2;3;13;413;7.14;11.95;0.77;
2;3;13;425;6.97;11.95;0.75;
2;3;14;410;9.55;11.49;0.93;
2;3;14;411;6.16;11.49;1.03;
2;3;14;413;4.64;11.49;0.77;
2;3;14;421;8.24;11.49;0.93;
2;3;14;423;6.76;11.49;0.81;
2;3;14;425;4.66;11.49;0.75;
2;3;14;436;9.81;11.49;1.24;
2;3;15;411;9.41;11.32;1.03;
2;3;15;413;8.16;11.32;0.77;
2;3;15;421;9.48;11.32;0.93;
2;3;15;423;7.07;11.32;0.81;
2;3;15;425;7.57;11.32;0.75;
2;3;15;436;7.96;11.32;1.24;
2;3;16;393;9.27;10.7;2.08;
2;3;16;413;9.08;10.7;0.77;
2;3;16;421;9.89;10.7;0.93;
2;3;16;423;5.41;10.7;0.81;
2;3;16;425;7.09;10.7;0.75;
2;3;16;436;4.39;10.7;1.24;
2;3;16;438;7.85;10.7;2.9;
2;3;17;393;7.85;10.14;2.08;
2;3;17;423;6.66;10.14;0.81;
2;3;17;436;5.27;10.14;1.24;
2;3;17;438;4.46;10.14;2.9;
2;3;17;439;7.58;10.14;3.24;
2;3;18;391;9.67;10.14;2.28;
2;3;18;393;4.56;10.14;2.08;
2;3;18;394;7.93;10.14;1.81;
2;3;18;436;4.66;10.14;1.24;
2;3;18;438;3.75;10.14;2.9;
2;3;18;439;5.04;10.14;3.24;
2;3;18;440;8.53;10.14;3.68;
2;3;19;391;6.43;8.9;2.28;
2;3;19;393;2.35;8.9;2.08;
2;3;19;394;5.68;8.9;1.81;
2;3;19;436;5.2;8.9;1.24;
2;3;19;438;3.72;8.9;2.9;
2;3;19;439;4.33;8.9;3.24;
2;3;19;440;6.25;8.9;3.68;
2;3;19;441;8.26;8.9;2.97;
2;3;20;391;6.34;8.17;2.28;
2;3;20;393;4.98;8.17;2.08;
2;3;20;394;8.37;8.17;1.81;
2;3;20;436;8.88;8.17;1.24;
2;3;20;438;3.57;8.17;2.9;
2;3;20;439;1.76;8.17;3.24;
2;3;20;440;2.73;8.17;3.68;
2;3;20;441;5.9;8.17;2.97;
2;3;20;455;9.52;8.17;3.27;
2;3;21;389;8.94;6.09;2.23;
2;3;21;391;4.01;6.09;2.28;
2;3;21;393;5.23;6.09;2.08;
2;3;21;394;7.36;6.09;1.81;
2;3;21;438;7.13;6.09;2.9;
2;3;21;439;3.84;6.09;3.24;
2;3;21;440;3.74;6.09;3.68;
2;3;21;441;4.46;6.09;2.97;
2;3;22;389;7.02;3.51;2.23;
2;3;22;391;5.32;3.51;2.28;
2;3;22;393;8.75;3.51;2.08;
2;3;22;438;9.79;3.51;2.9;
2;3;22;439;6.77;3.51;3.24;
2;3;22;440;4.17;3.51;3.68;
2;3;22;441;2.46;3.51;2.97;
2;3;22;443;7.45;3.51;2.03;
2;3;22;455;9.99;3.51;3.27;
2;3;24;391;9.06;1.34;2.28;
2;3;24;393;9.4;1.34;2.08;
2;3;24;439;6.44;1.34;3.24;
2;3;24;440;7.3;1.34;3.68;
2;3;24;441;8.45;1.34;2.97;
2;3;67;440;7.46;2.01;3.68;
2;3;67;441;6.6;2.01;2.97;
2;3;67;443;8.24;2.01;2.03;
2;3;67;455;8.44;2.01;3.27;
2;3;72;296;9.51;1.75;1.4;
2;3;72;297;8.18;1.75;1.84;
2;3;72;299;8.42;1.75;2.25;
2;3;73;296;9.29;1.6;1.4;
2;3;73;297;6.56;1.6;1.84;
2;3;73;299;7.69;1.6;2.25;
2;3;74;91;9.13;2.22;1.88;
2;3;74;94;8.4;2.22;1.97;
2;3;74;114;9.14;2.22;2.13;
2;3;74;296;9.27;2.22;1.4;
2;3;74;297;5.93;2.22;1.84;
2;3;74;299;5.25;2.22;2.25;
2;3;74;300;8.45;2.22;2.14;
2;3;76;54;9.08;1.31;1.96;
2;3;76;91;9.95;1.31;1.88;
2;3;76;299;7.52;1.31;2.25;
2;3;76;300;7.56;1.31;2.14;
2;3;80;50;9.16;0.91;2.43;
2;3;80;51;9.14;0.91;2.06;
2;3;80;496;7.83;0.91;3.28;
2;3;147;94;9.25;1.6;1.97;
2;3;158;94;9.19;1.98;1.97;
2;3;160;90;8.14;1.69;2.7;
2;3;160;91;9.17;1.69;1.88;
2;3;163;50;5.88;2.29;2.43;
2;3;163;51;8.81;2.29;2.06;
2;3;167;50;8.09;1.23;2.43;
2;3;167;51;8.95;1.23;2.06;
2;3;169;54;9.68;1.3;1.96;
2;3;169;300;9.89;1.3;2.14;
2;3;174;94;9.08;2.14;1.97;
2;3;174;97;9.99;2.14;2.09;
2;3;174;112;8.68;2.14;4.16;
2;3;174;114;8.07;2.14;2.13;
2;3;174;297;7.8;2.14;1.84;
2;3;174;299;9.24;2.14;2.25;
2;3;176;112;6.14;3.21;4.16;
2;3;176;114;6.78;3.21;2.13;
2;3;176;297;8.84;3.21;1.84;
2;3;181;58;9.99;2.18;1.05;
2;3;181;296;7.4;2.18;1.4;
2;3;181;297;6.9;2.18;1.84;
2;3;314;495;7.74;1.15;2.6;
2;3;314;496;6.6;1.15;3.28;
2;3;314;497;8.97;1.15;2.33;
2;3;318;51;8.3;2.32;2.06;
2;3;318;54;6.98;2.32;1.96;
2;3;318;56;8.09;2.32;1.22;
2;3;318;299;7.9;2.32;2.25;
2;3;318;300;6.97;2.32;2.14;
2;3;318;387;9.37;2.32;1.61;
2;3;318;388;8.36;2.32;1.43;
2;3;318;389;8.71;2.32;2.23;
2;3;320;54;6.64;4.48;1.96;
2;3;320;56;1.35;4.48;1.22;
2;3;320;58;6.85;4.48;1.05;
2;3;320;296;6.62;4.48;1.4;
2;3;320;297;7.81;4.48;1.84;
2;3;320;299;5.03;4.48;2.25;
2;3;320;300;4.81;4.48;2.14;
2;3;320;387;7.52;4.48;1.61;
2;3;320;388;8.7;4.48;1.43;
2;3;321;51;7.22;4.37;2.06;
2;3;321;54;4.54;4.37;1.96;
2;3;321;56;4.44;4.37;1.22;
2;3;321;58;9.5;4.37;1.05;
2;3;321;299;8.2;4.37;2.25;
2;3;321;300;5.86;4.37;2.14;
2;3;321;387;8.08;4.37;1.61;
2;3;321;388;7.59;4.37;1.43;
2;3;322;51;7.6;4.22;2.06;
2;3;322;54;7.19;4.22;1.96;
2;3;322;56;6.49;4.22;1.22;
2;3;322;58;9.63;4.22;1.05;
2;3;322;299;9.7;4.22;2.25;
2;3;322;300;8.31;4.22;2.14;
2;3;322;387;5.51;4.22;1.61;
2;3;322;388;4.1;4.22;1.43;
2;3;322;389;6.69;4.22;2.23;
2;3;322;443;9.04;4.22;2.03;
2;3;322;497;8.81;4.22;2.33;
2;3;323;51;7.99;3.25;2.06;
2;3;323;54;8.65;3.25;1.96;
2;3;323;56;9.07;3.25;1.22;
2;3;323;300;9.61;3.25;2.14;
2;3;323;387;7.07;3.25;1.61;
2;3;323;388;4.99;3.25;1.43;
2;3;323;389;5.07;3.25;2.23;
2;3;323;441;9.95;3.25;2.97;
2;3;323;443;8.08;3.25;2.03;
2;3;323;497;8.01;3.25;2.33;
2;3;324;56;9.78;2.38;1.22;
2;3;324;387;6.12;2.38;1.61;
2;3;324;388;5.75;2.38;1.43;
2;3;324;389;5.09;2.38;2.23;
2;3;324;441;8.37;2.38;2.97;
2;3;324;443;5.91;2.38;2.03;
2;3;326;51;9.74;2.32;2.06;
2;3;326;387;9.78;2.32;1.61;
2;3;326;388;6.75;2.32;1.43;
2;3;326;389;4.05;2.32;2.23;
2;3;326;391;5.78;2.32;2.28;
2;3;326;394;9.92;2.32;1.81;
2;3;326;440;9.99;2.32;3.68;
2;3;326;441;6.94;2.32;2.97;
2;3;326;443;7.89;2.32;2.03;
2;3;326;495;8.96;2.32;2.6;
2;3;326;496;8.56;2.32;3.28;
2;3;326;497;6.69;2.32;2.33;
2;3;327;51;9.42;1.65;2.06;
2;3;327;389;7.73;1.65;2.23;
2;3;327;391;7.47;1.65;2.28;
2;3;327;441;9.41;1.65;2.97;
2;3;327;495;7.4;1.65;2.6;
2;3;327;496;6.64;1.65;3.28;
2;3;327;497;6.58;1.65;2.33;
2;3;328;389;9.67;1.24;2.23;
2;3;328;391;6.7;1.24;2.28;
2;3;328;393;8.85;1.24;2.08;
2;3;328;394;8.28;1.24;1.81;
2;3;328;439;9.81;1.24;3.24;
2;3;328;441;9.21;1.24;2.97;
2;3;328;495;7.02;1.24;2.6;
2;3;328;496;7.87;1.24;3.28;
2;3;328;497;8.82;1.24;2.33;
2;3;329;391;9.78;1.11;2.28;
2;3;329;394;9.43;1.11;1.81;
2;3;329;495;6.33;1.11;2.6;
2;3;329;496;7.33;1.11;3.28;
2;3;329;497;9.8;1.11;2.33;
3;4;10;410;4.04;12.88;0.93;
3;4;10;411;4.85;12.88;1.03;
3;4;11;410;4.99;12.29;0.93;
3;4;11;411;3.17;12.29;1.03;
3;4;11;413;7.67;12.29;0.77;
3;4;11;425;8.8;12.29;0.75;
3;4;12;410;4.46;12.33;0.93;
3;4;12;411;1.4;12.33;1.03;
3;4;12;413;4.22;12.33;0.77;
3;4;12;421;9.63;12.33;0.93;
3;4;12;425;6.67;12.33;0.75;
3;4;13;410;8.15;11.95;0.93;
3;4;13;411;4.49;11.95;1.03;
3;4;13;413;5.59;11.95;0.77;
3;4;13;421;9.71;11.95;0.93;
3;4;13;423;9.22;11.95;0.81;
3;4;13;425;6.33;11.95;0.75;
3;4;14;410;9.81;11.49;0.93;
3;4;14;411;6.92;11.49;1.03;
3;4;14;413;4.07;11.49;0.77;
3;4;14;421;6.49;11.49;0.93;
3;4;14;423;5.38;11.49;0.81;
3;4;14;425;4.84;11.49;0.75;
3;4;14;436;9.81;11.49;1.24;
3;4;15;411;9.96;11.32;1.03;
3;4;15;413;7.93;11.32;0.77;
3;4;15;421;8.26;11.32;0.93;
3;4;15;423;5.89;11.32;0.81;
3;4;15;425;7.64;11.32;0.75;
3;4;15;436;7.8;11.32;1.24;
3;4;15;438;9.45;11.32;2.9;
3;4;16;393;9.14;10.7;2.08;
3;4;16;413;9.32;10.7;0.77;
3;4;16;421;9.41;10.7;0.93;
3;4;16;423;4.75;10.7;0.81;
3;4;16;425;7.51;10.7;0.75;
3;4;16;436;4.35;10.7;1.24;
3;4;16;438;7.26;10.7;2.9;
3;4;16;462;8.58;10.7;1.36;
3;4;17;393;7.85;10.14;2.08;
3;4;17;423;6.74;10.14;0.81;
3;4;17;436;5.63;10.14;1.24;
3;4;17;438;3.89;10.14;2.9;
3;4;17;439;7.28;10.14;3.24;
3;4;17;440;9.87;10.14;3.68;
3;4;17;462;6.79;10.14;1.36;
3;4;18;391;9.35;10.14;2.28;
3;4;18;393;4.55;10.14;2.08;
3;4;18;394;8.14;10.14;1.81;
3;4;18;436;5.12;10.14;1.24;
3;4;18;438;2.75;10.14;2.9;
3;4;18;439;4.32;10.14;3.24;
3;4;18;440;7.68;10.14;3.68;
3;4;18;462;9.81;10.14;1.36;
3;4;19;391;6.21;8.9;2.28;
3;4;19;393;2.9;8.9;2.08;
3;4;19;394;6.17;8.9;1.81;
3;4;19;436;5.89;8.9;1.24;
3;4;19;438;3.45;8.9;2.9;
3;4;19;439;4.07;8.9;3.24;
3;4;19;440;5.52;8.9;3.68;
3;4;19;441;7.64;8.9;2.97;
3;4;19;462;9.95;8.9;1.36;
3;4;20;391;6.37;8.17;2.28;
3;4;20;393;5.72;8.17;2.08;
3;4;20;394;8.95;8.17;1.81;
3;4;20;436;9.65;8.17;1.24;
3;4;20;438;4.14;8.17;2.9;
3;4;20;439;2.49;8.17;3.24;
3;4;20;440;1.9;8.17;3.68;
3;4;20;441;5.34;8.17;2.97;
3;4;21;389;8.6;6.09;2.23;
3;4;21;391;4.07;6.09;2.28;
3;4;21;393;5.85;6.09;2.08;
3;4;21;394;7.92;6.09;1.81;
3;4;21;438;7.37;6.09;2.9;
3;4;21;439;4.17;6.09;3.24;
3;4;21;440;3.27;6.09;3.68;
3;4;21;441;3.78;6.09;2.97;
3;4;21;443;9.54;6.09;2.03;
3;4;22;389;6.92;3.51;2.23;
3;4;22;391;5.82;3.51;2.28;
3;4;22;393;9.44;3.51;2.08;
3;4;22;439;7.4;3.51;3.24;
3;4;22;440;4.55;3.51;3.68;
3;4;22;441;2.53;3.51;2.97;
3;4;22;443;7.08;3.51;2.03;
3;4;24;391;9.1;1.34;2.28;
3;4;24;393;9.8;1.34;2.08;
3;4;24;439;6.64;1.34;3.24;
3;4;24;440;7.09;1.34;3.68;
3;4;24;441;8.12;1.34;2.97;
3;4;67;440;8.23;2.01;3.68;
3;4;67;441;7.19;2.01;2.97;
3;4;67;443;8.32;2.01;2.03;
3;4;72;296;9.19;1.75;1.4;
3;4;72;297;7.67;1.75;1.84;
3;4;72;299;8.17;1.75;2.25;
3;4;73;114;9.42;1.6;2.13;
3;4;73;296;9.17;1.6;1.4;
3;4;73;297;6.24;1.6;1.84;
3;4;73;299;7.64;1.6;2.25;
3;4;74;91;8.97;2.22;1.88;
3;4;74;94;7.99;2.22;1.97;
3;4;74;114;8.58;2.22;2.13;
3;4;74;296;9.19;2.22;1.4;
3;4;74;297;5.7;2.22;1.84;
3;4;74;299;5.29;2.22;2.25;
3;4;74;300;8.55;2.22;2.14;
3;4;76;54;9.06;1.31;1.96;
3;4;76;91;9.55;1.31;1.88;
3;4;76;299;7.15;1.31;2.25;
3;4;76;300;7.32;1.31;2.14;
3;4;80;50;8.96;0.91;2.43;
3;4;80;51;8.87;0.91;2.06;
3;4;80;496;7.92;0.91;3.28;
3;4;80;497;9.92;0.91;2.33;
3;4;147;94;8.82;1.6;1.97;
3;4;150;153;8.49;3.14;3.91;
3;4;158;94;8.81;1.98;1.97;
3;4;160;90;7.73;1.69;2.7;
3;4;160;91;8.89;1.69;1.88;
3;4;163;50;5.82;2.29;2.43;
3;4;163;51;8.74;2.29;2.06;
3;4;167;50;7.97;1.23;2.43;
3;4;167;51;8.81;1.23;2.06;
3;4;169;54;9.58;1.3;1.96;
3;4;169;91;9.71;1.3;1.88;
3;4;169;300;9.65;1.3;2.14;
3;4;174;94;8.82;2.14;1.97;
3;4;174;97;9.46;2.14;2.09;
3;4;174;112;8.05;2.14;4.16;
3;4;174;114;7.59;2.14;2.13;
3;4;174;297;7.83;2.14;1.84;
3;4;174;299;9.43;2.14;2.25;
3;4;176;112;5.61;3.21;4.16;
3;4;176;114;6.42;3.21;2.13;
3;4;176;294;9.79;3.21;1.13;
3;4;176;297;8.92;3.21;1.84;
3;4;177;112;8.9;3.23;4.16;
3;4;177;114;8.15;3.23;2.13;
3;4;177;294;9.31;3.23;1.13;
3;4;177;297;9.3;3.23;1.84;
3;4;181;294;9.53;2.18;1.13;
3;4;181;296;7.24;2.18;1.4;
3;4;181;297;6.6;2.18;1.84;
3;4;314;495;7.94;1.15;2.6;
3;4;314;496;6.65;1.15;3.28;
3;4;314;497;8.75;1.15;2.33;
3;4;318;51;8.57;2.32;2.06;
3;4;318;54;6.88;2.32;1.96;
3;4;318;56;7.73;2.32;1.22;
3;4;318;299;7.44;2.32;2.25;
3;4;318;300;6.62;2.32;2.14;
3;4;318;387;9.29;2.32;1.61;
3;4;318;388;8.48;2.32;1.43;
3;4;318;389;8.93;2.32;2.23;
3;4;319;54;7.18;2.32;1.96;
3;4;319;56;4.83;2.32;1.22;
3;4;319;58;9.15;2.32;1.05;
3;4;319;296;7.94;2.32;1.4;
3;4;319;297;7.79;2.32;1.84;
3;4;319;299;4.53;2.32;2.25;
3;4;319;300;5.08;2.32;2.14;
3;4;319;387;8.17;2.32;1.61;
3;4;319;388;8.84;2.32;1.43;
3;4;320;54;6.8;4.48;1.96;
3;4;320;56;1.01;4.48;1.22;
3;4;320;58;6.72;4.48;1.05;
3;4;320;296;6.32;4.48;1.4;
3;4;320;297;7.5;4.48;1.84;
3;4;320;299;4.8;4.48;2.25;
3;4;320;300;4.75;4.48;2.14;
3;4;320;387;7.77;4.48;1.61;
3;4;320;388;9.07;4.48;1.43;
3;4;321;51;7.55;4.37;2.06;
3;4;321;54;4.56;4.37;1.96;
3;4;321;56;4.1;4.37;1.22;
3;4;321;58;9.27;4.37;1.05;
3;4;321;299;7.93;4.37;2.25;
3;4;321;300;5.64;4.37;2.14;
3;4;321;387;8.12;4.37;1.61;
3;4;321;388;7.82;4.37;1.43;
3;4;322;51;7.84;4.22;2.06;
3;4;322;54;7.08;4.22;1.96;
3;4;322;56;6.04;4.22;1.22;
3;4;322;58;9.25;4.22;1.05;
3;4;322;299;9.33;4.22;2.25;
3;4;322;300;8.0;4.22;2.14;
3;4;322;387;5.37;4.22;1.61;
3;4;322;388;4.31;4.22;1.43;
3;4;322;389;6.96;4.22;2.23;
3;4;322;443;9.15;4.22;2.03;
3;4;322;497;9.28;4.22;2.33;
3;4;323;51;8.19;3.25;2.06;
3;4;323;54;8.48;3.25;1.96;
3;4;323;56;8.61;3.25;1.22;
3;4;323;300;9.25;3.25;2.14;
3;4;323;387;6.78;3.25;1.61;
3;4;323;388;4.96;3.25;1.43;
3;4;323;389;5.25;3.25;2.23;
3;4;323;443;8.03;3.25;2.03;
3;4;323;497;8.46;3.25;2.33;
3;4;324;56;9.41;2.38;1.22;
3;4;324;387;5.97;2.38;1.61;
3;4;324;388;5.91;2.38;1.43;
3;4;324;389;5.51;2.38;2.23;
3;4;324;441;8.81;2.38;2.97;
3;4;324;443;6.08;2.38;2.03;
3;4;326;51;9.72;2.32;2.06;
3;4;326;387;9.29;2.32;1.61;
3;4;326;388;6.37;2.32;1.43;
3;4;326;389;3.74;2.32;2.23;
3;4;326;391;6.14;2.32;2.28;
3;4;326;441;6.88;2.32;2.97;
3;4;326;443;7.49;2.32;2.03;
3;4;326;495;9.54;2.32;2.6;
3;4;326;496;9.03;2.32;3.28;
3;4;326;497;7.0;2.32;2.33;
3;4;327;51;9.29;1.65;2.06;
3;4;327;388;9.71;1.65;1.43;
3;4;327;389;7.37;1.65;2.23;
3;4;327;391;7.53;1.65;2.28;
3;4;327;441;9.16;1.65;2.97;
3;4;327;495;7.9;1.65;2.6;
3;4;327;496;7.04;1.65;3.28;
3;4;327;497;6.67;1.65;2.33;
3;4;328;389;9.16;1.24;2.23;
3;4;328;391;6.5;1.24;2.28;
3;4;328;393;9.03;1.24;2.08;
3;4;328;394;8.54;1.24;1.81;
3;4;328;439;9.76;1.24;3.24;
3;4;328;440;9.99;1.24;3.68;
3;4;328;441;8.71;1.24;2.97;
3;4;328;495;7.39;1.24;2.6;
3;4;328;496;8.04;1.24;3.28;
3;4;328;497;8.7;1.24;2.33;
3;4;329;391;9.36;1.11;2.28;
3;4;329;394;9.32;1.11;1.81;
3;4;329;495;6.37;1.11;2.6;
3;4;329;496;7.22;1.11;3.28;
3;4;329;497;9.47;1.11;2.33;
4;5;10;410;6.33;12.88;0.93;
4;5;10;411;6.61;12.88;1.03;
4;5;12;410;5.01;12.33;0.93;
4;5;12;411;1.79;12.33;1.03;
4;5;12;413;6.37;12.33;0.77;
4;5;12;425;7.75;12.33;0.75;
4;5;13;410;8.34;11.95;0.93;
4;5;13;411;4.56;11.95;1.03;
4;5;13;413;7.22;11.95;0.77;
4;5;13;425;7.59;11.95;0.75;
4;5;14;410;8.98;11.49;0.93;
4;5;14;411;5.54;11.49;1.03;
4;5;14;413;4.45;11.49;0.77;
4;5;14;421;8.47;11.49;0.93;
4;5;14;423;7.32;11.49;0.81;
4;5;14;425;4.75;11.49;0.75;
4;5;15;411;8.89;11.32;1.03;
4;5;15;413;7.81;11.32;0.77;
4;5;15;421;9.42;11.32;0.93;
4;5;15;423;7.25;11.32;0.81;
4;5;15;425;7.37;11.32;0.75;
4;5;15;436;8.33;11.32;1.24;
4;5;16;393;9.42;10.7;2.08;
4;5;16;413;8.96;10.7;0.77;
4;5;16;423;5.99;10.7;0.81;
4;5;16;425;6.81;10.7;0.75;
4;5;16;436;4.54;10.7;1.24;
4;5;16;438;8.43;10.7;2.9;
4;5;17;393;7.81;10.14;2.08;
4;5;17;423;6.69;10.14;0.81;
4;5;17;436;4.95;10.14;1.24;
4;5;17;438;4.94;10.14;2.9;
4;5;17;439;7.79;10.14;3.24;
4;5;18;393;4.81;10.14;2.08;
4;5;18;394;8.0;10.14;1.81;
4;5;18;436;4.71;10.14;1.24;
4;5;18;438;4.47;10.14;2.9;
4;5;18;439;5.43;10.14;3.24;
4;5;18;440;9.03;10.14;3.68;
4;5;19;391;6.71;8.9;2.28;
4;5;19;393;1.88;8.9;2.08;
4;5;19;394;5.34;8.9;1.81;
4;5;19;436;4.74;8.9;1.24;
4;5;19;438;4.1;8.9;2.9;
4;5;19;439;4.52;8.9;3.24;
4;5;19;440;6.82;8.9;3.68;
4;5;19;441;8.84;8.9;2.97;
4;5;20;391;6.3;8.17;2.28;
4;5;20;393;4.45;8.17;2.08;
4;5;20;394;7.95;8.17;1.81;
4;5;20;436;8.42;8.17;1.24;
4;5;20;438;3.46;8.17;2.9;
4;5;20;439;1.29;8.17;3.24;
4;5;20;440;3.3;8.17;3.68;
4;5;20;441;6.33;8.17;2.97;
4;5;21;389;9.32;6.09;2.23;
4;5;21;391;4.11;6.09;2.28;
4;5;21;393;4.9;6.09;2.08;
4;5;21;394;6.98;6.09;1.81;
4;5;21;438;7.18;6.09;2.9;
4;5;21;439;3.86;6.09;3.24;
4;5;21;440;4.3;6.09;3.68;
4;5;21;441;5.08;6.09;2.97;
4;5;22;389;7.22;3.51;2.23;
4;5;22;391;4.99;3.51;2.28;
4;5;22;393;8.31;3.51;2.08;
4;5;22;394;9.85;3.51;1.81;
4;5;22;438;9.56;3.51;2.9;
4;5;22;439;6.45;3.51;3.24;
4;5;22;440;4.17;3.51;3.68;
4;5;22;441;2.73;3.51;2.97;
4;5;22;443;7.93;3.51;2.03;
4;5;24;391;9.21;1.34;2.28;
4;5;24;393;9.37;1.34;2.08;
4;5;24;439;6.53;1.34;3.24;
4;5;24;440;7.64;1.34;3.68;
4;5;24;441;8.82;1.34;2.97;
4;5;67;440;6.88;2.01;3.68;
4;5;67;441;6.11;2.01;2.97;
4;5;67;443;8.25;2.01;2.03;
4;5;67;455;8.32;2.01;3.27;
4;5;72;296;9.84;1.75;1.4;
4;5;72;297;8.62;1.75;1.84;
4;5;72;299;8.59;1.75;2.25;
4;5;73;296;9.36;1.6;1.4;
4;5;73;297;6.79;1.6;1.84;
4;5;73;299;7.69;1.6;2.25;
4;5;74;56;9.86;2.22;1.22;
4;5;74;91;9.19;2.22;1.88;
4;5;74;94;8.6;2.22;1.97;
4;5;74;114;9.47;2.22;2.13;
4;5;74;296;9.22;2.22;1.4;
4;5;74;297;6.02;2.22;1.84;
4;5;74;299;5.14;2.22;2.25;
4;5;74;300;8.27;2.22;2.14;
4;5;76;54;9.01;1.31;1.96;
4;5;76;299;7.79;1.31;2.25;
4;5;76;300;7.68;1.31;2.14;
4;5;80;50;9.24;0.91;2.43;
4;5;80;51;9.4;0.91;2.06;
4;5;80;496;8.02;0.91;3.28;
4;5;147;94;9.2;1.6;1.97;
4;5;150;153;8.64;3.14;3.91;
4;5;158;94;9.13;1.98;1.97;
4;5;160;90;8.04;1.69;2.7;
4;5;160;91;9.2;1.69;1.88;
4;5;163;50;6.11;2.29;2.43;
4;5;163;51;9.1;2.29;2.06;
4;5;167;50;8.23;1.23;2.43;
4;5;167;51;9.24;1.23;2.06;
4;5;169;54;9.79;1.3;1.96;
4;5;174;94;9.19;2.14;1.97;
4;5;174;112;9.06;2.14;4.16;
4;5;174;114;8.24;2.14;2.13;
4;5;174;297;7.64;2.14;1.84;
4;5;174;299;9.01;2.14;2.25;
4;5;176;112;6.91;3.21;4.16;
4;5;176;114;7.0;3.21;2.13;
4;5;176;297;8.44;3.21;1.84;
4;5;181;58;9.9;2.18;1.05;
4;5;181;296;7.61;2.18;1.4;
4;5;181;297;7.28;2.18;1.84;
4;5;314;495;7.9;1.15;2.6;
4;5;314;496;6.72;1.15;3.28;
4;5;314;497;9.19;1.15;2.33;
4;5;318;51;8.06;2.32;2.06;
4;5;318;54;7.02;2.32;1.96;
4;5;318;56;8.42;2.32;1.22;
4;5;318;299;8.33;2.32;2.25;
4;5;318;300;7.25;2.32;2.14;
4;5;318;387;9.45;2.32;1.61;
4;5;318;388;8.33;2.32;1.43;
4;5;318;389;8.56;2.32;2.23;
4;5;319;54;6.98;2.32;1.96;
4;5;319;56;5.34;2.32;1.22;
4;5;319;58;9.6;2.32;1.05;
4;5;319;296;8.77;2.32;1.4;
4;5;319;297;8.76;2.32;1.84;
4;5;319;299;5.41;2.32;2.25;
4;5;319;300;5.47;2.32;2.14;
4;5;319;387;7.87;2.32;1.61;
4;5;319;388;8.23;2.32;1.43;
4;5;319;389;9.59;2.32;2.23;
4;5;320;54;6.44;4.48;1.96;
4;5;320;56;1.74;4.48;1.22;
4;5;320;58;7.02;4.48;1.05;
4;5;320;296;7.05;4.48;1.4;
4;5;320;297;8.26;4.48;1.84;
4;5;320;299;5.37;4.48;2.25;
4;5;320;300;4.91;4.48;2.14;
4;5;320;387;7.19;4.48;1.61;
4;5;320;388;8.27;4.48;1.43;
4;5;321;50;9.82;4.37;2.43;
4;5;321;51;6.83;4.37;2.06;
4;5;321;54;4.53;4.37;1.96;
4;5;321;56;4.89;4.37;1.22;
4;5;321;58;9.82;4.37;1.05;
4;5;321;299;8.56;4.37;2.25;
4;5;321;300;6.14;4.37;2.14;
4;5;321;387;8.03;4.37;1.61;
4;5;321;388;7.39;4.37;1.43;
4;5;322;51;7.25;4.22;2.06;
4;5;322;54;7.25;4.22;1.96;
4;5;322;56;6.96;4.22;1.22;
4;5;322;300;8.59;4.22;2.14;
4;5;322;387;5.7;4.22;1.61;
4;5;322;388;3.99;4.22;1.43;
4;5;322;389;6.46;4.22;2.23;
4;5;322;443;8.99;4.22;2.03;
4;5;322;497;8.38;4.22;2.33;
4;5;323;51;7.74;3.25;2.06;
4;5;323;54;8.75;3.25;1.96;
4;5;323;56;9.48;3.25;1.22;
4;5;323;300;9.9;3.25;2.14;
4;5;323;387;7.34;3.25;1.61;
4;5;323;388;5.08;3.25;1.43;
4;5;323;389;4.95;3.25;2.23;
4;5;323;391;9.77;3.25;2.28;
4;5;323;441;9.82;3.25;2.97;
4;5;323;443;8.15;3.25;2.03;
4;5;323;497;7.61;3.25;2.33;
4;5;324;387;6.31;2.38;1.61;
4;5;324;388;5.6;2.38;1.43;
4;5;324;389;4.69;2.38;2.23;
4;5;324;391;9.75;2.38;2.28;
4;5;324;441;8.02;2.38;2.97;
4;5;324;443;5.81;2.38;2.03;
4;5;326;51;9.61;2.32;2.06;
4;5;326;388;7.19;2.32;1.43;
4;5;326;389;4.51;2.32;2.23;
4;5;326;391;5.72;2.32;2.28;
4;5;326;394;9.65;2.32;1.81;
4;5;326;441;7.15;2.32;2.97;
4;5;326;443;8.35;2.32;2.03;
4;5;326;495;8.49;2.32;2.6;
4;5;326;496;8.13;2.32;3.28;
4;5;326;497;6.4;2.32;2.33;
4;5;327;51;9.45;1.65;2.06;
4;5;327;389;8.18;1.65;2.23;
4;5;327;391;7.69;1.65;2.28;
4;5;327;441;9.72;1.65;2.97;
4;5;327;495;7.11;1.65;2.6;
4;5;327;496;6.37;1.65;3.28;
4;5;327;497;6.54;1.65;2.33;
4;5;328;391;7.13;1.24;2.28;
4;5;328;393;9.04;1.24;2.08;
4;5;328;394;8.38;1.24;1.81;
4;5;328;441;9.67;1.24;2.97;
4;5;328;495;6.84;1.24;2.6;
4;5;328;496;7.71;1.24;3.28;
4;5;328;497;8.85;1.24;2.33;
4;5;329;394;9.77;1.11;1.81;
4;5;329;495;6.46;1.11;2.6;
4;5;329;496;7.39;1.11;3.28;
5;6;12;410;5.28;12.33;0.93;
5;6;12;411;3.47;12.33;1.03;
5;6;12;413;8.86;12.33;0.77;
5;6;14;410;8.26;11.49;0.93;
5;6;14;411;4.72;11.49;1.03;
5;6;14;413;6.02;11.49;0.77;
5;6;14;425;7.16;11.49;0.75;
5;6;16;413;8.53;10.7;0.77;
5;6;16;425;6.98;10.7;0.75;
5;6;16;436;6.26;10.7;1.24;
5;6;16;438;9.37;10.7;2.9;
5;6;17;393;8.74;10.14;2.08;
5;6;17;436;6.07;10.14;1.24;
5;6;17;438;6.03;10.14;2.9;
5;6;17;439;8.44;10.14;3.24;
5;6;19;391;7.6;8.9;2.28;
5;6;19;393;2.41;8.9;2.08;
5;6;19;394;5.89;8.9;1.81;
5;6;19;436;4.39;8.9;1.24;
5;6;19;438;3.96;8.9;2.9;
5;6;19;439;4.5;8.9;3.24;
5;6;19;440;7.38;8.9;3.68;
5;6;19;441;9.67;8.9;2.97;
5;6;20;391;7.02;8.17;2.28;
5;6;20;393;4.48;8.17;2.08;
5;6;20;394;8.14;8.17;1.81;
5;6;20;436;8.18;8.17;1.24;
5;6;20;438;3.25;8.17;2.9;
5;6;20;439;0.61;8.17;3.24;
5;6;20;440;4.17;8.17;3.68;
5;6;20;441;7.26;8.17;2.97;
5;6;21;391;4.75;6.09;2.28;
5;6;21;393;4.73;6.09;2.08;
5;6;21;394;6.99;6.09;1.81;
5;6;21;438;7.01;6.09;2.9;
5;6;21;439;3.58;6.09;3.24;
5;6;21;440;4.73;6.09;3.68;
5;6;21;441;5.87;6.09;2.97;
5;6;22;389;7.79;3.51;2.23;
5;6;22;391;5.03;3.51;2.28;
5;6;22;393;7.92;3.51;2.08;
5;6;22;394;9.6;3.51;1.81;
5;6;22;438;9.21;3.51;2.9;
5;6;22;439;5.95;3.51;3.24;
5;6;22;440;4.06;3.51;3.68;
5;6;22;441;3.27;3.51;2.97;
5;6;22;443;8.66;3.51;2.03;
5;6;67;439;9.86;2.01;3.24;
5;6;67;440;6.65;2.01;3.68;
5;6;67;441;6.09;2.01;2.97;
5;6;67;443;8.63;2.01;2.03;
5;6;72;297;9.15;1.75;1.84;
5;6;72;299;8.92;1.75;2.25;
5;6;73;296;9.89;1.6;1.4;
5;6;73;297;7.35;1.6;1.84;
5;6;73;299;7.95;1.6;2.25;
5;6;74;91;9.31;2.22;1.88;
5;6;74;94;8.78;2.22;1.97;
5;6;74;296;9.72;2.22;1.4;
5;6;74;297;6.6;2.22;1.84;
5;6;74;299;5.47;2.22;2.25;
5;6;74;300;8.41;2.22;2.14;
5;6;76;54;9.29;1.31;1.96;
5;6;76;299;8.37;1.31;2.25;
5;6;76;300;8.18;1.31;2.14;
5;6;80;50;9.6;0.91;2.43;
5;6;80;51;9.83;0.91;2.06;
5;6;80;496;8.15;0.91;3.28;
5;6;147;94;9.69;1.6;1.97;
5;6;158;94;9.72;1.98;1.97;
5;6;160;90;8.6;1.69;2.7;
5;6;160;91;9.74;1.69;1.88;
5;6;163;50;6.26;2.29;2.43;
5;6;163;51;9.23;2.29;2.06;
5;6;167;50;8.48;1.23;2.43;
5;6;167;51;9.52;1.23;2.06;
5;6;174;94;9.3;2.14;1.97;
5;6;174;112;9.56;2.14;4.16;
5;6;174;114;8.89;2.14;2.13;
5;6;174;297;8.06;2.14;1.84;
5;6;174;299;9.17;2.14;2.25;
5;6;181;296;8.02;2.18;1.4;
5;6;181;297;7.55;2.18;1.84;
5;6;314;495;8.0;1.15;2.6;
5;6;314;496;6.97;1.15;3.28;
5;6;314;497;9.6;1.15;2.33;
5;6;318;51;8.03;2.32;2.06;
5;6;318;54;7.28;2.32;1.96;
5;6;318;56;8.96;2.32;1.22;
5;6;318;299;8.76;2.32;2.25;
5;6;318;300;7.67;2.32;2.14;
5;6;318;387;9.79;2.32;1.61;
5;6;318;388;8.53;2.32;1.43;
5;6;318;389;8.58;2.32;2.23;
5;6;318;497;9.94;2.32;2.33;
5;6;320;54;6.28;4.48;1.96;
5;6;320;56;2.18;4.48;1.22;
5;6;320;58;7.35;4.48;1.05;
5;6;320;296;7.33;4.48;1.4;
5;6;320;297;8.41;4.48;1.84;
5;6;320;299;5.36;4.48;2.25;
5;6;320;300;4.83;4.48;2.14;
5;6;320;387;7.17;4.48;1.61;
5;6;320;388;8.13;4.48;1.43;
5;6;321;50;9.6;4.37;2.43;
5;6;321;51;6.55;4.37;2.06;
5;6;321;54;4.46;4.37;1.96;
5;6;321;56;5.16;4.37;1.22;
5;6;321;299;8.63;4.37;2.25;
5;6;321;300;6.19;4.37;2.14;
5;6;321;387;8.02;4.37;1.61;
5;6;321;388;7.24;4.37;1.43;
5;6;321;389;9.94;4.37;2.23;
5;6;321;497;9.97;4.37;2.33;
5;6;322;51;7.1;4.22;2.06;
5;6;322;54;7.35;4.22;1.96;
5;6;322;56;7.35;4.22;1.22;
5;6;322;300;8.76;4.22;2.14;
5;6;322;387;5.9;4.22;1.61;
5;6;322;388;3.97;4.22;1.43;
5;6;322;389;6.2;4.22;2.23;
5;6;322;443;8.89;4.22;2.03;
5;6;322;497;8.09;4.22;2.33;
5;6;323;51;7.76;3.25;2.06;
5;6;323;54;8.99;3.25;1.96;
5;6;323;56;9.96;3.25;1.22;
5;6;323;387;7.76;3.25;1.61;
5;6;323;388;5.39;3.25;1.43;
5;6;323;389;4.97;3.25;2.23;
5;6;323;391;9.53;3.25;2.28;
5;6;323;441;9.65;3.25;2.97;
5;6;323;443;8.28;3.25;2.03;
5;6;323;496;9.99;3.25;3.28;
5;6;323;497;7.46;3.25;2.33;
5;6;324;387;6.8;2.38;1.61;
5;6;324;388;5.89;2.38;1.43;
5;6;324;389;4.68;2.38;2.23;
5;6;324;391;9.48;2.38;2.28;
5;6;324;441;7.78;2.38;2.97;
5;6;324;443;5.98;2.38;2.03;
5;6;326;51;9.84;2.32;2.06;
5;6;326;388;7.71;2.32;1.43;
5;6;326;389;4.95;2.32;2.23;
5;6;326;391;5.59;2.32;2.28;
5;6;326;394;9.39;2.32;1.81;
5;6;326;440;9.94;2.32;3.68;
5;6;326;441;7.16;2.32;2.97;
5;6;326;443;8.75;2.32;2.03;
5;6;326;495;8.22;2.32;2.6;
5;6;326;496;7.96;2.32;3.28;
5;6;326;497;6.49;2.32;2.33;
5;6;327;51;9.79;1.65;2.06;
5;6;327;389;8.62;1.65;2.23;
5;6;327;391;7.82;1.65;2.28;
5;6;327;441;9.93;1.65;2.97;
5;6;327;495;6.97;1.65;2.6;
5;6;327;496;6.35;1.65;3.28;
5;6;327;497;6.81;1.65;2.33;
5;6;328;391;7.53;1.24;2.28;
5;6;328;393;9.12;1.24;2.08;
5;6;328;394;8.5;1.24;1.81;
5;6;328;495;6.87;1.24;2.6;
5;6;328;496;7.84;1.24;3.28;
5;6;328;497;9.21;1.24;2.33;
5;6;329;495;6.73;1.11;2.6;
5;6;329;496;7.74;1.11;3.28;
1;6;50;80;9.51;2.43;0.91;
1;6;50;163;6.3;2.43;2.29;
1;6;50;167;8.44;2.43;1.23;
1;6;50;321;9.75;2.43;4.37;
1;6;51;80;9.72;2.06;0.91;
1;6;51;163;9.27;2.06;2.29;
1;6;51;167;9.48;2.06;1.23;
1;6;51;318;8.18;2.06;2.32;
1;6;51;321;6.76;2.06;4.37;
1;6;51;322;7.19;2.06;4.22;
1;6;51;323;7.79;2.06;3.25;
1;6;51;326;9.7;2.06;2.32;
1;6;51;327;9.64;2.06;1.65;
1;6;54;76;9.25;1.96;1.31;
1;6;54;318;7.12;1.96;2.32;
1;6;54;320;6.31;1.96;4.48;
1;6;54;321;4.31;1.96;4.37;
1;6;54;322;7.1;1.96;4.22;
1;6;54;323;8.72;1.96;3.25;
1;6;56;318;8.64;1.22;2.32;
1;6;56;320;1.81;1.22;4.48;
1;6;56;321;4.84;1.22;4.37;
1;6;56;322;6.91;1.22;4.22;
1;6;56;323;9.52;1.22;3.25;
1;6;58;320;7.26;1.05;4.48;
1;6;58;321;9.92;1.05;4.37;
1;6;90;160;8.33;2.7;1.69;
1;6;91;74;9.08;1.88;2.22;
1;6;91;160;9.53;1.88;1.69;
1;6;94;74;8.33;1.97;2.22;
1;6;94;147;9.34;1.97;1.6;
1;6;94;158;9.42;1.97;1.98;
1;6;94;174;9.02;1.97;2.14;
1;6;97;174;10.0;2.09;2.14;
1;6;112;174;8.94;4.16;2.14;
1;6;112;176;6.42;4.16;3.21;
1;6;114;74;9.56;2.13;2.22;
1;6;114;174;8.43;2.13;2.14;
1;6;114;176;6.97;2.13;3.21;
1;6;153;150;8.87;3.91;3.14;
1;6;296;73;9.72;1.4;1.6;
1;6;296;74;9.63;1.4;2.22;
1;6;296;181;7.72;1.4;2.18;
1;6;296;320;7.03;1.4;4.48;
1;6;297;72;8.63;1.84;1.75;
1;6;297;73;6.99;1.84;1.6;
1;6;297;74;6.36;1.84;2.22;
1;6;297;174;8.04;1.84;2.14;
1;6;297;176;8.67;1.84;3.21;
1;6;297;181;7.11;1.84;2.18;
1;6;297;320;8.07;1.84;4.48;
1;6;299;72;8.61;2.25;1.75;
1;6;299;73;7.82;2.25;1.6;
1;6;299;74;5.43;2.25;2.22;
1;6;299;76;8.02;2.25;1.31;
1;6;299;174;9.3;2.25;2.14;
1;6;299;318;8.31;2.25;2.32;
1;6;299;320;5.06;2.25;4.48;
1;6;299;321;8.33;2.25;4.37;
1;6;299;322;9.89;2.25;4.22;
1;6;300;74;8.47;2.14;2.22;
1;6;300;76;7.94;2.14;1.31;
1;6;300;318;7.3;2.14;2.32;
1;6;300;320;4.65;2.14;4.48;
1;6;300;321;5.89;2.14;4.37;
1;6;300;322;8.4;2.14;4.22;
1;6;300;323;9.81;2.14;3.25;
1;6;387;318;9.79;1.61;2.32;
1;6;387;320;7.46;1.61;4.48;
1;6;387;321;8.15;1.61;4.37;
1;6;387;322;5.85;1.61;4.22;
1;6;387;323;7.57;1.61;3.25;
1;6;387;324;6.66;1.61;2.38;
1;6;388;318;8.68;1.43;2.32;
1;6;388;320;8.49;1.43;4.48;
1;6;388;321;7.5;1.43;4.37;
1;6;388;322;4.19;1.43;4.22;
1;6;388;323;5.4;1.43;3.25;
1;6;388;324;5.99;1.43;2.38;
1;6;388;326;7.47;1.43;2.32;
1;6;389;21;9.77;2.23;6.09;
1;6;389;22;7.66;2.23;3.51;
1;6;389;318;8.82;2.23;2.32;
1;6;389;322;6.48;2.23;4.22;
1;6;389;323;5.17;2.23;3.25;
1;6;389;324;5.03;2.23;2.38;
1;6;389;326;4.79;2.23;2.32;
1;6;389;327;8.46;2.23;1.65;
1;6;391;19;7.22;2.28;8.9;
1;6;391;20;6.85;2.28;8.17;
1;6;391;21;4.65;2.28;6.09;
1;6;391;22;5.33;2.28;3.51;
1;6;391;323;9.88;2.28;3.25;
1;6;391;324;9.91;2.28;2.38;
1;6;391;326;5.87;2.28;2.32;
1;6;391;327;7.93;2.28;1.65;
1;6;391;328;7.51;2.28;1.24;
1;6;393;17;8.48;2.08;10.14;
1;6;393;18;5.47;2.08;10.14;
1;6;393;19;2.29;2.08;8.9;
1;6;393;20;4.75;2.08;8.17;
1;6;393;21;5.07;2.08;6.09;
1;6;393;22;8.39;2.08;3.51;
1;6;393;328;9.31;2.08;1.24;
1;6;394;18;8.64;1.81;10.14;
1;6;394;19;5.9;1.81;8.9;
1;6;394;20;8.35;1.81;8.17;
1;6;394;21;7.3;1.81;6.09;
1;6;394;326;9.79;1.81;2.32;
1;6;394;328;8.75;1.81;1.24;
1;6;410;12;5.0;0.93;12.33;
1;6;410;14;8.48;0.93;11.49;
1;6;411;12;2.7;1.03;12.33;
1;6;411;14;4.98;1.03;11.49;
1;6;413;12;8.13;0.77;12.33;
1;6;413;14;5.55;0.77;11.49;
1;6;413;16;8.68;0.77;10.7;
1;6;425;14;6.54;0.75;11.49;
1;6;425;16;7.01;0.75;10.7;
1;6;436;16;5.82;1.24;10.7;
1;6;436;17;5.87;1.24;10.14;
1;6;436;18;5.31;1.24;10.14;
1;6;436;19;4.72;1.24;8.9;
1;6;436;20;8.56;1.24;8.17;
1;6;438;16;8.92;2.9;10.7;
1;6;438;17;5.53;2.9;10.14;
1;6;438;18;4.89;2.9;10.14;
1;6;438;19;3.7;2.9;8.9;
1;6;438;20;3.41;2.9;8.17;
1;6;438;21;7.15;2.9;6.09;
1;6;438;22;9.55;2.9;3.51;
1;6;439;17;8.11;3.24;10.14;
1;6;439;18;5.72;3.24;10.14;
1;6;439;19;4.16;3.24;8.9;
1;6;439;20;0.58;3.24;8.17;
1;6;439;21;3.67;3.24;6.09;
1;6;439;22;6.32;3.24;3.51;
1;6;440;18;9.45;3.68;10.14;
1;6;440;19;6.86;3.68;8.9;
1;6;440;20;3.64;3.68;8.17;
1;6;440;21;4.42;3.68;6.09;
1;6;440;22;4.23;3.68;3.51;
1;6;440;67;7.23;3.68;2.01;
1;6;441;19;9.15;2.97;8.9;
1;6;441;20;6.81;2.97;8.17;
1;6;441;21;5.46;2.97;6.09;
1;6;441;22;3.21;2.97;3.51;
1;6;441;67;6.5;2.97;2.01;
1;6;441;323;9.89;2.97;3.25;
1;6;441;324;8.17;2.97;2.38;
1;6;441;326;7.21;2.97;2.32;
1;6;441;327;9.9;2.97;1.65;
1;6;441;328;9.94;2.97;1.24;
1;6;443;22;8.4;2.03;3.51;
1;6;443;67;8.66;2.03;2.01;
1;6;443;322;9.06;2.03;4.22;
1;6;443;323;8.36;2.03;3.25;
1;6;443;324;6.2;2.03;2.38;
1;6;443;326;8.59;2.03;2.32;
1;6;495;314;8.18;2.6;1.15;
1;6;495;326;8.56;2.6;2.32;
1;6;495;327;7.3;2.6;1.65;
1;6;495;328;7.1;2.6;1.24;
1;6;495;329;6.81;2.6;1.11;
1;6;496;80;8.27;3.28;0.91;
1;6;496;314;7.06;3.28;1.15;
1;6;496;326;8.18;3.28;2.32;
1;6;496;327;6.56;3.28;1.65;
1;6;496;328;7.92;3.28;1.24;
1;6;496;329;7.7;3.28;1.11;
1;6;497;314;9.56;2.33;1.15;
1;6;497;322;8.4;2.33;4.22;
1;6;497;323;7.75;2.33;3.25;
1;6;497;326;6.6;2.33;2.32;
1;6;497;327;6.86;2.33;1.65;
1;6;497;328;9.16;2.33;1.24;
