19;20;3.99;0.21;0.23;
19;22;9.27;0.21;0.03;
19;439;4.29;0.21;0.07;
19;459;9.63;0.21;0.15;
20;22;6.31;0.23;0.03;
20;67;8.49;0.23;0.09;
20;439;5.08;0.23;0.07;
20;441;8.95;0.23;0.07;
22;67;5.83;0.03;0.09;
22;324;8.51;0.03;0.14;
22;326;6.47;0.03;0.12;
22;327;8.38;0.03;0.12;
22;389;9.98;0.03;0.06;
22;391;7.99;0.03;0.08;
22;439;7.59;0.03;0.07;
22;441;7.04;0.03;0.07;
50;51;3.77;0.1;0.09;
50;54;7.73;0.1;0.04;
50;163;7.98;0.1;0.11;
50;321;8.64;0.1;0.13;
50;496;9.67;0.1;0.1;
50;497;8.79;0.1;0.09;
51;54;6.11;0.09;0.04;
51;318;8.11;0.09;0.1;
51;319;8.89;0.09;0.12;
51;320;8.41;0.09;0.14;
51;321;5.12;0.09;0.13;
51;322;6.45;0.09;0.15;
51;323;7.9;0.09;0.13;
51;496;8.24;0.09;0.1;
51;497;6.31;0.09;0.09;
54;56;7.04;0.04;0.04;
54;299;8.22;0.04;0.05;
54;300;4.57;0.04;0.05;
54;318;8.63;0.04;0.1;
54;319;7.3;0.04;0.12;
54;320;5.77;0.04;0.14;
54;321;5.37;0.04;0.13;
54;322;8.42;0.04;0.15;
56;58;6.5;0.04;0.05;
56;296;6.17;0.04;0.05;
56;297;7.62;0.04;0.04;
56;299;5.38;0.04;0.05;
56;300;4.93;0.04;0.05;
56;319;7.89;0.04;0.12;
56;320;4.52;0.04;0.14;
56;321;7.16;0.04;0.13;
56;322;9.69;0.04;0.15;
56;387;9.52;0.04;0.04;
58;296;4.87;0.05;0.05;
58;297;8.57;0.05;0.04;
58;320;8.88;0.05;0.14;
58;387;7.83;0.05;0.04;
67;324;9.28;0.09;0.14;
67;441;8.11;0.09;0.07;
72;73;3.8;0.08;0.09;
72;74;6.4;0.08;0.11;
72;76;7.89;0.08;0.1;
72;174;8.71;0.08;0.07;
72;177;9.88;0.08;0.12;
72;180;7.82;0.08;0.1;
72;181;5.36;0.08;0.1;
72;318;8.12;0.08;0.1;
72;319;6.72;0.08;0.12;
72;320;9.49;0.08;0.14;
72;324;7.45;0.08;0.14;
73;74;3.85;0.09;0.11;
73;76;8.58;0.09;0.1;
73;147;9.57;0.09;0.07;
73;174;4.97;0.09;0.07;
73;176;8.1;0.09;0.1;
73;177;7.96;0.09;0.12;
73;180;9.42;0.09;0.1;
73;181;5.83;0.09;0.1;
73;297;9.17;0.09;0.04;
73;299;8.82;0.09;0.05;
73;319;8.41;0.09;0.12;
74;76;6.96;0.11;0.1;
74;147;7.83;0.11;0.07;
74;174;4.3;0.11;0.07;
74;176;9.78;0.11;0.1;
74;181;8.84;0.11;0.1;
74;297;8.61;0.11;0.04;
74;299;6.44;0.11;0.05;
74;300;8.56;0.11;0.05;
74;318;9.6;0.11;0.1;
74;319;7.7;0.11;0.12;
74;320;9.57;0.11;0.14;
76;147;9.71;0.1;0.07;
76;169;5.83;0.1;0.08;
76;318;4.92;0.1;0.1;
76;319;6.36;0.1;0.12;
76;320;9.74;0.1;0.14;
76;323;9.08;0.1;0.13;
76;324;9.32;0.1;0.14;
94;112;8.56;0.03;0.04;
94;299;9.07;0.03;0.05;
110;112;6.86;0.06;0.04;
110;114;8.64;0.06;0.03;
110;176;6.01;0.06;0.1;
110;177;9.05;0.06;0.12;
112;114;6.29;0.04;0.03;
112;174;8.4;0.04;0.07;
112;176;8.61;0.04;0.1;
112;297;9.76;0.04;0.04;
114;176;9.2;0.03;0.1;
114;177;9.77;0.03;0.12;
114;296;8.88;0.03;0.05;
114;297;6.26;0.03;0.04;
114;299;9.82;0.03;0.05;
147;174;6.98;0.07;0.07;
163;167;5.77;0.11;0.09;
167;169;6.49;0.09;0.08;
169;318;8.82;0.08;0.1;
174;176;7.05;0.07;0.1;
174;177;8.94;0.07;0.12;
174;181;9.77;0.07;0.1;
174;297;9.05;0.07;0.04;
174;299;8.92;0.07;0.05;
176;177;3.89;0.1;0.12;
176;181;8.36;0.1;0.1;
176;297;8.17;0.1;0.04;
177;180;8.18;0.12;0.1;
177;181;5.69;0.12;0.1;
177;296;8.12;0.12;0.05;
177;297;6.75;0.12;0.04;
180;181;3.89;0.1;0.1;
180;387;9.84;0.1;0.04;
181;296;9.18;0.1;0.05;
181;297;8.93;0.1;0.04;
181;319;9.57;0.1;0.12;
296;297;3.81;0.05;0.04;
296;299;6.93;0.05;0.05;
296;300;9.46;0.05;0.05;
296;320;9.22;0.05;0.14;
297;299;5.26;0.04;0.05;
297;300;8.84;0.04;0.05;
299;300;3.85;0.05;0.05;
299;319;8.06;0.05;0.12;
299;320;6.98;0.05;0.14;
300;319;7.43;0.05;0.12;
300;320;5.79;0.05;0.14;
300;321;8.01;0.05;0.13;
318;319;3.81;0.1;0.12;
318;320;7.08;0.1;0.14;
318;321;7.35;0.1;0.13;
318;322;5.85;0.1;0.15;
318;323;4.26;0.1;0.13;
318;324;5.5;0.1;0.14;
318;326;8.06;0.1;0.12;
318;327;8.89;0.1;0.12;
318;497;9.26;0.1;0.09;
319;320;3.84;0.12;0.14;
319;321;5.94;0.12;0.13;
319;322;5.52;0.12;0.15;
319;323;6.08;0.12;0.13;
319;324;6.09;0.12;0.14;
319;387;9.29;0.12;0.04;
319;388;9.19;0.12;0.06;
320;321;3.93;0.14;0.13;
320;322;5.53;0.14;0.15;
320;323;8.07;0.14;0.13;
320;324;8.55;0.14;0.14;
320;387;7.76;0.14;0.04;
320;388;8.33;0.14;0.06;
321;322;3.7;0.13;0.15;
321;323;6.97;0.13;0.13;
321;324;8.97;0.13;0.14;
321;387;8.29;0.13;0.04;
321;388;7.31;0.13;0.06;
321;497;7.84;0.13;0.09;
322;323;3.7;0.15;0.13;
322;324;5.75;0.15;0.14;
322;326;8.45;0.15;0.12;
322;387;7.23;0.15;0.04;
322;388;5.15;0.15;0.06;
322;389;6.82;0.15;0.06;
322;496;8.82;0.15;0.1;
322;497;5.99;0.15;0.09;
323;324;3.76;0.13;0.14;
323;326;5.11;0.13;0.12;
323;327;7.36;0.13;0.12;
323;387;9.64;0.13;0.04;
323;388;7.27;0.13;0.06;
323;389;6.96;0.13;0.06;
323;496;7.32;0.13;0.1;
323;497;6.09;0.13;0.09;
324;326;6.23;0.14;0.12;
324;327;9.02;0.14;0.12;
324;387;8.66;0.14;0.04;
324;388;7.29;0.14;0.06;
324;389;6.39;0.14;0.06;
324;441;9.54;0.14;0.07;
324;443;8.63;0.14;0.04;
324;497;9.44;0.14;0.09;
326;327;3.7;0.12;0.12;
326;389;8.09;0.12;0.06;
326;391;7.78;0.12;0.08;
326;441;9.6;0.12;0.07;
326;496;6.51;0.12;0.1;
326;497;7.54;0.12;0.09;
327;496;6.52;0.12;0.1;
327;497;9.02;0.12;0.09;
387;388;3.73;0.04;0.06;
387;389;6.61;0.04;0.06;
387;443;6.56;0.04;0.04;
388;389;3.78;0.06;0.06;
388;391;9.9;0.06;0.08;
388;443;6.15;0.06;0.04;
388;497;8.4;0.06;0.09;
389;391;6.37;0.06;0.08;
389;441;6.44;0.06;0.07;
389;443;4.49;0.06;0.04;
389;497;8.48;0.06;0.09;
391;394;5.43;0.08;0.1;
391;439;6.64;0.08;0.07;
391;441;4.91;0.08;0.07;
391;443;8.5;0.08;0.04;
394;439;8.05;0.1;0.07;
394;441;9.89;0.1;0.07;
439;441;6.47;0.07;0.07;
439;459;9.94;0.07;0.15;
441;443;5.83;0.07;0.04;
496;497;3.82;0.1;0.09;
