12;14;5.46;3.04;2.21;
12;411;7.02;3.04;1.08;
14;16;5.52;2.21;2.03;
14;17;8.77;2.21;1.56;
14;411;6.99;2.21;1.08;
14;425;8.26;2.21;0.82;
16;17;3.89;2.03;1.56;
16;19;7.63;2.03;1.4;
16;393;9.99;2.03;0.69;
16;425;8.73;2.03;0.82;
16;436;6.36;2.03;0.68;
16;438;9.14;2.03;0.69;
17;19;5.97;1.56;1.4;
17;20;8.27;1.56;1.19;
17;393;8.52;1.56;0.69;
17;436;5.98;1.56;0.68;
17;438;5.81;1.56;0.69;
17;439;8.38;1.56;0.76;
19;20;4.02;1.4;1.19;
19;21;5.76;1.4;1.0;
19;22;9.37;1.4;0.72;
19;391;7.99;1.4;0.55;
19;393;2.96;1.4;0.69;
19;394;6.4;1.4;0.67;
19;436;5.48;1.4;0.68;
19;438;4.29;1.4;0.69;
19;439;4.25;1.4;0.76;
19;440;7.63;1.4;0.63;
20;21;3.84;1.19;1.0;
20;22;6.35;1.19;0.72;
20;67;9.99;1.19;0.53;
20;391;6.55;1.19;0.55;
20;393;4.38;1.19;0.69;
20;394;7.98;1.19;0.67;
20;436;8.58;1.19;0.68;
20;438;3.49;1.19;0.69;
20;439;0.56;1.19;0.76;
20;440;3.8;1.19;0.63;
20;441;6.82;1.19;0.56;
21;22;3.89;1.0;0.72;
21;67;9.51;1.0;0.53;
21;326;8.31;1.0;0.5;
21;327;9.25;1.0;0.52;
21;328;7.42;1.0;0.62;
21;391;4.69;1.0;0.55;
21;393;4.93;1.0;0.69;
21;394;7.01;1.0;0.67;
21;438;7.23;1.0;0.69;
21;439;3.77;1.0;0.76;
21;440;5.11;1.0;0.63;
21;441;6.03;1.0;0.56;
22;67;6.32;0.72;0.53;
22;323;9.85;0.72;0.43;
22;324;8.4;0.72;0.36;
22;326;6.69;0.72;0.5;
22;327;8.5;0.72;0.52;
22;328;8.1;0.72;0.62;
22;389;7.44;0.72;0.4;
22;391;4.92;0.72;0.55;
22;393;8.11;0.72;0.69;
22;394;9.55;0.72;0.67;
22;438;9.63;0.72;0.69;
22;439;6.25;0.72;0.76;
22;440;4.83;0.72;0.63;
22;441;3.59;0.72;0.56;
22;443;8.61;0.72;0.43;
50;51;3.76;0.61;0.52;
50;54;8.09;0.61;0.46;
50;163;7.23;0.61;0.3;
50;167;9.29;0.61;0.35;
50;321;9.24;0.61;0.43;
50;496;8.65;0.61;0.75;
50;497;8.17;0.61;0.55;
51;54;6.19;0.52;0.46;
51;318;7.72;0.52;0.27;
51;319;9.55;0.52;0.21;
51;320;9.72;0.52;0.36;
51;321;6.15;0.52;0.43;
51;322;6.59;0.52;0.45;
51;323;7.34;0.52;0.43;
51;326;9.51;0.52;0.5;
51;327;9.74;0.52;0.52;
51;496;7.82;0.52;0.75;
51;497;6.04;0.52;0.55;
54;56;6.88;0.46;0.5;
54;76;8.91;0.46;0.24;
54;91;9.27;0.46;0.52;
54;169;9.99;0.46;0.32;
54;299;8.14;0.46;0.55;
54;300;4.33;0.46;0.46;
54;318;7.02;0.46;0.27;
54;319;6.71;0.46;0.21;
54;320;6.09;0.46;0.36;
54;321;4.34;0.46;0.43;
54;322;7.25;0.46;0.45;
54;323;8.97;0.46;0.43;
56;58;6.61;0.5;0.67;
56;74;9.38;0.5;0.09;
56;296;6.42;0.5;0.69;
56;297;7.85;0.5;0.71;
56;299;5.25;0.5;0.55;
56;300;4.83;0.5;0.46;
56;318;8.7;0.5;0.27;
56;319;5.36;0.5;0.21;
56;320;2.09;0.5;0.36;
56;321;5.47;0.5;0.43;
56;322;7.41;0.5;0.45;
56;323;9.91;0.5;0.43;
56;387;8.41;0.5;0.41;
56;388;9.82;0.5;0.36;
58;181;8.81;0.67;0.21;
58;294;9.17;0.67;0.7;
58;296;4.84;0.67;0.69;
58;297;8.57;0.67;0.71;
58;299;9.86;0.67;0.55;
58;319;9.77;0.67;0.21;
58;320;7.4;0.67;0.36;
58;387;6.9;0.67;0.41;
67;324;9.24;0.53;0.36;
67;389;9.82;0.53;0.4;
67;439;9.81;0.53;0.76;
67;440;6.72;0.53;0.63;
67;441;5.77;0.53;0.56;
67;443;8.15;0.53;0.43;
72;73;3.8;0.19;0.04;
72;74;6.46;0.19;0.09;
72;76;8.03;0.19;0.24;
72;174;8.65;0.19;0.18;
72;181;5.64;0.19;0.21;
72;296;9.54;0.19;0.69;
72;297;8.74;0.19;0.71;
72;299;8.5;0.19;0.55;
72;318;8.36;0.19;0.27;
72;319;6.83;0.19;0.21;
72;320;9.63;0.19;0.36;
72;324;7.41;0.19;0.36;
73;74;3.83;0.04;0.09;
73;76;8.56;0.04;0.24;
73;147;9.47;0.04;0.3;
73;174;4.87;0.04;0.18;
73;176;7.38;0.04;0.31;
73;177;9.61;0.04;0.41;
73;181;5.73;0.04;0.21;
73;296;8.75;0.04;0.69;
73;297;6.54;0.04;0.71;
73;299;7.32;0.04;0.55;
73;319;8.44;0.04;0.21;
74;76;6.99;0.09;0.24;
74;91;9.23;0.09;0.52;
74;94;9.08;0.09;0.54;
74;114;9.85;0.09;0.7;
74;147;7.77;0.09;0.3;
74;174;4.38;0.09;0.18;
74;176;8.52;0.09;0.31;
74;181;8.67;0.09;0.21;
74;296;8.76;0.09;0.69;
74;297;5.8;0.09;0.71;
74;299;4.66;0.09;0.55;
74;300;7.86;0.09;0.46;
74;318;9.75;0.09;0.27;
74;319;7.69;0.09;0.21;
74;320;9.65;0.09;0.36;
76;147;9.59;0.24;0.3;
76;169;5.88;0.24;0.32;
76;299;7.9;0.24;0.55;
76;300;7.7;0.24;0.46;
76;318;5.03;0.24;0.27;
76;319;6.23;0.24;0.21;
76;320;9.65;0.24;0.36;
76;323;8.97;0.24;0.43;
76;324;9.44;0.24;0.36;
80;163;8.87;0.42;0.3;
80;167;4.25;0.42;0.35;
80;169;8.68;0.42;0.32;
80;314;5.09;0.42;0.51;
80;327;8.39;0.42;0.52;
80;328;9.93;0.42;0.62;
80;496;9.05;0.42;0.75;
90;91;3.79;0.49;0.52;
90;94;6.52;0.49;0.54;
90;158;9.71;0.49;0.38;
90;160;8.12;0.49;0.38;
90;300;9.97;0.49;0.46;
91;94;5.15;0.52;0.54;
91;158;9.7;0.52;0.38;
91;160;9.39;0.52;0.38;
91;299;7.47;0.52;0.55;
91;300;6.73;0.52;0.46;
94;147;8.93;0.54;0.3;
94;148;9.74;0.54;0.38;
94;158;8.62;0.54;0.38;
94;174;9.56;0.54;0.18;
94;299;9.38;0.54;0.55;
99;150;8.89;0.57;0.45;
99;153;5.55;0.57;0.58;
99;154;4.3;0.57;0.56;
114;174;7.9;0.7;0.18;
114;176;5.92;0.7;0.31;
114;177;8.64;0.7;0.41;
114;294;5.64;0.7;0.7;
114;296;9.23;0.7;0.69;
114;297;6.51;0.7;0.71;
147;148;3.89;0.3;0.38;
147;158;5.82;0.3;0.38;
147;174;7.2;0.3;0.18;
148;150;6.85;0.38;0.45;
148;158;4.85;0.38;0.38;
150;153;6.82;0.45;0.58;
150;154;8.66;0.45;0.56;
150;158;9.75;0.45;0.38;
153;154;3.74;0.58;0.56;
158;160;7.35;0.38;0.38;
158;169;8.56;0.38;0.32;
160;167;8.43;0.38;0.35;
160;169;5.36;0.38;0.32;
163;167;5.77;0.3;0.35;
167;169;6.58;0.35;0.32;
167;314;9.25;0.35;0.51;
169;318;8.79;0.32;0.27;
174;176;6.05;0.18;0.31;
174;177;9.61;0.18;0.41;
174;181;9.12;0.18;0.21;
174;297;6.72;0.18;0.71;
174;299;8.31;0.18;0.55;
176;177;3.83;0.31;0.41;
176;181;7.06;0.31;0.21;
176;294;7.35;0.31;0.7;
176;296;8.13;0.31;0.69;
176;297;5.82;0.31;0.71;
177;181;6.72;0.41;0.21;
177;294;8.15;0.41;0.7;
177;296;8.72;0.41;0.69;
177;297;8.05;0.41;0.71;
181;296;6.85;0.21;0.69;
181;297;7.04;0.21;0.71;
181;299;9.9;0.21;0.55;
294;296;5.37;0.7;0.69;
294;297;5.38;0.7;0.71;
294;299;9.6;0.7;0.55;
296;297;3.84;0.69;0.71;
296;299;6.76;0.69;0.55;
296;300;9.53;0.69;0.46;
296;319;9.17;0.69;0.21;
296;320;7.78;0.69;0.36;
297;299;5.2;0.71;0.55;
297;300;8.93;0.71;0.46;
297;319;9.34;0.71;0.21;
297;320;9.11;0.71;0.36;
299;300;3.94;0.55;0.46;
299;318;8.77;0.55;0.27;
299;319;5.81;0.55;0.21;
299;320;6.02;0.55;0.36;
299;321;9.08;0.55;0.43;
300;318;7.48;0.46;0.27;
300;319;5.45;0.46;0.21;
300;320;5.02;0.46;0.36;
300;321;6.39;0.46;0.43;
300;322;8.88;0.46;0.45;
314;326;8.89;0.51;0.5;
314;327;5.13;0.51;0.52;
314;328;5.14;0.51;0.62;
314;495;8.8;0.51;0.81;
314;496;7.54;0.51;0.75;
318;319;3.75;0.27;0.21;
318;320;6.94;0.27;0.36;
318;321;6.82;0.27;0.43;
318;322;5.81;0.27;0.45;
318;323;4.06;0.27;0.43;
318;324;5.65;0.27;0.36;
318;326;7.75;0.27;0.5;
318;327;8.64;0.27;0.52;
318;388;8.76;0.27;0.36;
318;389;9.17;0.27;0.4;
318;497;9.78;0.27;0.55;
319;320;3.87;0.21;0.36;
319;321;5.82;0.21;0.43;
319;322;5.66;0.21;0.45;
319;323;5.92;0.21;0.43;
319;324;6.09;0.21;0.36;
319;387;8.15;0.21;0.41;
319;388;8.27;0.21;0.36;
319;389;9.84;0.21;0.4;
320;321;3.97;0.36;0.43;
320;322;5.4;0.36;0.45;
320;323;7.84;0.36;0.43;
320;324;8.43;0.36;0.36;
320;387;7.29;0.36;0.41;
320;388;8.09;0.36;0.36;
321;322;3.68;0.43;0.45;
321;323;6.84;0.43;0.43;
321;324;9.09;0.43;0.36;
321;387;8.68;0.43;0.41;
321;388;7.74;0.43;0.36;
321;497;9.77;0.43;0.55;
322;323;3.84;0.45;0.43;
322;324;6.08;0.45;0.36;
322;326;8.05;0.45;0.5;
322;387;6.55;0.45;0.41;
322;388;4.48;0.45;0.36;
322;389;6.88;0.45;0.4;
322;443;9.81;0.45;0.43;
322;497;7.7;0.45;0.55;
323;324;3.81;0.43;0.36;
323;326;4.77;0.43;0.5;
323;327;7.16;0.43;0.52;
323;387;8.1;0.43;0.41;
323;388;5.53;0.43;0.36;
323;389;5.48;0.43;0.4;
323;391;9.99;0.43;0.55;
323;443;8.99;0.43;0.43;
323;496;9.46;0.43;0.75;
323;497;6.96;0.43;0.55;
324;326;6.3;0.36;0.5;
324;327;9.15;0.36;0.52;
324;387;6.63;0.36;0.41;
324;388;5.41;0.36;0.36;
324;389;4.6;0.36;0.4;
324;391;9.71;0.36;0.55;
324;441;8.23;0.36;0.56;
324;443;6.37;0.36;0.43;
326;327;3.77;0.5;0.52;
326;328;6.16;0.5;0.62;
326;388;8.09;0.5;0.36;
326;389;5.66;0.5;0.4;
326;391;6.38;0.5;0.55;
326;394;9.85;0.5;0.67;
326;441;8.13;0.5;0.56;
326;443;9.62;0.5;0.43;
326;495;7.68;0.5;0.81;
326;496;7.18;0.5;0.75;
326;497;6.04;0.5;0.55;
327;328;3.66;0.52;0.62;
327;389;9.41;0.52;0.4;
327;391;8.88;0.52;0.55;
327;495;7.0;0.52;0.81;
327;496;6.02;0.52;0.75;
327;497;6.94;0.52;0.55;
328;391;8.62;0.62;0.55;
328;394;9.67;0.62;0.67;
328;495;7.04;0.62;0.81;
328;496;7.69;0.62;0.75;
328;497;9.49;0.62;0.55;
387;388;3.87;0.41;0.36;
387;389;6.68;0.41;0.4;
387;443;6.09;0.41;0.43;
388;389;3.83;0.36;0.4;
388;391;9.99;0.36;0.55;
388;441;9.72;0.36;0.56;
388;443;5.82;0.36;0.43;
388;497;9.14;0.36;0.55;
389;391;6.41;0.4;0.55;
389;440;9.75;0.4;0.63;
389;441;6.1;0.4;0.56;
389;443;4.38;0.4;0.43;
389;497;8.77;0.4;0.55;
391;393;5.44;0.55;0.69;
391;394;5.45;0.55;0.67;
391;438;9.0;0.55;0.69;
391;439;6.84;0.55;0.76;
391;440;6.09;0.55;0.63;
391;441;4.73;0.55;0.56;
391;443;8.54;0.55;0.43;
391;495;9.19;0.55;0.81;
391;497;9.99;0.55;0.55;
393;394;3.87;0.69;0.67;
393;436;5.97;0.69;0.68;
393;438;5.49;0.69;0.69;
393;439;4.8;0.69;0.76;
393;440;6.94;0.69;0.63;
393;441;8.44;0.69;0.56;
394;436;7.52;0.67;0.68;
394;438;9.25;0.67;0.69;
394;439;8.37;0.67;0.76;
394;440;9.74;0.67;0.63;
394;441;9.89;0.67;0.56;
394;495;7.73;0.67;0.81;
411;425;7.94;1.08;0.82;
425;436;9.66;0.82;0.68;
436;438;6.79;0.68;0.69;
436;439;9.0;0.68;0.76;
438;439;3.77;0.69;0.76;
438;440;5.86;0.69;0.63;
438;441;9.24;0.69;0.56;
439;440;3.87;0.76;0.63;
439;441;6.94;0.76;0.56;
440;441;3.78;0.63;0.56;
440;443;9.21;0.63;0.43;
441;443;5.83;0.56;0.43;
495;496;3.73;0.81;0.75;
495;497;5.83;0.81;0.55;
496;497;3.87;0.75;0.55;
