1;2;19;391;9.43;7.25;0.92;
1;2;19;393;5.23;7.25;0.89;
1;2;19;394;7.77;7.25;0.76;
1;2;19;438;6.56;7.25;1.24;
1;2;19;439;5.41;7.25;1.32;
1;2;20;391;8.67;5.9;0.92;
1;2;20;393;6.35;5.9;0.89;
1;2;20;394;9.45;5.9;0.76;
1;2;20;438;6.01;5.9;1.24;
1;2;20;439;3.17;5.9;1.32;
1;2;20;441;8.98;5.9;0.98;
1;2;22;389;9.6;1.45;0.71;
1;2;22;391;7.07;1.45;0.92;
1;2;22;393;9.19;1.45;0.89;
1;2;22;439;7.05;1.45;1.32;
1;2;22;441;6.67;1.45;0.98;
1;2;67;439;9.95;0.9;1.32;
1;2;67;441;7.37;0.9;0.98;
1;2;73;297;8.96;0.71;0.88;
1;2;73;299;8.49;0.71;0.95;
1;2;74;297;8.32;0.88;0.88;
1;2;74;299;6.03;0.88;0.95;
1;2;74;300;8.1;0.88;0.74;
1;2;76;300;9.77;0.62;0.74;
1;2;163;50;8.07;0.79;0.82;
1;2;174;297;8.68;0.89;0.88;
1;2;174;299;8.7;0.89;0.95;
1;2;176;114;7.63;1.38;0.76;
1;2;176;296;8.84;1.38;0.77;
1;2;176;297;6.12;1.38;0.88;
1;2;176;299;9.71;1.38;0.95;
1;2;177;114;9.44;1.33;0.76;
1;2;177;296;8.81;1.33;0.77;
1;2;177;297;7.61;1.33;0.88;
1;2;181;296;8.82;0.88;0.77;
1;2;181;297;8.64;0.88;0.88;
1;2;318;51;7.96;0.73;0.73;
1;2;318;54;8.41;0.73;0.71;
1;2;318;300;9.66;0.73;0.74;
1;2;318;497;9.24;0.73;0.69;
1;2;320;51;8.4;1.03;0.73;
1;2;320;54;5.54;1.03;0.71;
1;2;320;56;4.41;1.03;0.69;
1;2;320;58;9.04;1.03;0.73;
1;2;320;296;9.31;1.03;0.77;
1;2;320;299;6.99;1.03;0.95;
1;2;320;300;5.65;1.03;0.74;
1;2;320;387;7.96;1.03;0.75;
1;2;320;388;8.21;1.03;0.65;
1;2;321;50;8.47;0.99;0.82;
1;2;321;51;5.03;0.99;0.73;
1;2;321;54;5.07;0.99;0.71;
1;2;321;56;7.27;0.99;0.69;
1;2;321;300;7.87;0.99;0.74;
1;2;321;387;8.83;0.99;0.75;
1;2;321;388;7.57;0.99;0.65;
1;2;321;497;8.05;0.99;0.69;
1;2;322;51;6.34;0.86;0.73;
1;2;322;54;8.22;0.86;0.71;
1;2;322;56;9.53;0.86;0.69;
1;2;322;387;7.47;0.86;0.75;
1;2;322;388;5.2;0.86;0.65;
1;2;322;389;6.84;0.86;0.71;
1;2;322;496;9.11;0.86;0.77;
1;2;322;497;6.17;0.86;0.69;
1;2;323;51;7.75;0.81;0.73;
1;2;323;387;9.58;0.81;0.75;
1;2;323;388;7.07;0.81;0.65;
1;2;323;389;6.75;0.81;0.71;
1;2;323;495;9.69;0.81;0.87;
1;2;323;496;7.79;0.81;0.77;
1;2;323;497;6.16;0.81;0.69;
1;2;324;387;8.52;0.79;0.75;
1;2;324;388;7.0;0.79;0.65;
1;2;324;389;5.97;0.79;0.71;
1;2;324;391;9.7;0.79;0.92;
1;2;324;441;9.08;0.79;0.98;
1;2;324;443;8.28;0.79;0.83;
1;2;324;497;9.47;0.79;0.69;
1;2;326;389;7.86;0.82;0.71;
1;2;326;391;7.37;0.82;0.92;
1;2;326;441;9.59;0.82;0.98;
1;2;326;495;6.77;0.82;0.87;
1;2;326;496;6.59;0.82;0.77;
1;2;326;497;6.97;0.82;0.69;
1;2;327;495;6.93;0.71;0.87;
1;2;327;496;6.3;0.71;0.77;
1;2;327;497;8.39;0.71;0.69;
1;2;328;495;8.03;0.71;0.87;
1;2;328;496;8.76;0.71;0.77;
2;3;19;391;9.67;7.25;0.92;
2;3;19;393;5.46;7.25;0.89;
2;3;19;394;7.83;7.25;0.76;
2;3;19;439;5.78;7.25;1.32;
2;3;20;391;8.89;5.9;0.92;
2;3;20;393;6.4;5.9;0.89;
2;3;20;394;9.45;5.9;0.76;
2;3;20;439;3.45;5.9;1.32;
2;3;20;441;9.32;5.9;0.98;
2;3;22;389;9.84;1.45;0.71;
2;3;22;391;7.19;1.45;0.92;
2;3;22;393;9.14;1.45;0.89;
2;3;22;439;6.97;1.45;1.32;
2;3;22;441;6.86;1.45;0.98;
2;3;67;439;9.72;0.9;1.32;
2;3;67;441;7.39;0.9;0.98;
2;3;73;297;9.2;0.71;0.88;
2;3;73;299;8.69;0.71;0.95;
2;3;74;297;8.5;0.88;0.88;
2;3;74;299;6.2;0.88;0.95;
2;3;74;300;8.2;0.88;0.74;
2;3;76;300;9.94;0.62;0.74;
2;3;163;50;8.06;0.79;0.82;
2;3;174;297;8.85;0.89;0.88;
2;3;174;299;8.8;0.89;0.95;
2;3;176;114;7.9;1.38;0.76;
2;3;176;296;8.94;1.38;0.77;
2;3;176;297;6.25;1.38;0.88;
2;3;176;299;9.75;1.38;0.95;
2;3;177;114;9.71;1.33;0.76;
2;3;177;296;8.9;1.33;0.77;
2;3;177;297;7.73;1.33;0.88;
2;3;181;296;9.11;0.88;0.77;
2;3;181;297;8.91;0.88;0.88;
2;3;318;51;8.0;0.73;0.73;
2;3;318;54;8.58;0.73;0.71;
2;3;318;300;9.86;0.73;0.74;
2;3;318;497;9.16;0.73;0.69;
2;3;320;51;8.32;1.03;0.73;
2;3;320;54;5.62;1.03;0.71;
2;3;320;56;4.61;1.03;0.69;
2;3;320;58;9.16;1.03;0.73;
2;3;320;296;9.43;1.03;0.77;
2;3;320;299;7.09;1.03;0.95;
2;3;320;300;5.79;1.03;0.74;
2;3;320;387;7.88;1.03;0.75;
2;3;320;388;8.07;1.03;0.65;
2;3;321;50;8.44;0.99;0.82;
2;3;321;51;4.96;0.99;0.73;
2;3;321;54;5.19;0.99;0.71;
2;3;321;56;7.41;0.99;0.69;
2;3;321;300;7.98;0.99;0.74;
2;3;321;387;8.79;0.99;0.75;
2;3;321;388;7.47;0.99;0.65;
2;3;321;497;7.87;0.99;0.69;
2;3;322;51;6.36;0.86;0.73;
2;3;322;54;8.37;0.86;0.71;
2;3;322;56;9.74;0.86;0.69;
2;3;322;387;7.54;0.86;0.75;
2;3;322;388;5.18;0.86;0.65;
2;3;322;389;6.72;0.86;0.71;
2;3;322;496;8.93;0.86;0.77;
2;3;322;497;6.01;0.86;0.69;
2;3;323;51;7.85;0.81;0.73;
2;3;323;387;9.74;0.81;0.75;
2;3;323;388;7.17;0.81;0.65;
2;3;323;389;6.74;0.81;0.71;
2;3;323;391;9.9;0.81;0.92;
2;3;323;495;9.49;0.81;0.87;
2;3;323;496;7.62;0.81;0.77;
2;3;323;497;6.09;0.81;0.69;
2;3;324;387;8.71;0.79;0.75;
2;3;324;388;7.1;0.79;0.65;
2;3;324;389;5.94;0.79;0.71;
2;3;324;391;9.51;0.79;0.92;
2;3;324;441;8.9;0.79;0.98;
2;3;324;443;8.29;0.79;0.83;
2;3;324;497;9.4;0.79;0.69;
2;3;326;389;8.05;0.82;0.71;
2;3;326;391;7.41;0.82;0.92;
2;3;326;394;9.94;0.82;0.76;
2;3;326;441;9.65;0.82;0.98;
2;3;326;495;6.65;0.82;0.87;
2;3;326;496;6.54;0.82;0.77;
2;3;326;497;7.08;0.82;0.69;
2;3;327;495;6.93;0.71;0.87;
2;3;327;496;6.34;0.71;0.77;
2;3;327;497;8.55;0.71;0.69;
3;4;19;391;9.93;7.25;0.92;
3;4;19;393;5.81;7.25;0.89;
3;4;19;394;8.14;7.25;0.76;
3;4;19;439;6.0;7.25;1.32;
3;4;20;391;9.05;5.9;0.92;
3;4;20;393;6.6;5.9;0.89;
3;4;20;394;9.6;5.9;0.76;
3;4;20;439;3.7;5.9;1.32;
3;4;20;441;9.5;5.9;0.98;
3;4;22;391;7.38;1.45;0.92;
3;4;22;393;9.26;1.45;0.89;
3;4;22;439;7.08;1.45;1.32;
3;4;22;441;7.09;1.45;0.98;
3;4;67;439;9.75;0.9;1.32;
3;4;67;441;7.56;0.9;0.98;
3;4;73;297;9.23;0.71;0.88;
3;4;73;299;8.71;0.71;0.95;
3;4;74;297;8.53;0.88;0.88;
3;4;74;299;6.24;0.88;0.95;
3;4;74;300;8.25;0.88;0.74;
3;4;76;300;9.96;0.62;0.74;
3;4;163;50;8.07;0.79;0.82;
3;4;174;297;8.85;0.89;0.88;
3;4;174;299;8.81;0.89;0.95;
3;4;176;114;7.89;1.38;0.76;
3;4;176;296;8.97;1.38;0.77;
3;4;176;297;6.28;1.38;0.88;
3;4;176;299;9.79;1.38;0.95;
3;4;177;114;9.7;1.33;0.76;
3;4;177;296;8.95;1.33;0.77;
3;4;177;297;7.76;1.33;0.88;
3;4;181;296;9.14;0.88;0.77;
3;4;181;297;8.91;0.88;0.88;
3;4;318;51;8.04;0.73;0.73;
3;4;318;54;8.61;0.73;0.71;
3;4;318;300;9.88;0.73;0.74;
3;4;318;497;9.18;0.73;0.69;
3;4;320;51;8.33;1.03;0.73;
3;4;320;54;5.67;1.03;0.71;
3;4;320;56;4.64;1.03;0.69;
3;4;320;58;9.17;1.03;0.73;
3;4;320;296;9.41;1.03;0.77;
3;4;320;299;7.07;1.03;0.95;
3;4;320;300;5.81;1.03;0.74;
3;4;320;387;7.86;1.03;0.75;
3;4;320;388;8.04;1.03;0.65;
3;4;321;50;8.47;0.99;0.82;
3;4;321;51;4.97;0.99;0.73;
3;4;321;54;5.23;0.99;0.71;
3;4;321;56;7.4;0.99;0.69;
3;4;321;300;7.97;0.99;0.74;
3;4;321;387;8.76;0.99;0.75;
3;4;321;388;7.43;0.99;0.65;
3;4;321;389;9.96;0.99;0.71;
3;4;321;497;7.83;0.99;0.69;
3;4;322;51;6.38;0.86;0.73;
3;4;322;54;8.4;0.86;0.71;
3;4;322;56;9.77;0.86;0.69;
3;4;322;387;7.59;0.86;0.75;
3;4;322;388;5.22;0.86;0.65;
3;4;322;389;6.7;0.86;0.71;
3;4;322;496;8.87;0.86;0.77;
3;4;322;497;5.97;0.86;0.69;
3;4;323;51;7.87;0.81;0.73;
3;4;323;387;9.81;0.81;0.75;
3;4;323;388;7.26;0.81;0.65;
3;4;323;389;6.81;0.81;0.71;
3;4;323;391;9.94;0.81;0.92;
3;4;323;495;9.48;0.81;0.87;
3;4;323;496;7.6;0.81;0.77;
3;4;323;497;6.11;0.81;0.69;
3;4;324;387;8.84;0.79;0.75;
3;4;324;388;7.24;0.79;0.65;
3;4;324;389;6.05;0.79;0.71;
3;4;324;391;9.55;0.79;0.92;
3;4;324;441;8.95;0.79;0.98;
3;4;324;443;8.42;0.79;0.83;
3;4;324;497;9.42;0.79;0.69;
3;4;326;389;8.19;0.82;0.71;
3;4;326;391;7.53;0.82;0.92;
3;4;326;441;9.77;0.82;0.98;
3;4;326;495;6.67;0.82;0.87;
3;4;326;496;6.54;0.82;0.77;
3;4;326;497;7.15;0.82;0.69;
3;4;327;495;7.02;0.71;0.87;
3;4;327;496;6.4;0.71;0.77;
3;4;327;497;8.65;0.71;0.69;
3;4;328;495;8.23;0.71;0.87;
3;4;328;496;8.94;0.71;0.77;
4;5;19;391;9.8;7.25;0.92;
4;5;19;393;5.6;7.25;0.89;
4;5;19;394;7.97;7.25;0.76;
4;5;19;439;5.9;7.25;1.32;
4;5;20;391;8.96;5.9;0.92;
4;5;20;393;6.49;5.9;0.89;
4;5;20;394;9.51;5.9;0.76;
4;5;20;439;3.63;5.9;1.32;
4;5;20;441;9.44;5.9;0.98;
4;5;22;389;9.97;1.45;0.71;
4;5;22;391;7.33;1.45;0.92;
4;5;22;393;9.22;1.45;0.89;
4;5;22;439;7.04;1.45;1.32;
4;5;22;441;7.07;1.45;0.98;
4;5;67;439;9.74;0.9;1.32;
4;5;67;441;7.53;0.9;0.98;
4;5;73;297;9.19;0.71;0.88;
4;5;73;299;8.67;0.71;0.95;
4;5;74;297;8.49;0.88;0.88;
4;5;74;299;6.19;0.88;0.95;
4;5;74;300;8.19;0.88;0.74;
4;5;76;300;9.96;0.62;0.74;
4;5;163;50;8.16;0.79;0.82;
4;5;174;297;8.8;0.89;0.88;
4;5;174;299;8.77;0.89;0.95;
4;5;176;114;7.91;1.38;0.76;
4;5;176;296;8.88;1.38;0.77;
4;5;176;297;6.2;1.38;0.88;
4;5;176;299;9.71;1.38;0.95;
4;5;177;114;9.73;1.33;0.76;
4;5;177;296;8.86;1.33;0.77;
4;5;177;297;7.7;1.33;0.88;
4;5;181;296;9.08;0.88;0.77;
4;5;181;297;8.88;0.88;0.88;
4;5;318;51;8.01;0.73;0.73;
4;5;318;54;8.6;0.73;0.71;
4;5;318;300;9.9;0.73;0.74;
4;5;318;496;9.98;0.73;0.77;
4;5;318;497;9.17;0.73;0.69;
4;5;320;51;8.27;1.03;0.73;
4;5;320;54;5.6;1.03;0.71;
4;5;320;56;4.66;1.03;0.69;
4;5;320;58;9.2;1.03;0.73;
4;5;320;296;9.48;1.03;0.77;
4;5;320;299;7.14;1.03;0.95;
4;5;320;300;5.81;1.03;0.74;
4;5;320;387;7.87;1.03;0.75;
4;5;320;388;8.05;1.03;0.65;
4;5;321;50;8.44;0.99;0.82;
4;5;321;51;4.95;0.99;0.73;
4;5;321;54;5.24;0.99;0.71;
4;5;321;56;7.45;0.99;0.69;
4;5;321;300;8.03;0.99;0.74;
4;5;321;387;8.75;0.99;0.75;
4;5;321;388;7.42;0.99;0.65;
4;5;321;389;9.93;0.99;0.71;
4;5;321;497;7.8;0.99;0.69;
4;5;322;51;6.34;0.86;0.73;
4;5;322;54;8.4;0.86;0.71;
4;5;322;56;9.8;0.86;0.69;
4;5;322;387;7.59;0.86;0.75;
4;5;322;388;5.23;0.86;0.65;
4;5;322;389;6.69;0.86;0.71;
4;5;322;496;8.83;0.86;0.77;
4;5;322;497;5.94;0.86;0.69;
4;5;323;51;7.83;0.81;0.73;
4;5;323;387;9.81;0.81;0.75;
4;5;323;388;7.27;0.81;0.65;
4;5;323;389;6.8;0.81;0.71;
4;5;323;391;9.92;0.81;0.92;
4;5;323;495;9.44;0.81;0.87;
4;5;323;496;7.56;0.81;0.77;
4;5;323;497;6.09;0.81;0.69;
4;5;324;387;8.82;0.79;0.75;
4;5;324;388;7.21;0.79;0.65;
4;5;324;389;6.02;0.79;0.71;
4;5;324;391;9.52;0.79;0.92;
4;5;324;441;8.95;0.79;0.98;
4;5;324;443;8.42;0.79;0.83;
4;5;324;497;9.39;0.79;0.69;
4;5;326;389;8.21;0.82;0.71;
4;5;326;391;7.54;0.82;0.92;
4;5;326;441;9.79;0.82;0.98;
4;5;326;495;6.64;0.82;0.87;
4;5;326;496;6.52;0.82;0.77;
4;5;326;497;7.14;0.82;0.69;
4;5;327;495;7.01;0.71;0.87;
4;5;327;496;6.41;0.71;0.77;
4;5;327;497;8.67;0.71;0.69;
4;5;328;495;8.25;0.71;0.87;
4;5;328;496;8.96;0.71;0.77;
5;6;19;391;9.87;7.25;0.92;
5;6;19;393;5.73;7.25;0.89;
5;6;19;394;8.08;7.25;0.76;
5;6;19;439;5.91;7.25;1.32;
5;6;20;391;9.02;5.9;0.92;
5;6;20;393;6.58;5.9;0.89;
5;6;20;394;9.58;5.9;0.76;
5;6;20;439;3.66;5.9;1.32;
5;6;20;441;9.44;5.9;0.98;
5;6;22;389;9.94;1.45;0.71;
5;6;22;391;7.3;1.45;0.92;
5;6;22;393;9.2;1.45;0.89;
5;6;22;439;7.03;1.45;1.32;
5;6;22;441;7.03;1.45;0.98;
5;6;67;439;9.71;0.9;1.32;
5;6;67;441;7.49;0.9;0.98;
5;6;73;297;9.25;0.71;0.88;
5;6;73;299;8.7;0.71;0.95;
5;6;74;297;8.57;0.88;0.88;
5;6;74;299;6.24;0.88;0.95;
5;6;74;300;8.21;0.88;0.74;
5;6;76;300;9.98;0.62;0.74;
5;6;163;50;8.14;0.79;0.82;
5;6;174;297;8.91;0.89;0.88;
5;6;174;299;8.83;0.89;0.95;
5;6;176;114;7.95;1.38;0.76;
5;6;176;296;8.97;1.38;0.77;
5;6;176;297;6.27;1.38;0.88;
5;6;176;299;9.74;1.38;0.95;
5;6;177;114;9.74;1.33;0.76;
5;6;177;296;8.92;1.33;0.77;
5;6;177;297;7.72;1.33;0.88;
5;6;181;296;9.14;0.88;0.77;
5;6;181;297;8.92;0.88;0.88;
5;6;318;51;8.0;0.73;0.73;
5;6;318;54;8.58;0.73;0.71;
5;6;318;300;9.88;0.73;0.74;
5;6;318;496;10.0;0.73;0.77;
5;6;318;497;9.17;0.73;0.69;
5;6;320;51;8.3;1.03;0.73;
5;6;320;54;5.62;1.03;0.71;
5;6;320;56;4.66;1.03;0.69;
5;6;320;58;9.2;1.03;0.73;
5;6;320;296;9.47;1.03;0.77;
5;6;320;299;7.12;1.03;0.95;
5;6;320;300;5.81;1.03;0.74;
5;6;320;387;7.85;1.03;0.75;
5;6;320;388;8.04;1.03;0.65;
5;6;321;50;8.44;0.99;0.82;
5;6;321;51;4.95;0.99;0.73;
5;6;321;54;5.22;0.99;0.71;
5;6;321;56;7.43;0.99;0.69;
5;6;321;300;8.01;0.99;0.74;
5;6;321;387;8.75;0.99;0.75;
5;6;321;388;7.43;0.99;0.65;
5;6;321;389;9.96;0.99;0.71;
5;6;321;497;7.82;0.99;0.69;
5;6;322;51;6.33;0.86;0.73;
5;6;322;54;8.37;0.86;0.71;
5;6;322;56;9.77;0.86;0.69;
5;6;322;387;7.58;0.86;0.75;
5;6;322;388;5.23;0.86;0.65;
5;6;322;389;6.73;0.86;0.71;
5;6;322;496;8.86;0.86;0.77;
5;6;322;497;5.96;0.86;0.69;
5;6;323;51;7.82;0.81;0.73;
5;6;323;387;9.79;0.81;0.75;
5;6;323;388;7.25;0.81;0.65;
5;6;323;389;6.82;0.81;0.71;
5;6;323;391;9.94;0.81;0.92;
5;6;323;495;9.46;0.81;0.87;
5;6;323;496;7.59;0.81;0.77;
5;6;323;497;6.09;0.81;0.69;
5;6;324;387;8.81;0.79;0.75;
5;6;324;388;7.21;0.79;0.65;
5;6;324;389;6.05;0.79;0.71;
5;6;324;391;9.55;0.79;0.92;
5;6;324;441;8.96;0.79;0.98;
5;6;324;443;8.41;0.79;0.83;
5;6;324;497;9.4;0.79;0.69;
5;6;326;389;8.21;0.82;0.71;
5;6;326;391;7.55;0.82;0.92;
5;6;326;441;9.78;0.82;0.98;
5;6;326;495;6.63;0.82;0.87;
5;6;326;496;6.5;0.82;0.77;
5;6;326;497;7.11;0.82;0.69;
5;6;327;495;6.98;0.71;0.87;
5;6;327;496;6.37;0.71;0.77;
5;6;327;497;8.62;0.71;0.69;
5;6;328;495;8.18;0.71;0.87;
5;6;328;496;8.89;0.71;0.77;
1;6;50;163;8.08;0.82;0.79;
1;6;50;321;8.47;0.82;0.99;
1;6;51;318;8.03;0.73;0.73;
1;6;51;320;8.32;0.73;1.03;
1;6;51;321;4.97;0.73;0.99;
1;6;51;322;6.36;0.73;0.86;
1;6;51;323;7.84;0.73;0.81;
1;6;54;318;8.59;0.71;0.73;
1;6;54;320;5.67;0.71;1.03;
1;6;54;321;5.23;0.71;0.99;
1;6;54;322;8.38;0.71;0.86;
1;6;56;320;4.6;0.69;1.03;
1;6;56;321;7.37;0.69;0.99;
1;6;56;322;9.72;0.69;0.86;
1;6;58;320;9.11;0.73;1.03;
1;6;114;176;7.8;0.76;1.38;
1;6;114;177;9.64;0.76;1.33;
1;6;296;176;8.94;0.77;1.38;
1;6;296;177;8.91;0.77;1.33;
1;6;296;181;9.05;0.77;0.88;
1;6;296;320;9.38;0.77;1.03;
1;6;297;73;9.14;0.88;0.71;
1;6;297;74;8.44;0.88;0.88;
1;6;297;174;8.79;0.88;0.89;
1;6;297;176;6.26;0.88;1.38;
1;6;297;177;7.73;0.88;1.33;
1;6;297;181;8.84;0.88;0.88;
1;6;299;73;8.67;0.95;0.71;
1;6;299;74;6.18;0.95;0.88;
1;6;299;174;8.8;0.95;0.89;
1;6;299;176;9.83;0.95;1.38;
1;6;299;320;7.07;0.95;1.03;
1;6;300;74;8.22;0.74;0.88;
1;6;300;76;9.9;0.74;0.62;
1;6;300;318;9.83;0.74;0.73;
1;6;300;320;5.81;0.74;1.03;
1;6;300;321;7.96;0.74;0.99;
1;6;387;320;7.86;0.75;1.03;
1;6;387;321;8.75;0.75;0.99;
1;6;387;322;7.57;0.75;0.86;
1;6;387;323;9.78;0.75;0.81;
1;6;387;324;8.8;0.75;0.79;
1;6;388;320;8.04;0.65;1.03;
1;6;388;321;7.42;0.65;0.99;
1;6;388;322;5.22;0.65;0.86;
1;6;388;323;7.24;0.65;0.81;
1;6;388;324;7.22;0.65;0.79;
1;6;389;22;9.97;0.71;1.45;
1;6;389;321;9.94;0.71;0.99;
1;6;389;322;6.71;0.71;0.86;
1;6;389;323;6.8;0.71;0.81;
1;6;389;324;6.05;0.71;0.79;
1;6;389;326;8.16;0.71;0.82;
1;6;391;19;9.92;0.92;7.25;
1;6;391;20;9.11;0.92;5.9;
1;6;391;22;7.35;0.92;1.45;
1;6;391;323;9.95;0.92;0.81;
1;6;391;324;9.59;0.92;0.79;
1;6;391;326;7.52;0.92;0.82;
1;6;393;19;5.77;0.89;7.25;
1;6;393;20;6.66;0.89;5.9;
1;6;393;22;9.24;0.89;1.45;
1;6;439;19;5.94;1.32;7.25;
1;6;439;20;3.74;1.32;5.9;
1;6;439;22;7.04;1.32;1.45;
1;6;439;67;9.8;1.32;0.9;
1;6;441;20;9.53;0.98;5.9;
1;6;441;22;7.05;0.98;1.45;
1;6;441;67;7.56;0.98;0.9;
1;6;441;324;8.99;0.98;0.79;
1;6;441;326;9.74;0.98;0.82;
1;6;443;324;8.41;0.83;0.79;
1;6;495;323;9.49;0.87;0.81;
1;6;495;326;6.68;0.87;0.82;
1;6;495;327;7.02;0.87;0.71;
1;6;496;322;8.88;0.77;0.86;
1;6;496;323;7.61;0.77;0.81;
1;6;496;326;6.54;0.77;0.82;
1;6;496;327;6.4;0.77;0.71;
1;6;497;318;9.2;0.69;0.73;
1;6;497;321;7.84;0.69;0.99;
1;6;497;322;5.99;0.69;0.86;
1;6;497;323;6.12;0.69;0.81;
1;6;497;324;9.43;0.69;0.79;
1;6;497;326;7.14;0.69;0.82;
1;6;497;327;8.63;0.69;0.71;
