1;2;16;458;6.08;7.79;1.66;
1;2;19;393;8.06;6.7;1.12;
1;2;19;438;4.01;6.7;1.74;
1;2;19;439;3.98;6.7;1.77;
1;2;19;440;5.54;6.7;1.79;
1;2;19;441;9.22;6.7;1.38;
1;2;19;458;8.88;6.7;1.66;
1;2;20;393;8.93;5.54;1.12;
1;2;20;438;6.98;5.54;1.74;
1;2;20;439;4.56;5.54;1.77;
1;2;20;440;6.51;5.54;1.79;
1;2;20;441;9.29;5.54;1.38;
1;2;21;391;7.9;3.62;1.1;
1;2;21;393;7.06;3.62;1.12;
1;2;21;394;9.66;3.62;0.94;
1;2;21;438;7.61;3.62;1.74;
1;2;21;439;4.08;3.62;1.77;
1;2;21;440;6.53;3.62;1.79;
1;2;21;441;8.09;3.62;1.38;
1;2;22;389;9.67;1.54;1.03;
1;2;22;391;6.85;1.54;1.1;
1;2;22;393;8.83;1.54;1.12;
1;2;22;438;9.89;1.54;1.74;
1;2;22;439;6.12;1.54;1.77;
1;2;22;440;6.37;1.54;1.79;
1;2;22;441;6.05;1.54;1.38;
1;2;67;439;9.38;1.08;1.77;
1;2;67;440;7.38;1.08;1.79;
1;2;67;441;7.04;1.08;1.38;
1;2;72;299;9.81;0.83;1.34;
1;2;73;297;8.34;0.82;1.14;
1;2;73;299;8.46;0.82;1.34;
1;2;74;297;7.7;1.1;1.14;
1;2;74;299;6.01;1.1;1.34;
1;2;74;300;8.52;1.1;1.09;
1;2;76;54;9.91;0.69;0.84;
1;2;76;299;9.72;0.69;1.34;
1;2;76;300;9.51;0.69;1.09;
1;2;163;50;7.56;0.92;1.03;
1;2;167;50;9.8;0.64;1.03;
1;2;174;114;9.9;1.21;0.84;
1;2;174;297;8.42;1.21;1.14;
1;2;174;299;9.0;1.21;1.34;
1;2;176;114;7.03;1.72;0.84;
1;2;176;296;9.01;1.72;0.97;
1;2;176;297;6.27;1.72;1.14;
1;2;177;114;9.12;1.72;0.84;
1;2;177;296;9.08;1.72;0.97;
1;2;177;297;7.87;1.72;1.14;
1;2;181;296;8.38;1.19;0.97;
1;2;181;297;8.04;1.19;1.14;
1;2;318;51;7.9;0.99;0.91;
1;2;318;54;8.24;0.99;0.84;
1;2;318;300;9.27;0.99;1.09;
1;2;318;388;9.64;0.99;0.89;
1;2;318;389;9.75;0.99;1.03;
1;2;318;497;9.49;0.99;0.94;
1;2;319;51;9.07;0.97;0.91;
1;2;319;54;7.32;0.97;0.84;
1;2;319;56;7.22;0.97;0.8;
1;2;319;299;7.32;0.97;1.34;
1;2;319;300;6.97;0.97;1.09;
1;2;319;387;8.73;0.97;1.02;
1;2;319;388;8.38;0.97;0.89;
1;2;319;389;9.56;0.97;1.03;
1;2;320;51;8.84;1.29;0.91;
1;2;320;54;6.18;1.29;0.84;
1;2;320;56;4.01;1.29;0.8;
1;2;320;58;8.3;1.29;0.81;
1;2;320;296;8.52;1.29;0.97;
1;2;320;297;9.65;1.29;1.14;
1;2;320;299;6.74;1.29;1.34;
1;2;320;300;5.84;1.29;1.09;
1;2;320;387;6.83;1.29;1.02;
1;2;320;388;7.17;1.29;0.89;
1;2;320;389;9.74;1.29;1.03;
1;2;321;50;8.84;1.32;1.03;
1;2;321;51;5.33;1.32;0.91;
1;2;321;54;4.96;1.32;0.84;
1;2;321;56;6.57;1.32;0.8;
1;2;321;299;9.72;1.32;1.34;
1;2;321;300;7.33;1.32;1.09;
1;2;321;387;8.26;1.32;1.02;
1;2;321;388;6.91;1.32;0.89;
1;2;321;389;9.46;1.32;1.03;
1;2;321;497;8.38;1.32;0.94;
1;2;322;51;6.27;1.27;0.91;
1;2;322;54;8.1;1.27;0.84;
1;2;322;56;9.19;1.27;0.8;
1;2;322;387;7.38;1.27;1.02;
1;2;322;388;4.78;1.27;0.89;
1;2;322;389;6.2;1.27;1.03;
1;2;322;496;9.26;1.27;1.05;
1;2;322;497;6.22;1.27;0.94;
1;2;323;51;7.87;1.09;0.91;
1;2;323;387;9.39;1.09;1.02;
1;2;323;388;6.77;1.09;0.89;
1;2;323;389;6.06;1.09;1.03;
1;2;323;391;9.26;1.09;1.1;
1;2;323;496;8.32;1.09;1.05;
1;2;323;497;6.53;1.09;0.94;
1;2;324;387;8.39;1.01;1.02;
1;2;324;388;6.86;1.01;0.89;
1;2;324;389;5.39;1.01;1.03;
1;2;324;391;9.1;1.01;1.1;
1;2;324;441;8.13;1.01;1.38;
1;2;324;443;7.86;1.01;1.3;
1;2;324;497;9.96;1.01;0.94;
1;2;326;388;9.84;0.99;0.89;
1;2;326;389;7.4;0.99;1.03;
1;2;326;391;6.6;0.99;1.1;
1;2;326;394;9.72;0.99;0.94;
1;2;326;441;8.76;0.99;1.38;
1;2;326;495;7.33;0.99;1.08;
1;2;326;496;7.02;0.99;1.05;
1;2;326;497;7.0;0.99;0.94;
1;2;327;391;9.65;0.83;1.1;
1;2;327;495;7.2;0.83;1.08;
1;2;327;496;6.46;0.83;1.05;
1;2;327;497;8.22;0.83;0.94;
1;2;328;495;8.0;0.74;1.08;
1;2;328;496;8.67;0.74;1.05;
2;3;16;458;6.17;7.79;1.66;
2;3;19;393;8.06;6.7;1.12;
2;3;19;438;4.13;6.7;1.74;
2;3;19;439;4.09;6.7;1.77;
2;3;19;441;9.53;6.7;1.38;
2;3;19;458;9.13;6.7;1.66;
2;3;21;391;8.21;3.62;1.1;
2;3;21;393;7.18;3.62;1.12;
2;3;21;394;9.74;3.62;0.94;
2;3;21;438;7.81;3.62;1.74;
2;3;21;439;4.37;3.62;1.77;
2;3;21;441;8.55;3.62;1.38;
2;3;22;389;9.98;1.54;1.03;
2;3;22;391;7.02;1.54;1.1;
2;3;22;393;8.76;1.54;1.12;
2;3;22;438;9.91;1.54;1.74;
2;3;22;439;6.1;1.54;1.77;
2;3;22;441;6.44;1.54;1.38;
2;3;67;439;9.1;1.08;1.77;
2;3;67;441;7.02;1.08;1.38;
2;3;72;299;9.86;0.83;1.34;
2;3;73;297;8.35;0.82;1.14;
2;3;73;299;8.42;0.82;1.34;
2;3;74;297;7.69;1.1;1.14;
2;3;74;299;5.95;1.1;1.34;
2;3;74;300;8.41;1.1;1.09;
2;3;76;54;9.89;0.69;0.84;
2;3;76;299;9.8;0.69;1.34;
2;3;76;300;9.54;0.69;1.09;
2;3;163;50;7.72;0.92;1.03;
2;3;167;50;9.95;0.64;1.03;
2;3;174;114;9.84;1.21;0.84;
2;3;174;297;8.26;1.21;1.14;
2;3;174;299;8.85;1.21;1.34;
2;3;176;114;7.12;1.72;0.84;
2;3;176;296;8.74;1.72;0.97;
2;3;176;297;6.09;1.72;1.14;
2;3;177;114;9.31;1.72;0.84;
2;3;177;296;8.85;1.72;0.97;
2;3;177;297;7.78;1.72;1.14;
2;3;180;387;9.92;1.42;1.02;
2;3;180;443;9.98;1.42;1.3;
2;3;181;296;8.42;1.19;0.97;
2;3;181;297;8.17;1.19;1.14;
2;3;318;51;7.85;0.99;0.91;
2;3;318;54;8.3;0.99;0.84;
2;3;318;300;9.4;0.99;1.09;
2;3;318;388;9.72;0.99;0.89;
2;3;318;389;9.76;0.99;1.03;
2;3;318;497;9.37;0.99;0.94;
2;3;319;51;8.91;0.97;0.91;
2;3;319;54;7.29;0.97;0.84;
2;3;319;56;7.36;0.97;0.8;
2;3;319;299;7.51;0.97;1.34;
2;3;319;300;7.08;0.97;1.09;
2;3;319;387;8.76;0.97;1.02;
2;3;319;388;8.29;0.97;0.89;
2;3;319;389;9.4;0.97;1.03;
2;3;320;51;8.61;1.29;0.91;
2;3;320;54;6.16;1.29;0.84;
2;3;320;56;4.25;1.29;0.8;
2;3;320;58;8.46;1.29;0.81;
2;3;320;296;8.78;1.29;0.97;
2;3;320;297;9.9;1.29;1.14;
2;3;320;299;6.99;1.29;1.34;
2;3;320;300;6.01;1.29;1.09;
2;3;320;387;6.75;1.29;1.02;
2;3;320;388;6.93;1.29;0.89;
2;3;320;389;9.47;1.29;1.03;
2;3;321;50;8.69;1.32;1.03;
2;3;321;51;5.14;1.32;0.91;
2;3;321;54;5.08;1.32;0.84;
2;3;321;56;6.83;1.32;0.8;
2;3;321;299;9.93;1.32;1.34;
2;3;321;300;7.55;1.32;1.09;
2;3;321;387;8.29;1.32;1.02;
2;3;321;388;6.81;1.32;0.89;
2;3;321;389;9.28;1.32;1.03;
2;3;321;497;8.09;1.32;0.94;
2;3;322;50;9.87;1.27;1.03;
2;3;322;51;6.17;1.27;0.91;
2;3;322;54;8.23;1.27;0.84;
2;3;322;56;9.49;1.27;0.8;
2;3;322;387;7.62;1.27;1.02;
2;3;322;388;4.91;1.27;0.89;
2;3;322;389;6.13;1.27;1.03;
2;3;322;496;8.92;1.27;1.05;
2;3;322;497;5.91;1.27;0.94;
2;3;323;51;7.84;1.09;0.91;
2;3;323;387;9.68;1.09;1.02;
2;3;323;388;7.0;1.09;0.89;
2;3;323;389;6.17;1.09;1.03;
2;3;323;391;9.11;1.09;1.1;
2;3;323;496;8.02;1.09;1.05;
2;3;323;497;6.36;1.09;0.94;
2;3;324;387;8.69;1.01;1.02;
2;3;324;388;7.03;1.01;0.89;
2;3;324;389;5.41;1.01;1.03;
2;3;324;391;8.86;1.01;1.1;
2;3;324;441;8.02;1.01;1.38;
2;3;324;443;8.0;1.01;1.3;
2;3;324;497;9.77;1.01;0.94;
2;3;326;389;7.79;0.99;1.03;
2;3;326;391;6.73;0.99;1.1;
2;3;326;394;9.63;0.99;0.94;
2;3;326;441;8.99;0.99;1.38;
2;3;326;496;6.85;0.99;1.05;
2;3;326;497;7.09;0.99;0.94;
2;3;328;496;8.8;0.74;1.05;
3;4;16;458;6.15;7.79;1.66;
3;4;19;393;7.98;6.7;1.12;
3;4;19;438;4.1;6.7;1.74;
3;4;19;439;4.05;6.7;1.77;
3;4;19;441;9.56;6.7;1.38;
3;4;19;458;9.26;6.7;1.66;
3;4;21;391;8.24;3.62;1.1;
3;4;21;393;7.17;3.62;1.12;
3;4;21;394;9.71;3.62;0.94;
3;4;21;438;7.85;3.62;1.74;
3;4;21;439;4.45;3.62;1.77;
3;4;21;441;8.65;3.62;1.38;
3;4;22;391;6.99;1.54;1.1;
3;4;22;393;8.71;1.54;1.12;
3;4;22;438;9.94;1.54;1.74;
3;4;22;439;6.14;1.54;1.77;
3;4;22;441;6.55;1.54;1.38;
3;4;67;439;8.97;1.08;1.77;
3;4;67;441;6.98;1.08;1.38;
3;4;72;299;9.91;0.83;1.34;
3;4;73;297;8.5;0.82;1.14;
3;4;73;299;8.47;0.82;1.34;
3;4;74;297;7.82;1.1;1.14;
3;4;74;299;6.01;1.1;1.34;
3;4;74;300;8.42;1.1;1.09;
3;4;76;54;9.89;0.69;0.84;
3;4;76;299;9.88;0.69;1.34;
3;4;76;300;9.58;0.69;1.09;
3;4;163;50;7.8;0.92;1.03;
3;4;167;50;9.96;0.64;1.03;
3;4;174;297;8.37;1.21;1.14;
3;4;174;299;8.88;1.21;1.34;
3;4;176;114;7.25;1.72;0.84;
3;4;176;296;8.81;1.72;0.97;
3;4;176;297;6.14;1.72;1.14;
3;4;177;114;9.39;1.72;0.84;
3;4;177;296;8.89;1.72;0.97;
3;4;177;297;7.78;1.72;1.14;
3;4;180;387;9.86;1.42;1.02;
3;4;180;443;9.87;1.42;1.3;
3;4;180;446;9.84;1.42;3.18;
3;4;181;296;8.52;1.19;0.97;
3;4;181;297;8.25;1.19;1.14;
3;4;318;51;7.79;0.99;0.91;
3;4;318;54;8.29;0.99;0.84;
3;4;318;300;9.43;0.99;1.09;
3;4;318;388;9.74;0.99;0.89;
3;4;318;389;9.8;0.99;1.03;
3;4;318;497;9.33;0.99;0.94;
3;4;319;51;8.85;0.97;0.91;
3;4;319;54;7.27;0.97;0.84;
3;4;319;56;7.41;0.97;0.8;
3;4;319;299;7.55;0.97;1.34;
3;4;319;300;7.08;0.97;1.09;
3;4;319;387;8.8;0.97;1.02;
3;4;319;388;8.29;0.97;0.89;
3;4;319;389;9.4;0.97;1.03;
3;4;320;51;8.56;1.29;0.91;
3;4;320;54;6.13;1.29;0.84;
3;4;320;56;4.29;1.29;0.8;
3;4;320;58;8.52;1.29;0.81;
3;4;320;296;8.83;1.29;0.97;
3;4;320;297;9.95;1.29;1.14;
3;4;320;299;6.99;1.29;1.34;
3;4;320;300;5.99;1.29;1.09;
3;4;320;387;6.77;1.29;1.02;
3;4;320;388;6.93;1.29;0.89;
3;4;320;389;9.46;1.29;1.03;
3;4;321;50;8.65;1.32;1.03;
3;4;321;51;5.1;1.32;0.91;
3;4;321;54;5.07;1.32;0.84;
3;4;321;56;6.86;1.32;0.8;
3;4;321;299;9.94;1.32;1.34;
3;4;321;300;7.54;1.32;1.09;
3;4;321;387;8.33;1.32;1.02;
3;4;321;388;6.83;1.32;0.89;
3;4;321;389;9.29;1.32;1.03;
3;4;321;497;8.05;1.32;0.94;
3;4;322;50;9.83;1.27;1.03;
3;4;322;51;6.12;1.27;0.91;
3;4;322;54;8.22;1.27;0.84;
3;4;322;56;9.53;1.27;0.8;
3;4;322;387;7.68;1.27;1.02;
3;4;322;388;4.95;1.27;0.89;
3;4;322;389;6.16;1.27;1.03;
3;4;322;496;8.86;1.27;1.05;
3;4;322;497;5.85;1.27;0.94;
3;4;323;51;7.79;1.09;0.91;
3;4;323;387;9.75;1.09;1.02;
3;4;323;388;7.05;1.09;0.89;
3;4;323;389;6.23;1.09;1.03;
3;4;323;391;9.12;1.09;1.1;
3;4;323;496;7.95;1.09;1.05;
3;4;323;497;6.31;1.09;0.94;
3;4;324;387;8.75;1.01;1.02;
3;4;324;388;7.04;1.01;0.89;
3;4;324;389;5.42;1.01;1.03;
3;4;324;391;8.8;1.01;1.1;
3;4;324;441;8.02;1.01;1.38;
3;4;324;443;8.06;1.01;1.3;
3;4;324;497;9.69;1.01;0.94;
3;4;326;389;7.91;0.99;1.03;
3;4;326;391;6.81;0.99;1.1;
3;4;326;394;9.63;0.99;0.94;
3;4;326;441;9.13;0.99;1.38;
3;4;326;496;6.76;0.99;1.05;
3;4;326;497;7.04;0.99;0.94;
3;4;327;496;6.43;0.83;1.05;
3;4;327;497;8.43;0.83;0.94;
3;4;328;496;8.74;0.74;1.05;
4;5;16;458;6.26;7.79;1.66;
4;5;19;393;8.13;6.7;1.12;
4;5;19;438;4.22;6.7;1.74;
4;5;19;439;4.14;6.7;1.77;
4;5;19;441;9.58;6.7;1.38;
4;5;19;458;9.24;6.7;1.66;
4;5;21;391;8.32;3.62;1.1;
4;5;21;393;7.25;3.62;1.12;
4;5;21;394;9.8;3.62;0.94;
4;5;21;438;7.89;3.62;1.74;
4;5;21;439;4.48;3.62;1.77;
4;5;21;441;8.65;3.62;1.38;
4;5;22;391;7.11;1.54;1.1;
4;5;22;393;8.8;1.54;1.12;
4;5;22;438;9.98;1.54;1.74;
4;5;22;439;6.17;1.54;1.77;
4;5;22;441;6.57;1.54;1.38;
4;5;67;439;9.04;1.08;1.77;
4;5;67;441;7.09;1.08;1.38;
4;5;72;299;9.97;0.83;1.34;
4;5;73;297;8.56;0.82;1.14;
4;5;73;299;8.55;0.82;1.34;
4;5;74;297;7.87;1.1;1.14;
4;5;74;299;6.09;1.1;1.34;
4;5;74;300;8.49;1.1;1.09;
4;5;76;54;9.97;0.69;0.84;
4;5;76;299;9.93;0.69;1.34;
4;5;76;300;9.65;0.69;1.09;
4;5;163;50;7.74;0.92;1.03;
4;5;167;50;9.96;0.64;1.03;
4;5;174;297;8.48;1.21;1.14;
4;5;174;299;8.97;1.21;1.34;
4;5;176;114;7.25;1.72;0.84;
4;5;176;296;8.93;1.72;0.97;
4;5;176;297;6.22;1.72;1.14;
4;5;177;114;9.35;1.72;0.84;
4;5;177;296;9.01;1.72;0.97;
4;5;177;297;7.84;1.72;1.14;
4;5;180;443;9.97;1.42;1.3;
4;5;181;296;8.61;1.19;0.97;
4;5;181;297;8.27;1.19;1.14;
4;5;318;51;7.86;0.99;0.91;
4;5;318;54;8.37;0.99;0.84;
4;5;318;300;9.47;0.99;1.09;
4;5;318;388;9.79;0.99;0.89;
4;5;318;389;9.81;0.99;1.03;
4;5;318;497;9.34;0.99;0.94;
4;5;319;51;8.89;0.97;0.91;
4;5;319;54;7.34;0.97;0.84;
4;5;319;56;7.48;0.97;0.8;
4;5;319;299;7.55;0.97;1.34;
4;5;319;300;7.12;0.97;1.09;
4;5;319;387;8.84;0.97;1.02;
4;5;319;388;8.33;0.97;0.89;
4;5;319;389;9.4;0.97;1.03;
4;5;320;51;8.59;1.29;0.91;
4;5;320;54;6.17;1.29;0.84;
4;5;320;56;4.33;1.29;0.8;
4;5;320;296;8.79;1.29;0.97;
4;5;320;297;9.88;1.29;1.14;
4;5;320;299;6.95;1.29;1.34;
4;5;320;300;5.99;1.29;1.09;
4;5;320;387;6.77;1.29;1.02;
4;5;320;388;6.93;1.29;0.89;
4;5;320;389;9.44;1.29;1.03;
4;5;321;50;8.67;1.32;1.03;
4;5;321;51;5.11;1.32;0.91;
4;5;321;54;5.11;1.32;0.84;
4;5;321;56;6.87;1.32;0.8;
4;5;321;299;9.9;1.32;1.34;
4;5;321;300;7.53;1.32;1.09;
4;5;321;387;8.3;1.32;1.02;
4;5;321;388;6.8;1.32;0.89;
4;5;321;389;9.25;1.32;1.03;
4;5;321;497;8.02;1.32;0.94;
4;5;322;50;9.88;1.27;1.03;
4;5;322;51;6.17;1.27;0.91;
4;5;322;54;8.28;1.27;0.84;
4;5;322;56;9.56;1.27;0.8;
4;5;322;387;7.66;1.27;1.02;
4;5;322;388;4.93;1.27;0.89;
4;5;322;389;6.12;1.27;1.03;
4;5;322;496;8.85;1.27;1.05;
4;5;322;497;5.84;1.27;0.94;
4;5;323;51;7.86;1.09;0.91;
4;5;323;387;9.76;1.09;1.02;
4;5;323;388;7.07;1.09;0.89;
4;5;323;389;6.22;1.09;1.03;
4;5;323;391;9.11;1.09;1.1;
4;5;323;496;7.96;1.09;1.05;
4;5;323;497;6.33;1.09;0.94;
4;5;324;387;8.81;1.01;1.02;
4;5;324;388;7.12;1.01;0.89;
4;5;324;389;5.47;1.01;1.03;
4;5;324;391;8.83;1.01;1.1;
4;5;324;441;8.01;1.01;1.38;
4;5;324;443;8.08;1.01;1.3;
4;5;324;497;9.74;1.01;0.94;
4;5;326;389;7.9;0.99;1.03;
4;5;326;391;6.79;0.99;1.1;
4;5;326;394;9.63;0.99;0.94;
4;5;326;441;9.06;0.99;1.38;
4;5;326;496;6.82;0.99;1.05;
4;5;326;497;7.12;0.99;0.94;
4;5;327;496;6.48;0.83;1.05;
4;5;327;497;8.48;0.83;0.94;
4;5;328;496;8.81;0.74;1.05;
5;6;16;458;6.11;7.79;1.66;
5;6;19;393;8.09;6.7;1.12;
5;6;19;438;4.19;6.7;1.74;
5;6;19;439;4.06;6.7;1.77;
5;6;19;441;9.42;6.7;1.38;
5;6;19;458;9.18;6.7;1.66;
5;6;21;391;8.24;3.62;1.1;
5;6;21;393;7.24;3.62;1.12;
5;6;21;394;9.8;3.62;0.94;
5;6;21;438;7.87;3.62;1.74;
5;6;21;439;4.44;3.62;1.77;
5;6;21;441;8.55;3.62;1.38;
5;6;22;391;7.08;1.54;1.1;
5;6;22;393;8.83;1.54;1.12;
5;6;22;439;6.23;1.54;1.77;
5;6;22;441;6.54;1.54;1.38;
5;6;67;439;9.1;1.08;1.77;
5;6;67;441;7.07;1.08;1.38;
5;6;72;299;9.86;0.83;1.34;
5;6;73;297;8.39;0.82;1.14;
5;6;73;299;8.42;0.82;1.34;
5;6;74;91;9.97;1.1;0.96;
5;6;74;297;7.75;1.1;1.14;
5;6;74;299;5.98;1.1;1.34;
5;6;74;300;8.41;1.1;1.09;
5;6;76;54;9.92;0.69;0.84;
5;6;76;299;9.87;0.69;1.34;
5;6;76;300;9.6;0.69;1.09;
5;6;163;50;7.86;0.92;1.03;
5;6;174;114;9.89;1.21;0.84;
5;6;174;297;8.31;1.21;1.14;
5;6;174;299;8.86;1.21;1.34;
5;6;176;114;7.1;1.72;0.84;
5;6;176;296;8.73;1.72;0.97;
5;6;176;297;6.05;1.72;1.14;
5;6;176;299;9.98;1.72;1.34;
5;6;177;114;9.26;1.72;0.84;
5;6;177;296;8.82;1.72;0.97;
5;6;177;297;7.72;1.72;1.14;
5;6;180;387;9.87;1.42;1.02;
5;6;180;443;9.95;1.42;1.3;
5;6;181;296;8.41;1.19;0.97;
5;6;181;297;8.14;1.19;1.14;
5;6;318;51;7.83;0.99;0.91;
5;6;318;54;8.3;0.99;0.84;
5;6;318;300;9.42;0.99;1.09;
5;6;318;388;9.79;0.99;0.89;
5;6;318;389;9.85;0.99;1.03;
5;6;318;497;9.37;0.99;0.94;
5;6;319;51;8.86;0.97;0.91;
5;6;319;54;7.25;0.97;0.84;
5;6;319;56;7.41;0.97;0.8;
5;6;319;299;7.51;0.97;1.34;
5;6;319;300;7.07;0.97;1.09;
5;6;319;387;8.82;0.97;1.02;
5;6;319;388;8.33;0.97;0.89;
5;6;319;389;9.45;0.97;1.03;
5;6;320;51;8.56;1.29;0.91;
5;6;320;54;6.11;1.29;0.84;
5;6;320;56;4.29;1.29;0.8;
5;6;320;296;8.81;1.29;0.97;
5;6;320;297;9.93;1.29;1.14;
5;6;320;299;6.97;1.29;1.34;
5;6;320;300;5.98;1.29;1.09;
5;6;320;387;6.79;1.29;1.02;
5;6;320;388;6.95;1.29;0.89;
5;6;320;389;9.5;1.29;1.03;
5;6;321;50;8.63;1.32;1.03;
5;6;321;51;5.09;1.32;0.91;
5;6;321;54;5.05;1.32;0.84;
5;6;321;56;6.88;1.32;0.8;
5;6;321;299;9.93;1.32;1.34;
5;6;321;300;7.54;1.32;1.09;
5;6;321;387;8.34;1.32;1.02;
5;6;321;388;6.84;1.32;0.89;
5;6;321;389;9.31;1.32;1.03;
5;6;321;497;8.05;1.32;0.94;
5;6;322;50;9.82;1.27;1.03;
5;6;322;51;6.1;1.27;0.91;
5;6;322;54;8.21;1.27;0.84;
5;6;322;56;9.54;1.27;0.8;
5;6;322;387;7.7;1.27;1.02;
5;6;322;388;4.97;1.27;0.89;
5;6;322;389;6.18;1.27;1.03;
5;6;322;496;8.85;1.27;1.05;
5;6;322;497;5.85;1.27;0.94;
5;6;323;51;7.79;1.09;0.91;
5;6;323;387;9.75;1.09;1.02;
5;6;323;388;7.07;1.09;0.89;
5;6;323;389;6.26;1.09;1.03;
5;6;323;391;9.17;1.09;1.1;
5;6;323;496;7.97;1.09;1.05;
5;6;323;497;6.34;1.09;0.94;
5;6;324;387;8.74;1.01;1.02;
5;6;324;388;7.06;1.01;0.89;
5;6;324;389;5.47;1.01;1.03;
5;6;324;391;8.88;1.01;1.1;
5;6;324;441;8.09;1.01;1.38;
5;6;324;443;8.11;1.01;1.3;
5;6;324;497;9.72;1.01;0.94;
5;6;326;389;7.91;0.99;1.03;
5;6;326;391;6.87;0.99;1.1;
5;6;326;394;9.7;0.99;0.94;
5;6;326;441;9.13;0.99;1.38;
5;6;326;496;6.82;0.99;1.05;
5;6;326;497;7.1;0.99;0.94;
5;6;327;496;6.52;0.83;1.05;
5;6;327;497;8.5;0.83;0.94;
5;6;328;496;8.85;0.74;1.05;
1;6;50;163;7.82;1.03;0.92;
1;6;50;167;9.92;1.03;0.64;
1;6;50;321;8.63;1.03;1.32;
1;6;50;322;9.79;1.03;1.27;
1;6;51;318;7.74;0.91;0.99;
1;6;51;319;8.81;0.91;0.97;
1;6;51;320;8.55;0.91;1.29;
1;6;51;321;5.08;0.91;1.32;
1;6;51;322;6.06;0.91;1.27;
1;6;51;323;7.72;0.91;1.09;
1;6;54;76;9.81;0.84;0.69;
1;6;54;318;8.19;0.84;0.99;
1;6;54;319;7.18;0.84;0.97;
1;6;54;320;6.08;0.84;1.29;
1;6;54;321;5.02;0.84;1.32;
1;6;54;322;8.15;0.84;1.27;
1;6;56;319;7.34;0.8;0.97;
1;6;56;320;4.24;0.8;1.29;
1;6;56;321;6.84;0.8;1.32;
1;6;56;322;9.48;0.8;1.27;
1;6;58;320;8.48;0.81;1.29;
1;6;91;74;9.86;0.96;1.1;
1;6;94;74;9.95;1.21;1.1;
1;6;114;174;9.88;0.84;1.21;
1;6;114;176;7.1;0.84;1.72;
1;6;114;177;9.25;0.84;1.72;
1;6;296;176;8.79;0.97;1.72;
1;6;296;177;8.86;0.97;1.72;
1;6;296;181;8.4;0.97;1.19;
1;6;296;320;8.79;0.97;1.29;
1;6;297;73;8.38;1.14;0.82;
1;6;297;74;7.74;1.14;1.1;
1;6;297;174;8.31;1.14;1.21;
1;6;297;176;6.1;1.14;1.72;
1;6;297;177;7.73;1.14;1.72;
1;6;297;181;8.11;1.14;1.19;
1;6;297;320;9.92;1.14;1.29;
1;6;299;72;9.78;1.34;0.83;
1;6;299;73;8.36;1.34;0.82;
1;6;299;74;5.92;1.34;1.1;
1;6;299;76;9.78;1.34;0.69;
1;6;299;174;8.85;1.34;1.21;
1;6;299;319;7.44;1.34;0.97;
1;6;299;320;6.93;1.34;1.29;
1;6;299;321;9.89;1.34;1.32;
1;6;300;74;8.36;1.09;1.1;
1;6;300;76;9.5;1.09;0.69;
1;6;300;318;9.31;1.09;0.99;
1;6;300;319;6.98;1.09;0.97;
1;6;300;320;5.92;1.09;1.29;
1;6;300;321;7.49;1.09;1.32;
1;6;387;180;9.88;1.02;1.42;
1;6;387;319;8.8;1.02;0.97;
1;6;387;320;6.78;1.02;1.29;
1;6;387;321;8.36;1.02;1.32;
1;6;387;322;7.7;1.02;1.27;
1;6;387;323;9.74;1.02;1.09;
1;6;387;324;8.72;1.02;1.01;
1;6;388;318;9.76;0.89;0.99;
1;6;388;319;8.3;0.89;0.97;
1;6;388;320;6.93;0.89;1.29;
1;6;388;321;6.85;0.89;1.32;
1;6;388;322;4.98;0.89;1.27;
1;6;388;323;7.05;0.89;1.09;
1;6;388;324;7.01;0.89;1.01;
1;6;389;22;9.96;1.03;1.54;
1;6;389;318;9.83;1.03;0.99;
1;6;389;319;9.41;1.03;0.97;
1;6;389;320;9.46;1.03;1.29;
1;6;389;321;9.32;1.03;1.32;
1;6;389;322;6.2;1.03;1.27;
1;6;389;323;6.26;1.03;1.09;
1;6;389;324;5.42;1.03;1.01;
1;6;389;326;7.89;1.03;0.99;
1;6;391;21;8.19;1.1;3.62;
1;6;391;22;6.97;1.1;1.54;
1;6;391;323;9.14;1.1;1.09;
1;6;391;324;8.81;1.1;1.01;
1;6;391;326;6.82;1.1;0.99;
1;6;393;19;7.99;1.12;6.7;
1;6;393;21;7.15;1.12;3.62;
1;6;393;22;8.71;1.12;1.54;
1;6;394;21;9.7;0.94;3.62;
1;6;394;326;9.64;0.94;0.99;
1;6;438;19;4.08;1.74;6.7;
1;6;438;21;7.84;1.74;3.62;
1;6;438;22;9.94;1.74;1.54;
1;6;439;19;4.03;1.77;6.7;
1;6;439;21;4.43;1.77;3.62;
1;6;439;22;6.15;1.77;1.54;
1;6;439;67;8.95;1.77;1.08;
1;6;441;19;9.44;1.38;6.7;
1;6;441;21;8.59;1.38;3.62;
1;6;441;22;6.54;1.38;1.54;
1;6;441;67;6.97;1.38;1.08;
1;6;441;324;8.05;1.38;1.01;
1;6;441;326;9.16;1.38;0.99;
1;6;443;180;9.9;1.3;1.42;
1;6;443;324;8.09;1.3;1.01;
1;6;458;16;6.08;1.66;7.79;
1;6;458;19;9.22;1.66;6.7;
1;6;496;322;8.83;1.05;1.27;
1;6;496;323;7.92;1.05;1.09;
1;6;496;326;6.7;1.05;0.99;
1;6;496;327;6.38;1.05;0.83;
1;6;496;328;8.68;1.05;0.74;
1;6;497;318;9.33;0.94;0.99;
1;6;497;321;8.04;0.94;1.32;
1;6;497;322;5.84;0.94;1.27;
1;6;497;323;6.3;0.94;1.09;
1;6;497;324;9.68;0.94;1.01;
1;6;497;326;7.0;0.94;0.99;
1;6;497;327;8.39;0.94;0.83;
