10;12;6.03;3.5;2.76;
10;410;5.43;3.5;0.22;
10;411;5.66;3.5;0.22;
12;14;5.65;2.76;2.06;
12;410;5.09;2.76;0.22;
12;411;1.28;2.76;0.22;
12;413;5.77;2.76;0.18;
12;425;7.7;2.76;0.24;
14;16;5.9;2.06;1.41;
14;17;8.82;2.06;1.17;
14;410;9.89;2.06;0.22;
14;411;6.49;2.06;0.22;
14;413;5.15;2.06;0.18;
14;421;7.93;2.06;0.16;
14;423;6.68;2.06;0.16;
14;425;5.51;2.06;0.24;
14;436;9.87;2.06;0.2;
16;17;3.87;1.41;1.17;
16;18;5.81;1.41;0.78;
16;19;8.26;1.41;0.68;
16;393;8.88;1.41;0.2;
16;413;9.72;1.41;0.18;
16;423;6.16;1.41;0.16;
16;425;7.75;1.41;0.24;
16;436;4.36;1.41;0.2;
16;438;7.49;1.41;0.17;
17;18;3.8;1.17;0.78;
17;19;6.2;1.17;0.68;
17;20;7.83;1.17;0.41;
17;393;7.42;1.17;0.2;
17;423;7.55;1.17;0.16;
17;436;5.4;1.17;0.2;
17;438;4.03;1.17;0.17;
17;439;6.89;1.17;0.17;
17;440;9.95;1.17;0.12;
18;19;3.84;0.78;0.68;
18;20;5.75;0.78;0.41;
18;21;7.98;0.78;0.23;
18;391;9.48;0.78;0.14;
18;393;4.44;0.78;0.2;
18;394;7.87;0.78;0.2;
18;436;5.3;0.78;0.2;
18;438;4.08;0.78;0.17;
18;439;4.65;0.78;0.17;
18;440;8.34;0.78;0.12;
19;20;4.01;0.68;0.41;
19;21;5.94;0.68;0.23;
19;22;9.05;0.68;0.08;
19;391;6.09;0.68;0.14;
19;393;1.83;0.68;0.2;
19;394;5.47;0.68;0.2;
19;436;5.62;0.68;0.2;
19;438;3.95;0.68;0.17;
19;439;3.8;0.68;0.17;
19;440;6.0;0.68;0.12;
19;441;8.0;0.68;0.1;
20;21;3.83;0.41;0.23;
20;22;6.17;0.41;0.08;
20;67;9.93;0.41;0.31;
20;391;6.15;0.41;0.14;
20;393;5.04;0.41;0.2;
20;394;8.38;0.41;0.2;
20;436;9.35;0.41;0.2;
20;438;4.27;0.41;0.17;
20;439;1.32;0.41;0.17;
20;440;2.68;0.41;0.12;
20;441;5.73;0.41;0.1;
21;22;3.77;0.23;0.08;
21;67;9.28;0.23;0.31;
21;326;7.79;0.23;0.19;
21;327;8.59;0.23;0.18;
21;328;6.8;0.23;0.21;
21;329;9.86;0.23;0.19;
21;389;8.98;0.23;0.09;
21;391;4.3;0.23;0.14;
21;393;5.74;0.23;0.2;
21;394;7.66;0.23;0.2;
21;438;7.88;0.23;0.17;
21;439;4.42;0.23;0.17;
21;440;4.39;0.23;0.12;
21;441;4.79;0.23;0.1;
22;67;6.0;0.08;0.31;
22;323;9.78;0.08;0.19;
22;324;8.2;0.08;0.23;
22;326;6.66;0.08;0.19;
22;327;8.36;0.08;0.18;
22;328;7.98;0.08;0.21;
22;389;7.17;0.08;0.09;
22;391;5.64;0.08;0.14;
22;393;9.12;0.08;0.2;
22;439;7.17;0.08;0.17;
22;440;4.86;0.08;0.12;
22;441;3.2;0.08;0.1;
22;443;7.87;0.08;0.05;
50;51;3.75;0.12;0.1;
50;54;7.78;0.12;0.04;
50;80;9.41;0.12;0.11;
50;163;6.47;0.12;0.1;
50;167;8.57;0.12;0.08;
50;321;9.87;0.12;0.15;
50;496;8.67;0.12;0.19;
50;497;8.3;0.12;0.15;
51;54;6.0;0.1;0.04;
51;80;9.54;0.1;0.11;
51;163;9.35;0.1;0.1;
51;167;9.53;0.1;0.08;
51;318;8.27;0.1;0.16;
51;321;7.0;0.1;0.15;
51;322;7.26;0.1;0.18;
51;323;7.76;0.1;0.19;
51;326;9.45;0.1;0.19;
51;327;9.36;0.1;0.18;
51;496;7.7;0.1;0.19;
51;497;6.02;0.1;0.15;
54;56;6.91;0.04;0.06;
54;76;9.14;0.04;0.17;
54;91;9.3;0.04;0.08;
54;169;9.95;0.04;0.13;
54;299;8.12;0.04;0.06;
54;300;4.33;0.04;0.06;
54;318;6.85;0.04;0.16;
54;320;6.38;0.04;0.21;
54;321;4.23;0.04;0.15;
54;322;6.89;0.04;0.18;
54;323;8.43;0.04;0.19;
56;58;6.52;0.06;0.1;
56;296;6.27;0.06;0.11;
56;297;7.64;0.06;0.09;
56;299;5.15;0.06;0.06;
56;300;4.9;0.06;0.06;
56;318;8.22;0.06;0.16;
56;320;1.38;0.06;0.21;
56;321;4.59;0.06;0.15;
56;322;6.51;0.06;0.18;
56;323;9.09;0.06;0.19;
56;324;9.76;0.06;0.23;
56;387;8.39;0.06;0.06;
56;388;9.77;0.06;0.06;
58;181;9.87;0.1;0.26;
58;296;4.78;0.1;0.11;
58;297;8.54;0.1;0.09;
58;299;9.81;0.1;0.06;
58;320;7.07;0.1;0.21;
58;321;9.76;0.1;0.15;
58;322;9.88;0.1;0.18;
58;387;7.04;0.1;0.06;
67;324;9.02;0.31;0.23;
67;440;7.68;0.31;0.12;
67;441;6.73;0.31;0.1;
67;443;8.46;0.31;0.05;
72;73;3.82;0.26;0.22;
72;74;6.41;0.26;0.19;
72;76;7.89;0.26;0.17;
72;174;8.63;0.26;0.24;
72;181;5.63;0.26;0.26;
72;296;9.56;0.26;0.11;
72;297;8.13;0.26;0.09;
72;299;8.27;0.26;0.06;
72;318;8.43;0.26;0.16;
72;320;9.84;0.26;0.21;
72;324;7.52;0.26;0.23;
73;74;3.79;0.22;0.19;
73;76;8.51;0.22;0.17;
73;114;9.94;0.22;0.17;
73;147;9.73;0.22;0.19;
73;174;4.84;0.22;0.24;
73;176;8.3;0.22;0.25;
73;181;5.88;0.22;0.26;
73;296;9.29;0.22;0.11;
73;297;6.49;0.22;0.09;
73;299;7.56;0.22;0.06;
74;76;6.99;0.19;0.17;
74;91;8.99;0.19;0.08;
74;94;8.2;0.19;0.13;
74;114;9.05;0.19;0.17;
74;147;8.22;0.19;0.19;
74;174;4.45;0.19;0.24;
74;176;9.81;0.19;0.25;
74;181;8.8;0.19;0.26;
74;296;9.29;0.19;0.11;
74;297;5.92;0.19;0.09;
74;299;5.19;0.19;0.06;
74;300;8.38;0.19;0.06;
74;318;9.77;0.19;0.16;
74;320;9.66;0.19;0.21;
76;91;9.77;0.17;0.08;
76;147;9.88;0.17;0.19;
76;169;5.86;0.17;0.13;
76;299;7.57;0.17;0.06;
76;300;7.6;0.17;0.06;
76;318;5.03;0.17;0.16;
76;320;9.61;0.17;0.21;
76;323;8.77;0.17;0.19;
76;324;9.22;0.17;0.23;
80;163;9.0;0.11;0.1;
80;167;4.26;0.11;0.08;
80;169;8.67;0.11;0.13;
80;314;4.95;0.11;0.16;
80;327;8.33;0.11;0.18;
80;328;9.85;0.11;0.21;
80;329;8.77;0.11;0.19;
80;496;8.59;0.11;0.19;
90;91;3.71;0.12;0.08;
90;94;6.44;0.12;0.13;
90;160;7.91;0.12;0.12;
90;300;9.81;0.12;0.06;
91;94;5.11;0.08;0.13;
91;97;10.0;0.08;0.15;
91;160;9.12;0.08;0.12;
91;169;9.99;0.08;0.13;
91;299;7.48;0.08;0.06;
91;300;6.64;0.08;0.06;
94;97;5.19;0.13;0.15;
94;147;8.97;0.13;0.19;
94;158;8.95;0.13;0.16;
94;174;8.95;0.13;0.24;
94;299;9.34;0.13;0.06;
97;112;9.55;0.15;0.18;
97;114;9.76;0.15;0.17;
97;174;9.81;0.15;0.24;
112;114;6.29;0.18;0.17;
112;174;8.51;0.18;0.24;
112;176;6.19;0.18;0.25;
114;174;7.87;0.17;0.24;
114;176;6.56;0.17;0.25;
114;296;8.81;0.17;0.11;
114;297;6.17;0.17;0.09;
114;299;9.97;0.17;0.06;
147;158;5.59;0.19;0.16;
147;174;7.42;0.19;0.24;
150;153;8.39;0.21;0.2;
150;158;9.89;0.21;0.16;
158;160;7.46;0.16;0.12;
158;169;8.57;0.16;0.13;
160;167;8.37;0.12;0.08;
160;169;5.34;0.12;0.13;
163;167;5.83;0.1;0.08;
167;169;6.53;0.08;0.13;
167;314;9.1;0.08;0.16;
169;318;8.77;0.13;0.16;
174;176;6.85;0.24;0.25;
174;181;9.42;0.24;0.26;
174;297;7.74;0.24;0.09;
174;299;9.19;0.24;0.06;
176;181;8.16;0.25;0.26;
176;297;8.59;0.25;0.09;
181;296;7.29;0.26;0.11;
181;297;6.77;0.26;0.09;
296;297;3.87;0.11;0.09;
296;299;6.75;0.11;0.06;
296;300;9.56;0.11;0.06;
296;320;6.83;0.11;0.21;
297;299;5.09;0.09;0.06;
297;300;8.86;0.09;0.06;
297;320;7.92;0.09;0.21;
299;300;3.95;0.06;0.06;
299;318;7.87;0.06;0.16;
299;320;4.99;0.06;0.21;
299;321;8.22;0.06;0.15;
299;322;9.65;0.06;0.18;
300;318;6.87;0.06;0.16;
300;320;4.6;0.06;0.21;
300;321;5.74;0.06;0.15;
300;322;8.13;0.06;0.18;
300;323;9.46;0.06;0.19;
314;326;8.8;0.16;0.19;
314;327;5.13;0.16;0.18;
314;328;5.2;0.16;0.21;
314;329;4.05;0.16;0.19;
314;495;8.52;0.16;0.2;
314;496;7.21;0.16;0.19;
314;497;9.57;0.16;0.15;
318;320;6.87;0.16;0.21;
318;321;6.93;0.16;0.15;
318;322;5.69;0.16;0.18;
318;323;3.86;0.16;0.19;
318;324;5.5;0.16;0.23;
318;326;7.61;0.16;0.19;
318;327;8.5;0.16;0.18;
318;387;9.81;0.16;0.06;
318;388;8.86;0.16;0.06;
318;389;9.23;0.16;0.09;
320;321;4.04;0.21;0.15;
320;322;5.46;0.21;0.18;
320;323;7.77;0.21;0.19;
320;324;8.49;0.21;0.23;
320;387;7.79;0.21;0.06;
320;388;8.89;0.21;0.06;
321;322;3.76;0.15;0.18;
321;323;6.86;0.15;0.19;
321;324;9.22;0.15;0.23;
321;387;8.42;0.15;0.06;
321;388;7.91;0.15;0.06;
322;323;3.75;0.18;0.19;
322;324;6.08;0.18;0.23;
322;326;7.79;0.18;0.19;
322;387;5.9;0.18;0.06;
322;388;4.51;0.18;0.06;
322;389;6.95;0.18;0.09;
322;443;9.41;0.18;0.05;
322;497;8.71;0.18;0.15;
323;324;3.82;0.19;0.23;
323;326;4.7;0.19;0.19;
323;327;6.98;0.19;0.18;
323;387;7.43;0.19;0.06;
323;388;5.45;0.19;0.06;
323;389;5.54;0.19;0.09;
323;443;8.57;0.19;0.05;
323;497;8.0;0.19;0.15;
324;326;6.16;0.23;0.19;
324;327;8.92;0.23;0.18;
324;387;6.44;0.23;0.06;
324;388;5.99;0.23;0.06;
324;389;5.36;0.23;0.09;
324;441;8.69;0.23;0.1;
324;443;6.44;0.23;0.05;
326;327;3.68;0.19;0.18;
326;328;6.05;0.19;0.21;
326;329;9.28;0.19;0.19;
326;388;7.21;0.19;0.06;
326;389;4.71;0.19;0.09;
326;391;6.35;0.19;0.14;
326;441;7.52;0.19;0.1;
326;443;8.53;0.19;0.05;
326;495;8.81;0.19;0.2;
326;496;8.27;0.19;0.19;
326;497;6.6;0.19;0.15;
327;328;3.59;0.18;0.21;
327;329;6.13;0.18;0.19;
327;389;8.38;0.18;0.09;
327;391;8.26;0.18;0.14;
327;495;7.61;0.18;0.2;
327;496;6.69;0.18;0.19;
327;497;6.86;0.18;0.15;
328;329;3.72;0.21;0.19;
328;391;7.64;0.21;0.14;
328;393;9.81;0.21;0.2;
328;394;9.23;0.21;0.2;
328;441;9.94;0.21;0.1;
328;495;7.28;0.21;0.2;
328;496;7.89;0.21;0.19;
328;497;9.03;0.21;0.15;
329;495;6.97;0.19;0.2;
329;496;7.61;0.19;0.19;
387;388;3.76;0.06;0.06;
387;389;6.49;0.06;0.09;
387;443;5.82;0.06;0.05;
388;389;3.78;0.06;0.09;
388;391;9.8;0.06;0.14;
388;441;9.63;0.06;0.1;
388;443;5.65;0.06;0.05;
388;497;9.09;0.06;0.15;
389;391;6.3;0.09;0.14;
389;440;9.71;0.09;0.12;
389;441;6.08;0.09;0.1;
389;443;4.29;0.09;0.05;
389;497;8.67;0.09;0.15;
391;393;5.49;0.14;0.2;
391;394;5.5;0.14;0.2;
391;438;9.17;0.14;0.17;
391;439;7.0;0.14;0.17;
391;440;6.06;0.14;0.12;
391;441;4.57;0.14;0.1;
391;443;8.41;0.14;0.05;
391;495;9.17;0.14;0.2;
391;497;9.78;0.14;0.15;
393;394;3.85;0.2;0.2;
393;436;5.87;0.2;0.2;
393;438;5.69;0.2;0.17;
393;439;4.83;0.2;0.17;
393;440;6.99;0.2;0.12;
393;441;8.36;0.2;0.1;
394;436;7.41;0.2;0.2;
394;438;9.39;0.2;0.17;
394;439;8.43;0.2;0.17;
394;440;9.75;0.2;0.12;
394;441;9.77;0.2;0.1;
394;495;7.52;0.2;0.2;
410;411;3.88;0.22;0.22;
410;413;7.35;0.22;0.18;
411;413;5.53;0.22;0.18;
411;425;7.89;0.22;0.24;
413;421;6.52;0.18;0.16;
413;423;7.05;0.18;0.16;
413;425;4.36;0.18;0.24;
421;423;5.51;0.16;0.16;
421;425;9.24;0.16;0.24;
423;425;6.7;0.16;0.24;
423;436;8.31;0.16;0.2;
425;436;9.75;0.24;0.2;
436;438;6.76;0.2;0.17;
436;439;8.78;0.2;0.17;
438;439;3.75;0.17;0.17;
438;440;6.01;0.17;0.12;
438;441;9.28;0.17;0.1;
439;440;3.95;0.17;0.12;
439;441;7.01;0.17;0.1;
440;441;3.72;0.12;0.1;
440;443;9.2;0.12;0.05;
441;443;5.88;0.1;0.05;
495;496;3.73;0.2;0.19;
495;497;5.73;0.2;0.15;
496;497;3.85;0.19;0.15;
