1;2;19;439;4.29;6.89;1.34;
1;2;19;459;9.63;6.89;4.56;
1;2;20;439;5.08;5.37;1.34;
1;2;20;441;8.95;5.37;0.91;
1;2;22;389;9.98;1.42;0.64;
1;2;22;391;7.99;1.42;0.75;
1;2;22;439;7.59;1.42;1.34;
1;2;22;441;7.04;1.42;0.91;
1;2;67;441;8.11;0.77;0.91;
1;2;73;297;9.17;0.7;0.89;
1;2;73;299;8.82;0.7;0.95;
1;2;74;297;8.61;0.84;0.89;
1;2;74;299;6.44;0.84;0.95;
1;2;74;300;8.56;0.84;0.71;
1;2;163;50;7.98;0.63;0.69;
1;2;174;112;8.4;0.88;1.93;
1;2;174;297;9.05;0.88;0.89;
1;2;174;299;8.92;0.88;0.95;
1;2;176;110;6.01;1.53;3.87;
1;2;176;112;8.61;1.53;1.93;
1;2;176;114;9.2;1.53;0.83;
1;2;176;297;8.17;1.53;0.89;
1;2;177;110;9.05;1.98;3.87;
1;2;177;114;9.77;1.98;0.83;
1;2;177;296;8.12;1.98;0.76;
1;2;177;297;6.75;1.98;0.89;
1;2;180;387;9.84;0.9;0.69;
1;2;181;296;9.18;0.76;0.76;
1;2;181;297;8.93;0.76;0.89;
1;2;318;51;8.11;0.64;0.62;
1;2;318;54;8.63;0.64;0.62;
1;2;318;497;9.26;0.64;0.61;
1;2;319;51;8.89;0.73;0.62;
1;2;319;54;7.3;0.73;0.62;
1;2;319;56;7.89;0.73;0.65;
1;2;319;299;8.06;0.73;0.95;
1;2;319;300;7.43;0.73;0.71;
1;2;319;387;9.29;0.73;0.69;
1;2;319;388;9.19;0.73;0.58;
1;2;320;51;8.41;0.99;0.62;
1;2;320;54;5.77;0.99;0.62;
1;2;320;56;4.52;0.99;0.65;
1;2;320;58;8.88;0.99;0.7;
1;2;320;296;9.22;0.99;0.76;
1;2;320;299;6.98;0.99;0.95;
1;2;320;300;5.79;0.99;0.71;
1;2;320;387;7.76;0.99;0.69;
1;2;320;388;8.33;0.99;0.58;
1;2;321;50;8.64;0.74;0.69;
1;2;321;51;5.12;0.74;0.62;
1;2;321;54;5.37;0.74;0.62;
1;2;321;56;7.16;0.74;0.65;
1;2;321;300;8.01;0.74;0.71;
1;2;321;387;8.29;0.74;0.69;
1;2;321;388;7.31;0.74;0.58;
1;2;321;497;7.84;0.74;0.61;
1;2;322;51;6.45;0.68;0.62;
1;2;322;54;8.42;0.68;0.62;
1;2;322;56;9.69;0.68;0.65;
1;2;322;387;7.23;0.68;0.69;
1;2;322;388;5.15;0.68;0.58;
1;2;322;389;6.82;0.68;0.64;
1;2;322;496;8.82;0.68;0.72;
1;2;322;497;5.99;0.68;0.61;
1;2;323;51;7.9;0.63;0.62;
1;2;323;387;9.64;0.63;0.69;
1;2;323;388;7.27;0.63;0.58;
1;2;323;389;6.96;0.63;0.64;
1;2;323;496;7.32;0.63;0.72;
1;2;323;497;6.09;0.63;0.61;
1;2;324;387;8.66;0.7;0.69;
1;2;324;388;7.29;0.7;0.58;
1;2;324;389;6.39;0.7;0.64;
1;2;324;441;9.54;0.7;0.91;
1;2;324;443;8.63;0.7;0.73;
1;2;324;497;9.44;0.7;0.61;
1;2;326;389;8.09;0.74;0.64;
1;2;326;391;7.78;0.74;0.75;
1;2;326;441;9.6;0.74;0.91;
1;2;326;496;6.51;0.74;0.72;
1;2;326;497;7.54;0.74;0.61;
1;2;327;496;6.52;0.62;0.72;
1;2;327;497;9.02;0.62;0.61;
2;3;19;439;4.23;6.89;1.34;
2;3;19;459;9.88;6.89;4.56;
2;3;20;439;5.09;5.37;1.34;
2;3;20;441;8.91;5.37;0.91;
2;3;22;391;8.05;1.42;0.75;
2;3;22;439;7.72;1.42;1.34;
2;3;22;441;7.19;1.42;0.91;
2;3;67;441;8.16;0.77;0.91;
2;3;73;297;9.21;0.7;0.89;
2;3;73;299;8.81;0.7;0.95;
2;3;74;297;8.65;0.84;0.89;
2;3;74;299;6.42;0.84;0.95;
2;3;74;300;8.51;0.84;0.71;
2;3;163;50;8.08;0.63;0.69;
2;3;174;297;9.06;0.88;0.89;
2;3;174;299;8.88;0.88;0.95;
2;3;176;110;5.95;1.53;3.87;
2;3;176;114;9.16;1.53;0.83;
2;3;176;297;8.07;1.53;0.89;
2;3;177;110;8.92;1.98;3.87;
2;3;177;114;9.86;1.98;0.83;
2;3;177;297;6.85;1.98;0.89;
2;3;180;387;9.78;0.9;0.69;
2;3;181;297;8.98;0.76;0.89;
2;3;318;51;8.07;0.64;0.62;
2;3;318;54;8.66;0.64;0.62;
2;3;318;496;9.96;0.64;0.72;
2;3;318;497;9.25;0.64;0.61;
2;3;319;51;8.84;0.73;0.62;
2;3;319;54;7.32;0.73;0.62;
2;3;319;56;7.93;0.73;0.65;
2;3;319;299;8.13;0.73;0.95;
2;3;319;300;7.45;0.73;0.71;
2;3;319;387;9.31;0.73;0.69;
2;3;319;388;9.17;0.73;0.58;
2;3;320;51;8.31;0.99;0.62;
2;3;320;54;5.76;0.99;0.62;
2;3;320;56;4.61;0.99;0.65;
2;3;320;58;8.97;0.99;0.7;
2;3;320;299;7.06;0.99;0.95;
2;3;320;300;5.81;0.99;0.71;
2;3;320;387;7.74;0.99;0.69;
2;3;320;388;8.26;0.99;0.58;
2;3;321;50;8.57;0.74;0.69;
2;3;321;51;5.04;0.74;0.62;
2;3;321;54;5.39;0.74;0.62;
2;3;321;56;7.23;0.74;0.65;
2;3;321;300;8.02;0.74;0.71;
2;3;321;387;8.33;0.74;0.69;
2;3;321;388;7.28;0.74;0.58;
2;3;321;389;9.97;0.74;0.64;
2;3;321;497;7.76;0.74;0.61;
2;3;322;51;6.4;0.68;0.62;
2;3;322;54;8.49;0.68;0.62;
2;3;322;56;9.8;0.68;0.65;
2;3;322;387;7.32;0.68;0.69;
2;3;322;388;5.17;0.68;0.58;
2;3;322;389;6.76;0.68;0.64;
2;3;322;496;8.7;0.68;0.72;
2;3;322;497;5.9;0.68;0.61;
2;3;323;51;7.86;0.63;0.62;
2;3;323;387;9.76;0.63;0.69;
2;3;323;388;7.36;0.63;0.58;
2;3;323;389;7.01;0.63;0.64;
2;3;323;496;7.23;0.63;0.72;
2;3;323;497;6.06;0.63;0.61;
2;3;324;387;8.79;0.7;0.69;
2;3;324;388;7.38;0.7;0.58;
2;3;324;389;6.42;0.7;0.64;
2;3;324;441;9.49;0.7;0.91;
2;3;324;443;8.7;0.7;0.73;
2;3;324;497;9.41;0.7;0.61;
2;3;326;389;8.27;0.74;0.64;
2;3;326;391;7.85;0.74;0.75;
2;3;326;441;9.71;0.74;0.91;
2;3;326;496;6.47;0.74;0.72;
2;3;326;497;7.58;0.74;0.61;
2;3;327;496;6.56;0.62;0.72;
2;3;327;497;9.1;0.62;0.61;
3;4;19;439;4.3;6.89;1.34;
3;4;19;459;9.55;6.89;4.56;
3;4;20;439;5.16;5.37;1.34;
3;4;20;441;8.9;5.37;0.91;
3;4;22;391;8.03;1.42;0.75;
3;4;22;439;7.67;1.42;1.34;
3;4;22;441;7.17;1.42;0.91;
3;4;67;441;8.12;0.77;0.91;
3;4;73;297;9.22;0.7;0.89;
3;4;73;299;8.8;0.7;0.95;
3;4;74;297;8.6;0.84;0.89;
3;4;74;299;6.38;0.84;0.95;
3;4;74;300;8.47;0.84;0.71;
3;4;163;50;7.99;0.63;0.69;
3;4;174;297;9.01;0.88;0.89;
3;4;174;299;8.85;0.88;0.95;
3;4;176;110;6.05;1.53;3.87;
3;4;176;114;9.19;1.53;0.83;
3;4;176;297;8.09;1.53;0.89;
3;4;177;110;9.07;1.98;3.87;
3;4;177;114;9.83;1.98;0.83;
3;4;177;297;6.78;1.98;0.89;
3;4;180;387;9.73;0.9;0.69;
3;4;181;297;8.96;0.76;0.89;
3;4;318;51;8.03;0.64;0.62;
3;4;318;54;8.6;0.64;0.62;
3;4;318;496;9.95;0.64;0.72;
3;4;318;497;9.21;0.64;0.61;
3;4;319;51;8.81;0.73;0.62;
3;4;319;54;7.25;0.73;0.62;
3;4;319;56;7.82;0.73;0.65;
3;4;319;299;8.07;0.73;0.95;
3;4;319;300;7.39;0.73;0.71;
3;4;319;387;9.23;0.73;0.69;
3;4;319;388;9.11;0.73;0.58;
3;4;320;51;8.31;0.99;0.62;
3;4;320;54;5.75;0.99;0.62;
3;4;320;56;4.58;0.99;0.65;
3;4;320;58;8.92;0.99;0.7;
3;4;320;299;7.07;0.99;0.95;
3;4;320;300;5.83;0.99;0.71;
3;4;320;387;7.72;0.99;0.69;
3;4;320;388;8.23;0.99;0.58;
3;4;321;50;8.58;0.74;0.69;
3;4;321;51;5.06;0.74;0.62;
3;4;321;54;5.4;0.74;0.62;
3;4;321;56;7.2;0.74;0.65;
3;4;321;300;8.04;0.74;0.71;
3;4;321;387;8.31;0.74;0.69;
3;4;321;388;7.27;0.74;0.58;
3;4;321;389;9.96;0.74;0.64;
3;4;321;497;7.76;0.74;0.61;
3;4;322;51;6.4;0.68;0.62;
3;4;322;54;8.48;0.68;0.62;
3;4;322;56;9.76;0.68;0.65;
3;4;322;387;7.3;0.68;0.69;
3;4;322;388;5.15;0.68;0.58;
3;4;322;389;6.76;0.68;0.64;
3;4;322;496;8.71;0.68;0.72;
3;4;322;497;5.89;0.68;0.61;
3;4;323;51;7.84;0.63;0.62;
3;4;323;387;9.72;0.63;0.69;
3;4;323;388;7.31;0.63;0.58;
3;4;323;389;6.98;0.63;0.64;
3;4;323;496;7.22;0.63;0.72;
3;4;323;497;6.02;0.63;0.61;
3;4;324;387;8.75;0.7;0.69;
3;4;324;388;7.33;0.7;0.58;
3;4;324;389;6.38;0.7;0.64;
3;4;324;441;9.49;0.7;0.91;
3;4;324;443;8.67;0.7;0.73;
3;4;324;497;9.38;0.7;0.61;
3;4;326;389;8.24;0.74;0.64;
3;4;326;391;7.83;0.74;0.75;
3;4;326;441;9.71;0.74;0.91;
3;4;326;496;6.44;0.74;0.72;
3;4;326;497;7.54;0.74;0.61;
3;4;327;496;6.52;0.62;0.72;
3;4;327;497;9.05;0.62;0.61;
4;5;19;393;7.39;6.89;0.89;
4;5;19;439;4.33;6.89;1.34;
4;5;19;459;9.74;6.89;4.56;
4;5;20;393;9.2;5.37;0.89;
4;5;20;439;5.12;5.37;1.34;
4;5;20;441;8.93;5.37;0.91;
4;5;22;391;8.07;1.42;0.75;
4;5;22;439;7.68;1.42;1.34;
4;5;22;441;7.18;1.42;0.91;
4;5;67;441;8.15;0.77;0.91;
4;5;73;297;9.22;0.7;0.89;
4;5;73;299;8.84;0.7;0.95;
4;5;74;297;8.66;0.84;0.89;
4;5;74;299;6.46;0.84;0.95;
4;5;74;300;8.55;0.84;0.71;
4;5;163;50;8.04;0.63;0.69;
4;5;174;297;9.1;0.88;0.89;
4;5;174;299;8.92;0.88;0.95;
4;5;176;110;6.15;1.53;3.87;
4;5;176;114;9.23;1.53;0.83;
4;5;176;297;8.09;1.53;0.89;
4;5;177;110;9.19;1.98;3.87;
4;5;177;114;9.85;1.98;0.83;
4;5;177;297;6.69;1.98;0.89;
4;5;180;387;9.79;0.9;0.69;
4;5;181;297;8.96;0.76;0.89;
4;5;318;51;8.09;0.64;0.62;
4;5;318;54;8.68;0.64;0.62;
4;5;318;496;9.95;0.64;0.72;
4;5;318;497;9.23;0.64;0.61;
4;5;319;51;8.85;0.73;0.62;
4;5;319;54;7.34;0.73;0.62;
4;5;319;56;7.94;0.73;0.65;
4;5;319;299;8.13;0.73;0.95;
4;5;319;300;7.49;0.73;0.71;
4;5;319;387;9.31;0.73;0.69;
4;5;319;388;9.16;0.73;0.58;
4;5;320;51;8.34;0.99;0.62;
4;5;320;54;5.78;0.99;0.62;
4;5;320;56;4.59;0.99;0.65;
4;5;320;58;8.93;0.99;0.7;
4;5;320;299;7.03;0.99;0.95;
4;5;320;300;5.83;0.99;0.71;
4;5;320;387;7.72;0.99;0.69;
4;5;320;388;8.24;0.99;0.58;
4;5;321;50;8.6;0.74;0.69;
4;5;321;51;5.07;0.74;0.62;
4;5;321;54;5.44;0.74;0.62;
4;5;321;56;7.22;0.74;0.65;
4;5;321;300;8.06;0.74;0.71;
4;5;321;387;8.28;0.74;0.69;
4;5;321;388;7.23;0.74;0.58;
4;5;321;389;9.93;0.74;0.64;
4;5;321;497;7.73;0.74;0.61;
4;5;322;51;6.43;0.68;0.62;
4;5;322;54;8.51;0.68;0.62;
4;5;322;56;9.78;0.68;0.65;
4;5;322;387;7.29;0.68;0.69;
4;5;322;388;5.15;0.68;0.58;
4;5;322;389;6.75;0.68;0.64;
4;5;322;496;8.7;0.68;0.72;
4;5;322;497;5.9;0.68;0.61;
4;5;323;51;7.9;0.63;0.62;
4;5;323;387;9.73;0.63;0.69;
4;5;323;388;7.33;0.63;0.58;
4;5;323;389;6.98;0.63;0.64;
4;5;323;496;7.23;0.63;0.72;
4;5;323;497;6.06;0.63;0.61;
4;5;324;387;8.79;0.7;0.69;
4;5;324;388;7.37;0.7;0.58;
4;5;324;389;6.41;0.7;0.64;
4;5;324;441;9.48;0.7;0.91;
4;5;324;443;8.67;0.7;0.73;
4;5;324;497;9.41;0.7;0.61;
4;5;326;389;8.25;0.74;0.64;
4;5;326;391;7.84;0.74;0.75;
4;5;326;441;9.7;0.74;0.91;
4;5;326;496;6.48;0.74;0.72;
4;5;326;497;7.6;0.74;0.61;
4;5;327;496;6.58;0.62;0.72;
4;5;327;497;9.11;0.62;0.61;
5;6;19;393;7.22;6.89;0.89;
5;6;19;439;4.11;6.89;1.34;
5;6;19;459;9.63;6.89;4.56;
5;6;20;393;9.12;5.37;0.89;
5;6;20;439;5.02;5.37;1.34;
5;6;20;441;8.75;5.37;0.91;
5;6;22;391;8.05;1.42;0.75;
5;6;22;439;7.73;1.42;1.34;
5;6;22;441;7.21;1.42;0.91;
5;6;67;441;8.16;0.77;0.91;
5;6;73;297;9.19;0.7;0.89;
5;6;73;299;8.83;0.7;0.95;
5;6;74;297;8.58;0.84;0.89;
5;6;74;299;6.41;0.84;0.95;
5;6;74;300;8.51;0.84;0.71;
5;6;163;50;8.07;0.63;0.69;
5;6;174;297;9.03;0.88;0.89;
5;6;174;299;8.9;0.88;0.95;
5;6;176;110;6.15;1.53;3.87;
5;6;176;114;9.31;1.53;0.83;
5;6;176;297;8.15;1.53;0.89;
5;6;177;110;9.18;1.98;3.87;
5;6;177;114;9.9;1.98;0.83;
5;6;177;297;6.76;1.98;0.89;
5;6;180;387;9.79;0.9;0.69;
5;6;181;297;8.99;0.76;0.89;
5;6;318;51;8.07;0.64;0.62;
5;6;318;54;8.65;0.64;0.62;
5;6;318;496;9.97;0.64;0.72;
5;6;318;497;9.26;0.64;0.61;
5;6;319;51;8.86;0.73;0.62;
5;6;319;54;7.33;0.73;0.62;
5;6;319;56;7.89;0.73;0.65;
5;6;319;299;8.12;0.73;0.95;
5;6;319;300;7.45;0.73;0.71;
5;6;319;387;9.3;0.73;0.69;
5;6;319;388;9.16;0.73;0.58;
5;6;320;51;8.33;0.99;0.62;
5;6;320;54;5.79;0.99;0.62;
5;6;320;56;4.59;0.99;0.65;
5;6;320;58;8.92;0.99;0.7;
5;6;320;299;7.09;0.99;0.95;
5;6;320;300;5.85;0.99;0.71;
5;6;320;387;7.72;0.99;0.69;
5;6;320;388;8.23;0.99;0.58;
5;6;321;50;8.59;0.74;0.69;
5;6;321;51;5.06;0.74;0.62;
5;6;321;54;5.42;0.74;0.62;
5;6;321;56;7.22;0.74;0.65;
5;6;321;300;8.05;0.74;0.71;
5;6;321;387;8.29;0.74;0.69;
5;6;321;388;7.25;0.74;0.58;
5;6;321;389;9.94;0.74;0.64;
5;6;321;497;7.75;0.74;0.61;
5;6;322;51;6.4;0.68;0.62;
5;6;322;54;8.49;0.68;0.62;
5;6;322;56;9.79;0.68;0.65;
5;6;322;387;7.32;0.68;0.69;
5;6;322;388;5.17;0.68;0.58;
5;6;322;389;6.76;0.68;0.64;
5;6;322;496;8.68;0.68;0.72;
5;6;322;497;5.89;0.68;0.61;
5;6;323;51;7.86;0.63;0.62;
5;6;323;387;9.77;0.63;0.69;
5;6;323;388;7.36;0.63;0.58;
5;6;323;389;7.01;0.63;0.64;
5;6;323;496;7.21;0.63;0.72;
5;6;323;497;6.06;0.63;0.61;
5;6;324;387;8.8;0.7;0.69;
5;6;324;388;7.38;0.7;0.58;
5;6;324;389;6.44;0.7;0.64;
5;6;324;441;9.52;0.7;0.91;
5;6;324;443;8.7;0.7;0.73;
5;6;324;497;9.41;0.7;0.61;
5;6;326;389;8.29;0.74;0.64;
5;6;326;391;7.89;0.74;0.75;
5;6;326;441;9.76;0.74;0.91;
5;6;326;496;6.45;0.74;0.72;
5;6;326;497;7.59;0.74;0.61;
5;6;327;496;6.57;0.62;0.72;
5;6;327;497;9.12;0.62;0.61;
1;6;50;163;8.03;0.69;0.63;
1;6;50;321;8.6;0.69;0.74;
1;6;51;318;8.07;0.62;0.64;
1;6;51;319;8.83;0.62;0.73;
1;6;51;320;8.32;0.62;0.99;
1;6;51;321;5.07;0.62;0.74;
1;6;51;322;6.39;0.62;0.68;
1;6;51;323;7.86;0.62;0.63;
1;6;54;318;8.62;0.62;0.64;
1;6;54;319;7.28;0.62;0.73;
1;6;54;320;5.78;0.62;0.99;
1;6;54;321;5.43;0.62;0.74;
1;6;54;322;8.49;0.62;0.68;
1;6;56;319;7.83;0.65;0.73;
1;6;56;320;4.58;0.65;0.99;
1;6;56;321;7.2;0.65;0.74;
1;6;56;322;9.78;0.65;0.68;
1;6;58;320;8.91;0.7;0.99;
1;6;110;176;6.14;3.87;1.53;
1;6;110;177;9.14;3.87;1.98;
1;6;114;176;9.22;0.83;1.53;
1;6;114;177;9.92;0.83;1.98;
1;6;297;73;9.14;0.89;0.7;
1;6;297;74;8.57;0.89;0.84;
1;6;297;174;9.02;0.89;0.88;
1;6;297;176;8.09;0.89;1.53;
1;6;297;177;6.85;0.89;1.98;
1;6;297;181;9.02;0.89;0.76;
1;6;299;73;8.77;0.95;0.7;
1;6;299;74;6.37;0.95;0.84;
1;6;299;174;8.88;0.95;0.88;
1;6;299;319;8.09;0.95;0.73;
1;6;299;320;7.09;0.95;0.99;
1;6;300;74;8.47;0.71;0.84;
1;6;300;319;7.43;0.71;0.73;
1;6;300;320;5.87;0.71;0.99;
1;6;300;321;8.06;0.71;0.74;
1;6;387;180;9.75;0.69;0.9;
1;6;387;319;9.24;0.69;0.73;
1;6;387;320;7.7;0.69;0.99;
1;6;387;321;8.3;0.69;0.74;
1;6;387;322;7.33;0.69;0.68;
1;6;387;323;9.75;0.69;0.63;
1;6;387;324;8.79;0.69;0.7;
1;6;388;319;9.11;0.58;0.73;
1;6;388;320;8.21;0.58;0.99;
1;6;388;321;7.27;0.58;0.74;
1;6;388;322;5.18;0.58;0.68;
1;6;388;323;7.35;0.58;0.63;
1;6;388;324;7.35;0.58;0.7;
1;6;389;321;9.95;0.64;0.74;
1;6;389;322;6.76;0.64;0.68;
1;6;389;323;6.99;0.64;0.63;
1;6;389;324;6.38;0.64;0.7;
1;6;389;326;8.27;0.64;0.74;
1;6;391;22;8.03;0.75;1.42;
1;6;391;326;7.86;0.75;0.74;
1;6;393;19;7.29;0.89;6.89;
1;6;393;20;9.17;0.89;5.37;
1;6;439;19;4.23;1.34;6.89;
1;6;439;20;5.08;1.34;5.37;
1;6;439;22;7.67;1.34;1.42;
1;6;441;20;8.9;0.91;5.37;
1;6;441;22;7.2;0.91;1.42;
1;6;441;67;8.12;0.91;0.77;
1;6;441;324;9.46;0.91;0.7;
1;6;441;326;9.74;0.91;0.74;
1;6;443;324;8.67;0.73;0.7;
1;6;459;19;9.63;4.56;6.89;
1;6;496;318;9.95;0.72;0.64;
1;6;496;322;8.67;0.72;0.68;
1;6;496;323;7.2;0.72;0.63;
1;6;496;326;6.42;0.72;0.74;
1;6;496;327;6.52;0.72;0.62;
1;6;497;318;9.24;0.61;0.64;
1;6;497;321;7.76;0.61;0.74;
1;6;497;322;5.87;0.61;0.68;
1;6;497;323;6.03;0.61;0.63;
1;6;497;324;9.37;0.61;0.7;
1;6;497;326;7.57;0.61;0.74;
1;6;497;327;9.08;0.61;0.62;
