16;19;7.98;0.65;0.47;
16;20;9.98;0.65;0.34;
16;458;6.08;0.65;0.15;
19;20;3.84;0.47;0.34;
19;21;6.28;0.47;0.29;
19;22;8.77;0.47;0.13;
19;393;8.06;0.47;0.21;
19;438;4.01;0.47;0.2;
19;439;3.98;0.47;0.21;
19;440;5.54;0.47;0.18;
19;441;9.22;0.47;0.16;
19;458;8.88;0.47;0.15;
20;21;3.71;0.34;0.29;
20;22;6.39;0.34;0.13;
20;67;8.46;0.34;0.1;
20;393;8.93;0.34;0.21;
20;438;6.98;0.34;0.2;
20;439;4.56;0.34;0.21;
20;440;6.51;0.34;0.18;
20;441;9.29;0.34;0.16;
21;22;3.97;0.29;0.13;
21;67;8.66;0.29;0.1;
21;326;9.18;0.29;0.2;
21;328;8.38;0.29;0.13;
21;391;7.9;0.29;0.19;
21;393;7.06;0.29;0.21;
21;394;9.66;0.29;0.22;
21;438;7.61;0.29;0.2;
21;439;4.08;0.29;0.21;
21;440;6.53;0.29;0.18;
21;441;8.09;0.29;0.16;
22;67;6.06;0.13;0.1;
22;323;9.87;0.13;0.21;
22;324;8.31;0.13;0.18;
22;326;6.65;0.13;0.2;
22;327;8.44;0.13;0.14;
22;328;8.01;0.13;0.13;
22;389;9.67;0.13;0.14;
22;391;6.85;0.13;0.19;
22;393;8.83;0.13;0.21;
22;438;9.89;0.13;0.2;
22;439;6.12;0.13;0.21;
22;440;6.37;0.13;0.18;
22;441;6.05;0.13;0.16;
50;51;3.77;0.18;0.15;
50;54;7.93;0.18;0.09;
50;163;7.56;0.18;0.17;
50;167;9.8;0.18;0.12;
50;321;8.84;0.18;0.28;
50;496;8.92;0.18;0.23;
50;497;8.51;0.18;0.21;
51;54;6.01;0.15;0.09;
51;318;7.9;0.15;0.18;
51;319;9.07;0.15;0.2;
51;320;8.84;0.15;0.25;
51;321;5.33;0.15;0.28;
51;322;6.27;0.15;0.25;
51;323;7.87;0.15;0.21;
51;496;7.98;0.15;0.23;
51;497;6.34;0.15;0.21;
54;56;6.87;0.09;0.05;
54;76;9.91;0.09;0.13;
54;91;9.4;0.09;0.04;
54;299;8.01;0.09;0.04;
54;300;4.37;0.09;0.05;
54;318;8.24;0.09;0.18;
54;319;7.32;0.09;0.2;
54;320;6.18;0.09;0.25;
54;321;4.96;0.09;0.28;
54;322;8.1;0.09;0.25;
56;58;6.6;0.05;0.05;
56;296;6.11;0.05;0.03;
56;297;7.63;0.05;0.02;
56;299;5.33;0.05;0.04;
56;300;4.87;0.05;0.05;
56;319;7.22;0.05;0.2;
56;320;4.01;0.05;0.25;
56;321;6.57;0.05;0.28;
56;322;9.19;0.05;0.25;
56;387;8.62;0.05;0.11;
58;296;5.04;0.05;0.03;
58;297;8.8;0.05;0.02;
58;320;8.3;0.05;0.25;
58;387;6.84;0.05;0.11;
67;324;9.12;0.1;0.18;
67;439;9.38;0.1;0.21;
67;440;7.38;0.1;0.18;
67;441;7.04;0.1;0.16;
72;73;3.77;0.13;0.14;
72;74;6.35;0.13;0.13;
72;76;7.88;0.13;0.13;
72;174;8.59;0.13;0.13;
72;180;7.95;0.13;0.12;
72;181;5.48;0.13;0.13;
72;299;9.81;0.13;0.04;
72;318;8.25;0.13;0.18;
72;319;6.75;0.13;0.2;
72;320;9.45;0.13;0.25;
72;324;7.53;0.13;0.18;
73;74;3.79;0.14;0.13;
73;76;8.47;0.14;0.13;
73;147;9.73;0.14;0.16;
73;174;4.84;0.14;0.13;
73;176;7.33;0.14;0.12;
73;177;9.46;0.14;0.14;
73;180;9.34;0.14;0.12;
73;181;5.74;0.14;0.13;
73;297;8.34;0.14;0.02;
73;299;8.46;0.14;0.04;
73;319;8.49;0.14;0.2;
74;76;6.86;0.13;0.13;
74;147;8.09;0.13;0.16;
74;174;4.42;0.13;0.13;
74;176;8.57;0.13;0.12;
74;181;8.66;0.13;0.13;
74;297;7.7;0.13;0.02;
74;299;6.01;0.13;0.04;
74;300;8.52;0.13;0.05;
74;318;9.63;0.13;0.18;
74;319;7.8;0.13;0.2;
74;320;9.83;0.13;0.25;
76;147;9.93;0.13;0.16;
76;169;5.87;0.13;0.13;
76;299;9.72;0.13;0.04;
76;300;9.51;0.13;0.05;
76;318;4.96;0.13;0.18;
76;319;6.34;0.13;0.2;
76;320;9.76;0.13;0.25;
76;323;9.05;0.13;0.21;
76;324;9.45;0.13;0.18;
91;94;5.14;0.04;0.06;
91;299;7.4;0.04;0.04;
91;300;6.73;0.04;0.05;
94;299;9.32;0.06;0.04;
114;174;9.9;0.06;0.13;
114;176;7.03;0.06;0.12;
114;177;9.12;0.06;0.14;
114;296;9.18;0.06;0.03;
114;297;6.42;0.06;0.02;
147;158;5.76;0.16;0.15;
147;174;7.34;0.16;0.13;
158;169;8.65;0.15;0.13;
163;167;5.87;0.17;0.12;
167;169;6.53;0.12;0.13;
169;318;8.81;0.13;0.18;
174;176;6.18;0.13;0.12;
174;177;9.72;0.13;0.14;
174;181;9.27;0.13;0.13;
174;297;8.42;0.13;0.02;
174;299;9.0;0.13;0.04;
176;177;3.86;0.12;0.14;
176;181;7.19;0.12;0.13;
176;296;9.01;0.12;0.03;
176;297;6.27;0.12;0.02;
177;180;8.44;0.14;0.12;
177;181;6.65;0.14;0.13;
177;296;9.08;0.14;0.03;
177;297;7.87;0.14;0.02;
180;181;3.89;0.12;0.13;
181;296;8.38;0.13;0.03;
181;297;8.04;0.13;0.02;
181;319;9.8;0.13;0.2;
296;297;3.84;0.03;0.02;
296;299;6.81;0.03;0.04;
296;300;9.32;0.03;0.05;
296;320;8.52;0.03;0.25;
297;299;5.18;0.02;0.04;
297;300;8.74;0.02;0.05;
297;320;9.65;0.02;0.25;
299;300;3.81;0.04;0.05;
299;319;7.32;0.04;0.2;
299;320;6.74;0.04;0.25;
299;321;9.72;0.04;0.28;
300;318;9.27;0.05;0.18;
300;319;6.97;0.05;0.2;
300;320;5.84;0.05;0.25;
300;321;7.33;0.05;0.28;
318;319;3.74;0.18;0.2;
318;320;6.92;0.18;0.25;
318;321;7.0;0.18;0.28;
318;322;5.85;0.18;0.25;
318;323;4.22;0.18;0.21;
318;324;5.7;0.18;0.18;
318;326;7.82;0.18;0.2;
318;327;8.67;0.18;0.14;
318;388;9.64;0.18;0.12;
318;389;9.75;0.18;0.14;
318;497;9.49;0.18;0.21;
319;320;3.8;0.2;0.25;
319;321;5.82;0.2;0.28;
319;322;5.74;0.2;0.25;
319;323;5.93;0.2;0.21;
319;324;6.07;0.2;0.18;
319;387;8.73;0.2;0.11;
319;388;8.38;0.2;0.12;
319;389;9.56;0.2;0.14;
320;321;3.91;0.25;0.28;
320;322;5.51;0.25;0.25;
320;323;7.75;0.25;0.21;
320;324;8.28;0.25;0.18;
320;387;6.83;0.25;0.11;
320;388;7.17;0.25;0.12;
320;389;9.74;0.25;0.14;
321;322;3.67;0.28;0.25;
321;323;6.86;0.28;0.21;
321;324;9.04;0.28;0.18;
321;387;8.26;0.28;0.11;
321;388;6.91;0.28;0.12;
321;389;9.46;0.28;0.14;
321;497;8.38;0.28;0.21;
322;323;3.7;0.25;0.21;
322;324;6.13;0.25;0.18;
322;326;7.91;0.25;0.2;
322;387;7.38;0.25;0.11;
322;388;4.78;0.25;0.12;
322;389;6.2;0.25;0.14;
322;496;9.26;0.25;0.23;
322;497;6.22;0.25;0.21;
323;324;3.82;0.21;0.18;
323;326;4.75;0.21;0.2;
323;327;7.1;0.21;0.14;
323;387;9.39;0.21;0.11;
323;388;6.77;0.21;0.12;
323;389;6.06;0.21;0.14;
323;391;9.26;0.21;0.19;
323;496;8.32;0.21;0.23;
323;497;6.53;0.21;0.21;
324;326;6.16;0.18;0.2;
324;327;9.02;0.18;0.14;
324;387;8.39;0.18;0.11;
324;388;6.86;0.18;0.12;
324;389;5.39;0.18;0.14;
324;391;9.1;0.18;0.19;
324;441;8.13;0.18;0.16;
324;443;7.86;0.18;0.11;
324;497;9.96;0.18;0.21;
326;327;3.72;0.2;0.14;
326;328;6.03;0.2;0.13;
326;388;9.84;0.2;0.12;
326;389;7.4;0.2;0.14;
326;391;6.6;0.2;0.19;
326;394;9.72;0.2;0.22;
326;441;8.76;0.2;0.16;
326;495;7.33;0.2;0.25;
326;496;7.02;0.2;0.23;
326;497;7.0;0.2;0.21;
327;328;3.55;0.14;0.13;
327;391;9.65;0.14;0.19;
327;495;7.2;0.14;0.25;
327;496;6.46;0.14;0.23;
327;497;8.22;0.14;0.21;
328;495;8.0;0.13;0.25;
328;496;8.67;0.13;0.23;
387;388;3.74;0.11;0.12;
387;389;6.48;0.11;0.14;
387;443;6.48;0.11;0.11;
388;389;3.74;0.12;0.14;
388;391;9.85;0.12;0.19;
388;441;9.88;0.12;0.16;
388;443;6.28;0.12;0.11;
388;497;8.96;0.12;0.21;
389;391;6.37;0.14;0.19;
389;441;6.32;0.14;0.16;
389;443;4.68;0.14;0.11;
389;497;8.73;0.14;0.21;
391;393;5.51;0.19;0.21;
391;394;5.45;0.19;0.22;
391;438;8.82;0.19;0.2;
391;439;6.7;0.19;0.21;
391;440;6.51;0.19;0.18;
391;441;4.86;0.19;0.16;
391;443;8.59;0.19;0.11;
391;495;8.99;0.19;0.25;
391;497;9.77;0.19;0.21;
393;394;3.82;0.21;0.22;
393;438;5.33;0.21;0.2;
393;439;4.83;0.21;0.21;
393;440;7.16;0.21;0.18;
393;441;8.39;0.21;0.16;
394;438;9.01;0.22;0.2;
394;439;8.3;0.22;0.21;
394;440;9.98;0.22;0.18;
394;441;9.88;0.22;0.16;
394;495;7.66;0.22;0.25;
438;439;3.81;0.2;0.21;
438;440;5.54;0.2;0.18;
438;441;8.76;0.2;0.16;
438;458;9.02;0.2;0.15;
439;440;3.75;0.21;0.18;
439;441;6.52;0.21;0.16;
440;441;3.79;0.18;0.16;
440;443;9.16;0.18;0.11;
441;443;5.84;0.16;0.11;
495;496;3.78;0.25;0.23;
495;497;5.86;0.25;0.21;
496;497;3.82;0.23;0.21;
