481;638;9.13;0.03;0.15;
517;518;3.81;0.09;0.08;
517;519;7.05;0.09;0.06;
517;635;8.3;0.09;0.02;
517;638;9.57;0.09;0.15;
517;640;7.3;0.09;0.16;
517;641;5.01;0.09;0.32;
517;642;5.89;0.09;0.26;
518;519;3.81;0.08;0.06;
518;633;8.2;0.08;0.05;
518;635;9.5;0.08;0.02;
518;640;9.15;0.08;0.16;
518;641;5.65;0.08;0.32;
518;642;4.39;0.08;0.26;
518;644;7.01;0.08;0.21;
519;521;7.25;0.06;0.09;
519;606;7.09;0.06;0.02;
519;617;9.98;0.06;0.03;
519;641;8.26;0.06;0.32;
519;642;7.06;0.06;0.26;
519;644;5.56;0.06;0.21;
519;645;7.53;0.06;0.12;
521;552;9.53;0.09;0.03;
521;604;6.8;0.09;0.03;
521;606;4.6;0.09;0.02;
521;622;9.37;0.09;0.07;
521;644;7.21;0.09;0.21;
521;645;5.74;0.09;0.12;
521;646;5.14;0.09;0.32;
534;536;6.44;0.03;0.03;
534;562;9.61;0.03;0.07;
534;563;9.62;0.03;0.07;
534;579;8.36;0.03;0.02;
534;581;7.0;0.03;0.02;
534;582;5.83;0.03;0.02;
534;583;4.43;0.03;0.01;
534;585;8.92;0.03;0.02;
534;606;9.46;0.03;0.02;
534;617;5.07;0.03;0.03;
534;645;9.22;0.03;0.12;
536;581;5.27;0.03;0.02;
536;582;7.84;0.03;0.02;
536;583;9.42;0.03;0.01;
536;617;7.27;0.03;0.03;
552;554;6.53;0.03;0.05;
552;564;9.58;0.03;0.05;
552;565;5.86;0.03;0.06;
552;581;8.94;0.03;0.02;
552;582;9.44;0.03;0.02;
552;604;8.59;0.03;0.03;
552;606;5.13;0.03;0.02;
554;557;8.16;0.05;0.05;
554;562;9.1;0.05;0.07;
554;563;5.82;0.05;0.07;
554;564;5.71;0.05;0.05;
554;565;4.29;0.05;0.06;
554;581;9.31;0.05;0.02;
554;582;7.09;0.05;0.02;
554;583;7.03;0.05;0.01;
554;604;5.61;0.05;0.03;
554;606;8.0;0.05;0.02;
557;559;6.89;0.05;0.06;
557;560;8.23;0.05;0.07;
557;561;5.49;0.05;0.06;
557;562;5.93;0.05;0.07;
557;563;5.83;0.05;0.07;
557;564;9.26;0.05;0.05;
557;583;8.85;0.05;0.01;
557;585;7.53;0.05;0.02;
557;604;9.34;0.05;0.03;
559;560;3.84;0.06;0.07;
559;561;5.46;0.06;0.06;
559;562;8.24;0.06;0.07;
559;585;4.9;0.06;0.02;
559;587;6.11;0.06;0.02;
559;590;6.66;0.06;0.01;
560;561;3.86;0.07;0.06;
560;562;7.11;0.07;0.07;
560;576;6.81;0.07;0.04;
560;585;5.92;0.07;0.02;
560;587;7.08;0.07;0.02;
560;590;5.12;0.07;0.01;
560;594;8.0;0.07;0.02;
561;562;3.81;0.06;0.07;
561;563;6.99;0.06;0.07;
561;576;6.36;0.06;0.04;
561;583;8.69;0.06;0.01;
561;585;6.16;0.06;0.02;
561;590;8.95;0.06;0.01;
562;563;3.82;0.07;0.07;
562;564;7.1;0.07;0.05;
562;576;6.69;0.07;0.04;
562;579;7.14;0.07;0.02;
562;582;7.24;0.07;0.02;
562;583;5.6;0.07;0.01;
562;585;6.55;0.07;0.02;
563;564;3.78;0.07;0.05;
563;565;6.55;0.07;0.06;
563;579;7.0;0.07;0.02;
563;581;9.19;0.07;0.02;
563;582;5.6;0.07;0.02;
563;583;5.29;0.07;0.01;
563;585;8.7;0.07;0.02;
563;604;9.91;0.07;0.03;
564;565;3.82;0.05;0.06;
564;579;6.25;0.05;0.02;
564;581;6.9;0.05;0.02;
564;582;4.53;0.05;0.02;
564;583;6.64;0.05;0.01;
565;579;8.78;0.06;0.02;
565;581;6.26;0.06;0.02;
565;582;5.4;0.06;0.02;
565;583;7.62;0.06;0.01;
565;604;9.52;0.06;0.03;
565;606;9.09;0.06;0.02;
576;579;9.33;0.04;0.02;
576;585;9.47;0.04;0.02;
576;590;9.91;0.04;0.01;
576;594;8.06;0.04;0.02;
579;581;6.14;0.02;0.02;
579;582;4.45;0.02;0.02;
579;583;6.58;0.02;0.01;
581;582;3.85;0.02;0.02;
581;583;7.16;0.02;0.01;
582;583;3.8;0.02;0.01;
583;585;6.74;0.01;0.02;
583;604;9.35;0.01;0.03;
583;606;9.98;0.01;0.02;
583;617;9.32;0.01;0.03;
585;587;7.16;0.02;0.02;
585;590;9.34;0.02;0.01;
587;590;5.46;0.02;0.01;
590;594;6.0;0.01;0.02;
604;606;6.91;0.03;0.02;
604;646;8.92;0.03;0.32;
606;644;9.76;0.02;0.21;
606;645;8.6;0.02;0.12;
606;646;8.95;0.02;0.32;
617;632;7.77;0.03;0.03;
617;644;8.71;0.03;0.21;
617;645;6.59;0.03;0.12;
617;646;9.09;0.03;0.32;
622;624;7.06;0.07;0.07;
622;627;8.36;0.07;0.06;
622;628;5.76;0.07;0.05;
622;629;5.13;0.07;0.05;
622;630;8.94;0.07;0.07;
622;631;7.89;0.07;0.08;
622;646;8.69;0.07;0.32;
623;626;8.06;0.06;0.05;
623;627;8.43;0.06;0.06;
623;628;4.55;0.06;0.05;
623;630;8.45;0.06;0.07;
624;626;5.44;0.07;0.05;
624;627;5.66;0.07;0.06;
624;628;6.69;0.07;0.05;
624;629;9.18;0.07;0.05;
626;627;3.83;0.05;0.06;
626;628;7.44;0.05;0.05;
627;628;3.8;0.06;0.05;
627;629;6.83;0.06;0.05;
628;629;3.8;0.05;0.05;
628;630;9.23;0.05;0.07;
629;630;6.45;0.05;0.07;
629;631;6.58;0.05;0.08;
630;631;8.49;0.07;0.08;
630;632;6.43;0.07;0.03;
630;644;9.9;0.07;0.21;
630;645;8.29;0.07;0.12;
630;646;7.08;0.07;0.32;
631;632;8.66;0.08;0.03;
631;633;7.15;0.08;0.05;
631;644;6.51;0.08;0.21;
631;645;8.74;0.08;0.12;
632;644;6.56;0.03;0.21;
632;645;5.26;0.03;0.12;
632;646;7.24;0.03;0.32;
633;635;7.18;0.05;0.02;
633;641;9.28;0.05;0.32;
633;642;5.73;0.05;0.26;
633;644;8.36;0.05;0.21;
635;640;7.58;0.02;0.16;
635;641;8.15;0.02;0.32;
635;642;7.34;0.02;0.26;
638;640;5.52;0.15;0.16;
638;641;5.53;0.15;0.32;
638;642;8.84;0.15;0.26;
640;641;3.88;0.16;0.32;
640;642;6.81;0.16;0.26;
641;642;3.82;0.32;0.26;
641;644;9.92;0.32;0.21;
642;644;7.13;0.26;0.21;
644;645;3.91;0.21;0.12;
644;646;7.16;0.21;0.32;
645;646;3.91;0.12;0.32;
