1;2;532;559;9.09;0.8;0.74;
1;2;532;562;9.99;0.8;0.57;
1;2;534;562;9.55;0.76;0.57;
1;2;534;563;9.56;0.76;0.59;
1;2;534;606;9.46;0.76;0.72;
1;2;536;606;9.71;1.04;0.72;
1;2;576;560;6.8;0.56;0.66;
1;2;576;561;6.4;0.56;0.62;
1;2;576;562;6.72;0.56;0.57;
1;2;579;562;7.12;0.64;0.57;
1;2;579;563;7.03;0.64;0.59;
1;2;579;564;6.37;0.64;0.6;
1;2;579;565;8.87;0.64;0.63;
1;2;581;552;8.95;0.77;0.72;
1;2;581;554;9.22;0.77;0.67;
1;2;581;563;9.1;0.77;0.59;
1;2;581;564;6.9;0.77;0.6;
1;2;581;565;6.27;0.77;0.63;
1;2;582;552;9.55;0.67;0.72;
1;2;582;554;7.11;0.67;0.67;
1;2;582;562;7.15;0.67;0.57;
1;2;582;563;5.53;0.67;0.59;
1;2;582;564;4.59;0.67;0.6;
1;2;582;565;5.51;0.67;0.63;
1;2;583;554;7.02;0.65;0.67;
1;2;583;557;8.75;0.65;0.74;
1;2;583;561;8.6;0.65;0.62;
1;2;583;562;5.56;0.65;0.57;
1;2;583;563;5.23;0.65;0.59;
1;2;583;564;6.7;0.65;0.6;
1;2;583;565;7.68;0.65;0.63;
1;2;583;604;8.99;0.65;0.83;
1;2;583;606;9.98;0.65;0.72;
1;2;585;557;7.47;0.67;0.74;
1;2;585;559;4.85;0.67;0.74;
1;2;585;560;5.93;0.67;0.66;
1;2;585;561;6.2;0.67;0.62;
1;2;585;562;6.65;0.67;0.57;
1;2;585;563;8.74;0.67;0.59;
1;2;587;559;6.06;0.73;0.74;
1;2;587;560;7.07;0.73;0.66;
1;2;590;559;6.62;0.66;0.74;
1;2;590;560;5.15;0.66;0.66;
1;2;590;561;8.97;0.66;0.62;
1;2;594;560;7.95;0.57;0.66;
1;2;621;629;9.58;0.91;0.99;
1;2;623;626;8.0;1.1;1.22;
1;2;623;627;8.73;1.1;1.01;
1;2;627;624;9.52;1.01;1.2;
1;2;627;626;5.37;1.01;1.22;
1;2;627;627;4.67;1.01;1.01;
1;2;627;628;7.37;1.01;1.09;
1;2;627;629;9.07;1.01;0.99;
1;2;628;622;9.59;1.09;1.0;
1;2;628;624;8.48;1.09;1.2;
1;2;628;626;6.33;1.09;1.22;
1;2;628;627;5.08;1.09;1.01;
1;2;628;628;6.35;1.09;1.09;
1;2;628;629;6.79;1.09;0.99;
1;2;630;622;8.82;1.06;1.0;
1;2;630;628;9.08;1.06;1.09;
1;2;630;629;6.34;1.06;0.99;
1;2;630;631;8.45;1.06;1.05;
1;2;640;517;6.29;3.8;0.93;
1;2;640;518;7.97;3.8;0.94;
1;2;640;634;9.76;3.8;1.36;
1;2;640;635;7.87;3.8;1.73;
1;2;641;517;4.73;4.85;0.93;
1;2;641;518;4.74;4.85;0.94;
1;2;641;519;6.92;4.85;0.88;
1;2;641;633;9.78;4.85;1.23;
1;2;641;634;9.63;4.85;1.36;
1;2;641;635;8.91;4.85;1.73;
1;2;642;517;6.35;4.71;0.93;
1;2;642;518;4.44;4.71;0.94;
1;2;642;519;6.6;4.71;0.88;
1;2;642;631;9.84;4.71;1.05;
1;2;642;633;6.36;4.71;1.23;
1;2;642;634;7.32;4.71;1.36;
1;2;642;635;8.14;4.71;1.73;
1;2;644;518;7.02;4.45;0.94;
1;2;644;519;5.72;4.45;0.88;
1;2;644;521;7.12;4.45;1.69;
1;2;644;606;9.98;4.45;0.72;
1;2;644;622;9.91;4.45;1.0;
1;2;644;631;6.05;4.45;1.05;
1;2;644;633;8.44;4.45;1.23;
1;2;646;519;9.56;5.54;0.88;
1;2;646;521;4.58;5.54;1.69;
1;2;646;523;7.01;5.54;2.84;
1;2;646;604;9.14;5.54;0.83;
1;2;646;606;8.63;5.54;0.72;
1;2;646;622;8.02;5.54;1.0;
1;2;646;629;9.78;5.54;0.99;
1;2;646;631;9.36;5.54;1.05;
2;3;532;521;9.92;0.8;1.69;
2;3;532;559;9.1;0.8;0.74;
2;3;532;562;10.0;0.8;0.57;
2;3;534;562;9.55;0.76;0.57;
2;3;534;563;9.58;0.76;0.59;
2;3;534;606;9.44;0.76;0.72;
2;3;536;606;9.72;1.04;0.72;
2;3;576;560;6.81;0.56;0.66;
2;3;576;561;6.43;0.56;0.62;
2;3;576;562;6.75;0.56;0.57;
2;3;579;562;7.14;0.64;0.57;
2;3;579;563;7.06;0.64;0.59;
2;3;579;564;6.41;0.64;0.6;
2;3;579;565;8.91;0.64;0.63;
2;3;581;552;8.98;0.77;0.72;
2;3;581;554;9.23;0.77;0.67;
2;3;581;563;9.1;0.77;0.59;
2;3;581;564;6.9;0.77;0.6;
2;3;581;565;6.29;0.77;0.63;
2;3;582;552;9.57;0.67;0.72;
2;3;582;554;7.12;0.67;0.67;
2;3;582;562;7.14;0.67;0.57;
2;3;582;563;5.53;0.67;0.59;
2;3;582;564;4.6;0.67;0.6;
2;3;582;565;5.53;0.67;0.63;
2;3;583;554;7.02;0.65;0.67;
2;3;583;557;8.72;0.65;0.74;
2;3;583;561;8.6;0.65;0.62;
2;3;583;562;5.55;0.65;0.57;
2;3;583;563;5.24;0.65;0.59;
2;3;583;564;6.72;0.65;0.6;
2;3;583;565;7.69;0.65;0.63;
2;3;583;604;9.0;0.65;0.83;
2;3;583;606;9.98;0.65;0.72;
2;3;585;557;7.48;0.67;0.74;
2;3;585;559;4.85;0.67;0.74;
2;3;585;560;5.94;0.67;0.66;
2;3;585;561;6.22;0.67;0.62;
2;3;585;562;6.66;0.67;0.57;
2;3;585;563;8.77;0.67;0.59;
2;3;587;559;6.08;0.73;0.74;
2;3;587;560;7.09;0.73;0.66;
2;3;590;559;6.64;0.66;0.74;
2;3;590;560;5.16;0.66;0.66;
2;3;590;561;8.98;0.66;0.62;
2;3;594;560;7.99;0.57;0.66;
2;3;621;629;9.58;0.91;0.99;
2;3;623;626;8.17;1.1;1.22;
2;3;623;627;8.58;1.1;1.01;
2;3;627;624;9.53;1.01;1.2;
2;3;627;626;5.37;1.01;1.22;
2;3;627;627;4.58;1.01;1.01;
2;3;627;628;7.41;1.01;1.09;
2;3;627;629;9.15;1.01;0.99;
2;3;628;622;9.61;1.09;1.0;
2;3;628;624;8.6;1.09;1.2;
2;3;628;626;6.5;1.09;1.22;
2;3;628;627;4.92;1.09;1.01;
2;3;628;628;6.38;1.09;1.09;
2;3;628;629;6.8;1.09;0.99;
2;3;630;622;8.8;1.06;1.0;
2;3;630;628;9.08;1.06;1.09;
2;3;630;629;6.34;1.06;0.99;
2;3;630;631;8.48;1.06;1.05;
2;3;640;517;6.21;3.8;0.93;
2;3;640;518;7.83;3.8;0.94;
2;3;640;634;9.7;3.8;1.36;
2;3;640;635;7.92;3.8;1.73;
2;3;641;517;4.79;4.85;0.93;
2;3;641;518;4.66;4.85;0.94;
2;3;641;519;6.78;4.85;0.88;
2;3;641;633;9.65;4.85;1.23;
2;3;641;634;9.61;4.85;1.36;
2;3;641;635;9.06;4.85;1.73;
2;3;642;517;6.43;4.71;0.93;
2;3;642;518;4.43;4.71;0.94;
2;3;642;519;6.5;4.71;0.88;
2;3;642;631;9.79;4.71;1.05;
2;3;642;633;6.28;4.71;1.23;
2;3;642;634;7.36;4.71;1.36;
2;3;642;635;8.34;4.71;1.73;
2;3;644;518;7.09;4.45;0.94;
2;3;644;519;5.73;4.45;0.88;
2;3;644;521;6.97;4.45;1.69;
2;3;644;606;9.9;4.45;0.72;
2;3;644;622;9.85;4.45;1.0;
2;3;644;631;6.15;4.45;1.05;
2;3;644;633;8.51;4.45;1.23;
2;3;646;519;9.82;5.54;0.88;
2;3;646;521;4.65;5.54;1.69;
2;3;646;523;6.74;5.54;2.84;
2;3;646;604;9.04;5.54;0.83;
2;3;646;606;8.78;5.54;0.72;
2;3;646;622;8.04;5.54;1.0;
2;3;646;629;9.79;5.54;0.99;
2;3;646;631;9.62;5.54;1.05;
3;4;532;559;9.11;0.8;0.74;
3;4;532;562;9.99;0.8;0.57;
3;4;534;562;9.54;0.76;0.57;
3;4;534;563;9.57;0.76;0.59;
3;4;534;606;9.46;0.76;0.72;
3;4;536;606;9.71;1.04;0.72;
3;4;576;560;6.79;0.56;0.66;
3;4;576;561;6.4;0.56;0.62;
3;4;576;562;6.73;0.56;0.57;
3;4;579;562;7.14;0.64;0.57;
3;4;579;563;7.05;0.64;0.59;
3;4;579;564;6.38;0.64;0.6;
3;4;579;565;8.88;0.64;0.63;
3;4;581;552;8.94;0.77;0.72;
3;4;581;554;9.22;0.77;0.67;
3;4;581;563;9.1;0.77;0.59;
3;4;581;564;6.9;0.77;0.6;
3;4;581;565;6.27;0.77;0.63;
3;4;582;552;9.55;0.67;0.72;
3;4;582;554;7.12;0.67;0.67;
3;4;582;562;7.14;0.67;0.57;
3;4;582;563;5.54;0.67;0.59;
3;4;582;564;4.6;0.67;0.6;
3;4;582;565;5.51;0.67;0.63;
3;4;583;554;7.02;0.65;0.67;
3;4;583;557;8.74;0.65;0.74;
3;4;583;561;8.6;0.65;0.62;
3;4;583;562;5.55;0.65;0.57;
3;4;583;563;5.24;0.65;0.59;
3;4;583;564;6.7;0.65;0.6;
3;4;583;565;7.67;0.65;0.63;
3;4;583;604;9.0;0.65;0.83;
3;4;583;606;9.97;0.65;0.72;
3;4;585;557;7.52;0.67;0.74;
3;4;585;559;4.89;0.67;0.74;
3;4;585;560;5.95;0.67;0.66;
3;4;585;561;6.26;0.67;0.62;
3;4;585;562;6.69;0.67;0.57;
3;4;585;563;8.79;0.67;0.59;
3;4;587;559;6.07;0.73;0.74;
3;4;587;560;7.08;0.73;0.66;
3;4;590;559;6.63;0.66;0.74;
3;4;590;560;5.17;0.66;0.66;
3;4;590;561;9.0;0.66;0.62;
3;4;594;560;7.94;0.57;0.66;
3;4;621;629;9.65;0.91;0.99;
3;4;623;626;8.03;1.1;1.22;
3;4;623;627;8.57;1.1;1.01;
3;4;627;624;9.66;1.01;1.2;
3;4;627;626;5.47;1.01;1.22;
3;4;627;627;4.68;1.01;1.01;
3;4;627;628;7.45;1.01;1.09;
3;4;627;629;9.08;1.01;0.99;
3;4;628;622;9.58;1.09;1.0;
3;4;628;624;8.58;1.09;1.2;
3;4;628;626;6.41;1.09;1.22;
3;4;628;627;4.92;1.09;1.01;
3;4;628;628;6.42;1.09;1.09;
3;4;628;629;6.76;1.09;0.99;
3;4;630;622;8.8;1.06;1.0;
3;4;630;628;9.18;1.06;1.09;
3;4;630;629;6.4;1.06;0.99;
3;4;630;631;8.47;1.06;1.05;
3;4;640;517;6.3;3.8;0.93;
3;4;640;518;7.96;3.8;0.94;
3;4;640;634;9.63;3.8;1.36;
3;4;640;635;7.81;3.8;1.73;
3;4;641;517;4.73;4.85;0.93;
3;4;641;518;4.73;4.85;0.94;
3;4;641;519;6.92;4.85;0.88;
3;4;641;633;9.65;4.85;1.23;
3;4;641;634;9.51;4.85;1.36;
3;4;641;635;8.91;4.85;1.73;
3;4;642;517;6.34;4.71;0.93;
3;4;642;518;4.46;4.71;0.94;
3;4;642;519;6.64;4.71;0.88;
3;4;642;631;9.86;4.71;1.05;
3;4;642;633;6.21;4.71;1.23;
3;4;642;634;7.16;4.71;1.36;
3;4;642;635;8.11;4.71;1.73;
3;4;644;518;7.04;4.45;0.94;
3;4;644;519;5.7;4.45;0.88;
3;4;644;521;7.11;4.45;1.69;
3;4;644;606;9.95;4.45;0.72;
3;4;644;622;9.96;4.45;1.0;
3;4;644;631;6.15;4.45;1.05;
3;4;644;633;8.44;4.45;1.23;
3;4;646;519;9.58;5.54;0.88;
3;4;646;521;4.58;5.54;1.69;
3;4;646;523;6.95;5.54;2.84;
3;4;646;604;9.14;5.54;0.83;
3;4;646;606;8.64;5.54;0.72;
3;4;646;622;8.01;5.54;1.0;
3;4;646;629;9.81;5.54;0.99;
3;4;646;631;9.42;5.54;1.05;
1;4;517;640;6.22;0.93;3.8;
1;4;517;641;4.77;0.93;4.85;
1;4;517;642;6.43;0.93;4.71;
1;4;518;640;7.84;0.94;3.8;
1;4;518;641;4.66;0.94;4.85;
1;4;518;642;4.46;0.94;4.71;
1;4;518;644;7.16;0.94;4.45;
1;4;519;641;6.82;0.88;4.85;
1;4;519;642;6.55;0.88;4.71;
1;4;519;644;5.77;0.88;4.45;
1;4;519;646;9.85;0.88;5.54;
1;4;521;532;9.96;1.69;0.8;
1;4;521;644;7.0;1.69;4.45;
1;4;521;646;4.7;1.69;5.54;
1;4;523;646;6.67;2.84;5.54;
1;4;552;581;8.96;0.72;0.77;
1;4;552;582;9.55;0.72;0.67;
1;4;554;581;9.23;0.67;0.77;
1;4;554;582;7.11;0.67;0.67;
1;4;554;583;7.03;0.67;0.65;
1;4;557;583;8.71;0.74;0.65;
1;4;557;585;7.51;0.74;0.67;
1;4;559;532;9.13;0.74;0.8;
1;4;559;585;4.88;0.74;0.67;
1;4;559;587;6.09;0.74;0.73;
1;4;559;590;6.68;0.74;0.66;
1;4;560;576;6.82;0.66;0.56;
1;4;560;585;5.95;0.66;0.67;
1;4;560;587;7.1;0.66;0.73;
1;4;560;590;5.19;0.66;0.66;
1;4;560;594;8.0;0.66;0.57;
1;4;561;576;6.43;0.62;0.56;
1;4;561;583;8.59;0.62;0.65;
1;4;561;585;6.25;0.62;0.67;
1;4;561;590;9.02;0.62;0.66;
1;4;562;534;9.54;0.57;0.76;
1;4;562;576;6.76;0.57;0.56;
1;4;562;579;7.15;0.57;0.64;
1;4;562;582;7.14;0.57;0.67;
1;4;562;583;5.54;0.57;0.65;
1;4;562;585;6.7;0.57;0.67;
1;4;563;534;9.56;0.59;0.76;
1;4;563;579;7.06;0.59;0.64;
1;4;563;581;9.09;0.59;0.77;
1;4;563;582;5.52;0.59;0.67;
1;4;563;583;5.24;0.59;0.65;
1;4;563;585;8.83;0.59;0.67;
1;4;564;579;6.42;0.6;0.64;
1;4;564;581;6.89;0.6;0.77;
1;4;564;582;4.6;0.6;0.67;
1;4;564;583;6.71;0.6;0.65;
1;4;565;579;8.93;0.63;0.64;
1;4;565;581;6.29;0.63;0.77;
1;4;565;582;5.53;0.63;0.67;
1;4;565;583;7.7;0.63;0.65;
1;4;604;583;9.01;0.83;0.65;
1;4;604;646;9.08;0.83;5.54;
1;4;606;534;9.45;0.72;0.76;
1;4;606;536;9.73;0.72;1.04;
1;4;606;583;9.98;0.72;0.65;
1;4;606;644;9.92;0.72;4.45;
1;4;606;646;8.81;0.72;5.54;
1;4;622;628;9.57;1.0;1.09;
1;4;622;630;8.78;1.0;1.06;
1;4;622;644;9.82;1.0;4.45;
1;4;622;646;8.09;1.0;5.54;
1;4;624;627;9.59;1.2;1.01;
1;4;624;628;8.42;1.2;1.09;
1;4;626;623;8.01;1.22;1.1;
1;4;626;627;5.44;1.22;1.01;
1;4;626;628;6.29;1.22;1.09;
1;4;627;623;8.69;1.01;1.1;
1;4;627;627;4.74;1.01;1.01;
1;4;627;628;4.99;1.01;1.09;
1;4;628;627;7.49;1.09;1.01;
1;4;628;628;6.44;1.09;1.09;
1;4;628;630;9.14;1.09;1.06;
1;4;629;621;9.65;0.99;0.91;
1;4;629;627;9.11;0.99;1.01;
1;4;629;628;6.84;0.99;1.09;
1;4;629;630;6.4;0.99;1.06;
1;4;629;646;9.88;0.99;5.54;
1;4;631;630;8.44;1.05;1.06;
1;4;631;642;9.78;1.05;4.71;
1;4;631;644;6.09;1.05;4.45;
1;4;631;646;9.61;1.05;5.54;
1;4;633;641;9.59;1.23;4.85;
1;4;633;642;6.23;1.23;4.71;
1;4;633;644;8.45;1.23;4.45;
1;4;634;640;9.73;1.36;3.8;
1;4;634;641;9.72;1.36;4.85;
1;4;634;642;7.46;1.36;4.71;
1;4;635;640;7.89;1.73;3.8;
1;4;635;641;9.04;1.73;4.85;
1;4;635;642;8.3;1.73;4.71;
