517;518;3.77;0.05;0.06;
517;519;6.96;0.05;0.05;
517;634;9.25;0.05;0.16;
517;635;7.86;0.05;0.06;
517;640;6.29;0.05;0.13;
517;641;4.73;0.05;0.13;
517;642;6.35;0.05;0.16;
518;519;3.76;0.06;0.05;
518;633;8.52;0.06;0.31;
518;634;9.02;0.06;0.16;
518;635;9.2;0.06;0.06;
518;640;7.97;0.06;0.13;
518;641;4.74;0.06;0.13;
518;642;4.44;0.06;0.16;
518;644;7.02;0.06;0.2;
519;521;7.05;0.05;0.08;
519;606;7.12;0.05;0.03;
519;641;6.92;0.05;0.13;
519;642;6.6;0.05;0.16;
519;644;5.72;0.05;0.2;
519;646;9.56;0.05;0.35;
521;523;6.33;0.08;0.48;
521;552;9.54;0.08;0.03;
521;604;7.08;0.08;0.06;
521;606;4.55;0.08;0.03;
521;622;9.37;0.08;0.01;
521;644;7.12;0.08;0.2;
521;646;4.58;0.08;0.35;
523;604;4.82;0.48;0.06;
523;606;8.97;0.48;0.03;
523;622;8.98;0.48;0.01;
523;624;9.47;0.48;0.09;
523;646;7.01;0.48;0.35;
532;534;6.8;0.05;0.02;
532;559;9.09;0.05;0.04;
532;562;9.99;0.05;0.03;
532;583;7.14;0.05;0.03;
532;585;4.66;0.05;0.06;
532;587;8.91;0.05;0.03;
532;617;8.13;0.05;0.08;
532;621;8.09;0.05;0.04;
532;646;7.6;0.05;0.35;
534;536;6.29;0.02;0.04;
534;562;9.55;0.02;0.03;
534;563;9.56;0.02;0.03;
534;579;8.26;0.02;0.03;
534;581;6.95;0.02;0.02;
534;582;5.8;0.02;0.03;
534;583;4.43;0.02;0.03;
534;585;8.89;0.02;0.06;
534;606;9.46;0.02;0.03;
534;617;5.14;0.02;0.08;
536;579;9.83;0.04;0.03;
536;581;5.02;0.04;0.02;
536;582;7.59;0.04;0.03;
536;583;9.18;0.04;0.03;
536;606;9.71;0.04;0.03;
536;617;7.28;0.04;0.08;
552;554;6.5;0.03;0.02;
552;564;9.64;0.03;0.03;
552;565;5.92;0.03;0.04;
552;581;8.95;0.03;0.02;
552;582;9.55;0.03;0.03;
552;604;8.59;0.03;0.06;
552;606;5.18;0.03;0.03;
554;557;8.18;0.02;0.01;
554;562;9.14;0.02;0.03;
554;563;5.84;0.02;0.03;
554;564;5.73;0.02;0.03;
554;565;4.27;0.02;0.04;
554;581;9.22;0.02;0.02;
554;582;7.11;0.02;0.03;
554;583;7.02;0.02;0.03;
554;604;5.45;0.02;0.06;
554;606;8.06;0.02;0.03;
557;559;6.84;0.01;0.04;
557;560;8.15;0.01;0.06;
557;561;5.43;0.01;0.04;
557;562;5.95;0.01;0.03;
557;563;5.86;0.01;0.03;
557;564;9.28;0.01;0.03;
557;583;8.75;0.01;0.03;
557;585;7.47;0.01;0.06;
557;604;9.03;0.01;0.06;
559;560;3.84;0.04;0.06;
559;561;5.48;0.04;0.04;
559;562;8.29;0.04;0.03;
559;585;4.85;0.04;0.06;
559;587;6.06;0.04;0.03;
559;590;6.62;0.04;0.01;
560;561;3.86;0.06;0.04;
560;562;7.1;0.06;0.03;
560;576;6.8;0.06;0.01;
560;585;5.93;0.06;0.06;
560;587;7.07;0.06;0.03;
560;590;5.15;0.06;0.01;
560;594;7.95;0.06;0.01;
561;562;3.8;0.04;0.03;
561;563;6.95;0.04;0.03;
561;576;6.4;0.04;0.01;
561;583;8.6;0.04;0.03;
561;585;6.2;0.04;0.06;
561;590;8.97;0.04;0.01;
562;563;3.81;0.03;0.03;
562;564;7.11;0.03;0.03;
562;576;6.72;0.03;0.01;
562;579;7.12;0.03;0.03;
562;582;7.15;0.03;0.03;
562;583;5.56;0.03;0.03;
562;585;6.65;0.03;0.06;
563;564;3.78;0.03;0.03;
563;565;6.56;0.03;0.04;
563;579;7.03;0.03;0.03;
563;581;9.1;0.03;0.02;
563;582;5.53;0.03;0.03;
563;583;5.23;0.03;0.03;
563;585;8.74;0.03;0.06;
563;604;9.63;0.03;0.06;
564;565;3.82;0.03;0.04;
564;579;6.37;0.03;0.03;
564;581;6.9;0.03;0.02;
564;582;4.59;0.03;0.03;
564;583;6.7;0.03;0.03;
565;579;8.87;0.04;0.03;
565;581;6.27;0.04;0.02;
565;582;5.51;0.04;0.03;
565;583;7.68;0.04;0.03;
565;604;9.4;0.04;0.06;
565;606;9.19;0.04;0.03;
576;579;9.37;0.01;0.03;
576;585;9.57;0.01;0.06;
576;590;9.92;0.01;0.01;
576;594;8.02;0.01;0.01;
579;581;6.12;0.03;0.02;
579;582;4.41;0.03;0.03;
579;583;6.6;0.03;0.03;
581;582;3.84;0.02;0.03;
581;583;7.13;0.02;0.03;
582;583;3.79;0.03;0.03;
583;585;6.73;0.03;0.06;
583;604;8.99;0.03;0.06;
583;606;9.98;0.03;0.03;
583;617;9.39;0.03;0.08;
585;587;7.11;0.06;0.03;
585;590;9.34;0.06;0.01;
587;590;5.43;0.03;0.01;
587;621;9.73;0.03;0.04;
590;594;5.97;0.01;0.01;
604;606;7.02;0.06;0.03;
604;646;9.14;0.06;0.35;
606;644;9.98;0.03;0.2;
606;646;8.63;0.03;0.35;
617;644;9.4;0.08;0.2;
617;646;9.3;0.08;0.35;
621;623;6.37;0.04;0.03;
621;628;6.89;0.04;0.04;
621;629;9.58;0.04;0.05;
621;630;4.45;0.04;0.04;
621;646;7.75;0.04;0.35;
622;624;7.06;0.01;0.09;
622;627;8.46;0.01;0.13;
622;628;5.65;0.01;0.04;
622;629;5.1;0.01;0.05;
622;630;8.82;0.01;0.04;
622;631;7.95;0.01;0.05;
622;644;9.91;0.01;0.2;
622;646;8.02;0.01;0.35;
623;626;8.0;0.03;0.03;
623;627;8.73;0.03;0.13;
623;628;4.54;0.03;0.04;
623;630;8.65;0.03;0.04;
624;626;5.42;0.09;0.03;
624;627;5.69;0.09;0.13;
624;628;6.63;0.09;0.04;
624;629;9.12;0.09;0.05;
626;627;3.82;0.03;0.13;
626;628;7.39;0.03;0.04;
627;628;3.8;0.13;0.04;
627;629;6.95;0.13;0.05;
628;629;3.79;0.04;0.05;
628;630;9.08;0.04;0.04;
629;630;6.34;0.05;0.04;
629;631;6.69;0.05;0.05;
629;646;9.78;0.05;0.35;
630;631;8.45;0.04;0.05;
630;644;9.74;0.04;0.2;
630;646;7.18;0.04;0.35;
631;633;7.18;0.05;0.31;
631;642;9.84;0.05;0.16;
631;644;6.05;0.05;0.2;
631;646;9.36;0.05;0.35;
633;634;3.76;0.31;0.16;
633;635;7.26;0.31;0.06;
633;641;9.78;0.31;0.13;
633;642;6.36;0.31;0.16;
633;644;8.44;0.31;0.2;
634;635;3.78;0.16;0.06;
634;640;9.76;0.16;0.13;
634;641;9.63;0.16;0.13;
634;642;7.32;0.16;0.16;
635;640;7.87;0.06;0.13;
635;641;8.91;0.06;0.13;
635;642;8.14;0.06;0.16;
640;641;3.88;0.13;0.13;
640;642;6.44;0.13;0.16;
641;642;3.8;0.13;0.16;
641;644;9.11;0.13;0.2;
642;644;6.41;0.16;0.2;
644;646;6.48;0.2;0.35;
