1;2;532;559;9.17;0.75;0.71;
1;2;534;562;9.57;0.74;0.57;
1;2;534;563;9.59;0.74;0.57;
1;2;534;606;9.69;0.74;0.75;
1;2;576;560;6.74;0.55;0.63;
1;2;576;561;6.38;0.55;0.61;
1;2;576;562;6.78;0.55;0.57;
1;2;579;562;7.09;0.6;0.57;
1;2;579;563;7.06;0.6;0.57;
1;2;579;564;6.44;0.6;0.6;
1;2;579;565;9.0;0.6;0.61;
1;2;581;552;9.23;0.74;0.7;
1;2;581;554;9.31;0.74;0.62;
1;2;581;563;9.08;0.74;0.57;
1;2;581;564;6.88;0.74;0.6;
1;2;581;565;6.35;0.74;0.61;
1;2;582;552;9.78;0.63;0.7;
1;2;582;554;7.2;0.63;0.62;
1;2;582;562;7.11;0.63;0.57;
1;2;582;563;5.52;0.63;0.57;
1;2;582;564;4.6;0.63;0.6;
1;2;582;565;5.6;0.63;0.61;
1;2;583;554;7.12;0.59;0.62;
1;2;583;557;8.78;0.59;0.67;
1;2;583;561;8.6;0.59;0.61;
1;2;583;562;5.56;0.59;0.57;
1;2;583;563;5.26;0.59;0.57;
1;2;583;564;6.72;0.59;0.6;
1;2;583;565;7.74;0.59;0.61;
1;2;583;604;9.24;0.59;0.81;
1;2;585;557;7.58;0.64;0.67;
1;2;585;559;4.85;0.64;0.71;
1;2;585;560;5.97;0.64;0.63;
1;2;585;561;6.28;0.64;0.61;
1;2;585;562;6.69;0.64;0.57;
1;2;585;563;8.78;0.64;0.57;
1;2;587;559;6.1;0.68;0.71;
1;2;587;560;7.09;0.68;0.63;
1;2;590;559;6.66;0.62;0.71;
1;2;590;560;5.15;0.62;0.63;
1;2;590;561;8.97;0.62;0.61;
1;2;594;560;8.05;0.57;0.63;
1;2;617;519;9.74;0.94;0.9;
1;2;623;626;8.19;1.13;1.53;
1;2;623;627;8.59;1.13;1.2;
1;2;627;624;9.8;1.2;1.26;
1;2;627;626;5.62;1.2;1.53;
1;2;627;627;4.76;1.2;1.2;
1;2;627;628;7.48;1.2;1.22;
1;2;627;629;9.08;1.2;1.17;
1;2;628;622;9.56;1.22;1.02;
1;2;628;624;8.76;1.22;1.26;
1;2;628;626;6.53;1.22;1.53;
1;2;628;627;4.93;1.22;1.2;
1;2;628;628;6.39;1.22;1.22;
1;2;628;629;6.72;1.22;1.17;
1;2;630;622;8.87;1.15;1.02;
1;2;630;628;9.13;1.15;1.22;
1;2;630;629;6.33;1.15;1.17;
1;2;630;631;8.62;1.15;1.16;
1;2;640;517;6.52;5.5;1.01;
1;2;640;518;8.07;5.5;0.97;
1;2;640;634;9.62;5.5;1.34;
1;2;640;635;8.0;5.5;1.57;
1;2;641;517;4.92;6.64;1.01;
1;2;641;518;4.79;6.64;0.97;
1;2;641;519;6.74;6.64;0.9;
1;2;641;633;9.39;6.64;1.33;
1;2;641;634;9.46;6.64;1.34;
1;2;641;635;9.07;6.64;1.57;
1;2;642;517;6.47;6.27;1.01;
1;2;642;518;4.49;6.27;0.97;
1;2;642;519;6.33;6.27;0.9;
1;2;642;631;9.79;6.27;1.16;
1;2;642;633;6.05;6.27;1.33;
1;2;642;634;7.31;6.27;1.34;
1;2;642;635;8.47;6.27;1.57;
1;2;644;518;7.24;5.42;0.97;
1;2;644;519;5.55;5.42;0.9;
1;2;644;521;7.12;5.42;0.96;
1;2;644;606;9.86;5.42;0.75;
1;2;644;631;6.58;5.42;1.16;
1;2;644;633;8.74;5.42;1.33;
1;2;646;519;9.73;8.3;0.9;
1;2;646;521;5.79;8.3;0.96;
1;2;646;604;9.84;8.3;0.81;
1;2;646;606;9.51;8.3;0.75;
1;2;646;622;8.58;8.3;1.02;
1;2;646;629;9.8;8.3;1.17;
1;2;646;631;9.51;8.3;1.16;
2;3;532;559;9.15;0.75;0.71;
2;3;534;562;9.54;0.74;0.57;
2;3;534;563;9.56;0.74;0.57;
2;3;534;606;9.74;0.74;0.75;
2;3;576;560;6.72;0.55;0.63;
2;3;576;561;6.38;0.55;0.61;
2;3;576;562;6.77;0.55;0.57;
2;3;579;562;7.07;0.6;0.57;
2;3;579;563;7.04;0.6;0.57;
2;3;579;564;6.42;0.6;0.6;
2;3;579;565;9.0;0.6;0.61;
2;3;581;552;9.2;0.74;0.7;
2;3;581;554;9.27;0.74;0.62;
2;3;581;563;9.07;0.74;0.57;
2;3;581;564;6.86;0.74;0.6;
2;3;581;565;6.34;0.74;0.61;
2;3;582;552;9.76;0.63;0.7;
2;3;582;554;7.16;0.63;0.62;
2;3;582;562;7.12;0.63;0.57;
2;3;582;563;5.52;0.63;0.57;
2;3;582;564;4.57;0.63;0.6;
2;3;582;565;5.58;0.63;0.61;
2;3;583;554;7.09;0.59;0.62;
2;3;583;557;8.75;0.59;0.67;
2;3;583;561;8.6;0.59;0.61;
2;3;583;562;5.56;0.59;0.57;
2;3;583;563;5.25;0.59;0.57;
2;3;583;564;6.7;0.59;0.6;
2;3;583;565;7.75;0.59;0.61;
2;3;583;604;9.21;0.59;0.81;
2;3;585;557;7.58;0.64;0.67;
2;3;585;559;4.84;0.64;0.71;
2;3;585;560;5.97;0.64;0.63;
2;3;585;561;6.28;0.64;0.61;
2;3;585;562;6.71;0.64;0.57;
2;3;585;563;8.8;0.64;0.57;
2;3;587;559;6.09;0.68;0.71;
2;3;587;560;7.12;0.68;0.63;
2;3;590;559;6.65;0.62;0.71;
2;3;590;560;5.16;0.62;0.63;
2;3;590;561;8.98;0.62;0.61;
2;3;594;560;8.05;0.57;0.63;
2;3;617;519;9.77;0.94;0.9;
2;3;623;626;8.19;1.13;1.53;
2;3;623;627;8.56;1.13;1.2;
2;3;627;624;9.75;1.2;1.26;
2;3;627;626;5.61;1.2;1.53;
2;3;627;627;4.72;1.2;1.2;
2;3;627;628;7.47;1.2;1.22;
2;3;627;629;9.09;1.2;1.17;
2;3;628;622;9.55;1.22;1.02;
2;3;628;624;8.69;1.22;1.26;
2;3;628;626;6.53;1.22;1.53;
2;3;628;627;4.91;1.22;1.2;
2;3;628;628;6.36;1.22;1.22;
2;3;628;629;6.73;1.22;1.17;
2;3;630;622;8.86;1.15;1.02;
2;3;630;628;9.09;1.15;1.22;
2;3;630;629;6.31;1.15;1.17;
2;3;630;631;8.63;1.15;1.16;
2;3;640;517;6.49;5.5;1.01;
2;3;640;518;8.05;5.5;0.97;
2;3;640;634;9.65;5.5;1.34;
2;3;640;635;8.01;5.5;1.57;
2;3;641;517;4.88;6.64;1.01;
2;3;641;518;4.76;6.64;0.97;
2;3;641;519;6.75;6.64;0.9;
2;3;641;633;9.4;6.64;1.33;
2;3;641;634;9.48;6.64;1.34;
2;3;641;635;9.04;6.64;1.57;
2;3;642;517;6.45;6.27;1.01;
2;3;642;518;4.49;6.27;0.97;
2;3;642;519;6.38;6.27;0.9;
2;3;642;631;9.8;6.27;1.16;
2;3;642;633;6.04;6.27;1.33;
2;3;642;634;7.28;6.27;1.34;
2;3;642;635;8.39;6.27;1.57;
2;3;644;518;7.25;5.42;0.97;
2;3;644;519;5.6;5.42;0.9;
2;3;644;521;7.15;5.42;0.96;
2;3;644;606;9.98;5.42;0.75;
2;3;644;631;6.55;5.42;1.16;
2;3;644;633;8.71;5.42;1.33;
2;3;646;519;9.7;8.3;0.9;
2;3;646;521;5.87;8.3;0.96;
2;3;646;604;9.9;8.3;0.81;
2;3;646;606;9.61;8.3;0.75;
2;3;646;622;8.6;8.3;1.02;
2;3;646;629;9.77;8.3;1.17;
2;3;646;631;9.45;8.3;1.16;
3;4;532;559;9.14;0.75;0.71;
3;4;534;562;9.55;0.74;0.57;
3;4;534;563;9.58;0.74;0.57;
3;4;534;606;9.7;0.74;0.75;
3;4;576;560;6.75;0.55;0.63;
3;4;576;561;6.39;0.55;0.61;
3;4;576;562;6.8;0.55;0.57;
3;4;579;562;7.07;0.6;0.57;
3;4;579;563;7.04;0.6;0.57;
3;4;579;564;6.42;0.6;0.6;
3;4;579;565;8.99;0.6;0.61;
3;4;581;552;9.21;0.74;0.7;
3;4;581;554;9.3;0.74;0.62;
3;4;581;563;9.09;0.74;0.57;
3;4;581;564;6.88;0.74;0.6;
3;4;581;565;6.36;0.74;0.61;
3;4;582;552;9.75;0.63;0.7;
3;4;582;554;7.17;0.63;0.62;
3;4;582;562;7.12;0.63;0.57;
3;4;582;563;5.52;0.63;0.57;
3;4;582;564;4.59;0.63;0.6;
3;4;582;565;5.58;0.63;0.61;
3;4;583;554;7.11;0.59;0.62;
3;4;583;557;8.76;0.59;0.67;
3;4;583;561;8.6;0.59;0.61;
3;4;583;562;5.56;0.59;0.57;
3;4;583;563;5.26;0.59;0.57;
3;4;583;564;6.71;0.59;0.6;
3;4;583;565;7.75;0.59;0.61;
3;4;583;604;9.21;0.59;0.81;
3;4;585;557;7.59;0.64;0.67;
3;4;585;559;4.85;0.64;0.71;
3;4;585;560;5.97;0.64;0.63;
3;4;585;561;6.29;0.64;0.61;
3;4;585;562;6.69;0.64;0.57;
3;4;585;563;8.79;0.64;0.57;
3;4;587;559;6.09;0.68;0.71;
3;4;587;560;7.09;0.68;0.63;
3;4;590;559;6.66;0.62;0.71;
3;4;590;560;5.14;0.62;0.63;
3;4;590;561;8.96;0.62;0.61;
3;4;594;560;8.05;0.57;0.63;
3;4;617;519;9.73;0.94;0.9;
3;4;623;626;8.18;1.13;1.53;
3;4;623;627;8.56;1.13;1.2;
3;4;627;624;9.78;1.2;1.26;
3;4;627;626;5.59;1.2;1.53;
3;4;627;627;4.74;1.2;1.2;
3;4;627;628;7.49;1.2;1.22;
3;4;627;629;9.11;1.2;1.17;
3;4;628;622;9.57;1.22;1.02;
3;4;628;624;8.73;1.22;1.26;
3;4;628;626;6.51;1.22;1.53;
3;4;628;627;4.91;1.22;1.2;
3;4;628;628;6.39;1.22;1.22;
3;4;628;629;6.74;1.22;1.17;
3;4;630;622;8.89;1.15;1.02;
3;4;630;628;9.11;1.15;1.22;
3;4;630;629;6.32;1.15;1.17;
3;4;630;631;8.66;1.15;1.16;
3;4;640;517;6.51;5.5;1.01;
3;4;640;518;8.04;5.5;0.97;
3;4;640;634;9.68;5.5;1.34;
3;4;640;635;7.94;5.5;1.57;
3;4;641;517;4.88;6.64;1.01;
3;4;641;518;4.75;6.64;0.97;
3;4;641;519;6.7;6.64;0.9;
3;4;641;633;9.12;6.64;1.33;
3;4;641;634;9.59;6.64;1.34;
3;4;641;635;8.99;6.64;1.57;
3;4;642;517;6.52;6.27;1.01;
3;4;642;518;4.51;6.27;0.97;
3;4;642;519;6.32;6.27;0.9;
3;4;642;631;9.71;6.27;1.16;
3;4;642;633;5.84;6.27;1.33;
3;4;642;634;7.49;6.27;1.34;
3;4;642;635;8.44;6.27;1.57;
3;4;644;518;7.24;5.42;0.97;
3;4;644;519;5.58;5.42;0.9;
3;4;644;521;7.15;5.42;0.96;
3;4;644;606;9.98;5.42;0.75;
3;4;644;631;6.49;5.42;1.16;
3;4;644;633;8.52;5.42;1.33;
3;4;646;519;9.77;8.3;0.9;
3;4;646;521;5.91;8.3;0.96;
3;4;646;604;9.91;8.3;0.81;
3;4;646;606;9.63;8.3;0.75;
3;4;646;622;8.58;8.3;1.02;
3;4;646;629;9.71;8.3;1.17;
3;4;646;631;9.45;8.3;1.16;
1;4;517;640;6.46;1.01;5.5;
1;4;517;641;4.9;1.01;6.64;
1;4;517;642;6.49;1.01;6.27;
1;4;518;640;8.0;0.97;5.5;
1;4;518;641;4.75;0.97;6.64;
1;4;518;642;4.51;0.97;6.27;
1;4;518;644;7.25;0.97;5.42;
1;4;519;617;9.78;0.9;0.94;
1;4;519;641;6.68;0.9;6.64;
1;4;519;642;6.34;0.9;6.27;
1;4;519;644;5.61;0.9;5.42;
1;4;519;646;9.84;0.9;8.3;
1;4;521;644;7.16;0.96;5.42;
1;4;521;646;5.94;0.96;8.3;
1;4;552;581;9.25;0.7;0.74;
1;4;552;582;9.78;0.7;0.63;
1;4;554;581;9.32;0.62;0.74;
1;4;554;582;7.19;0.62;0.63;
1;4;554;583;7.12;0.62;0.59;
1;4;557;583;8.76;0.67;0.59;
1;4;557;585;7.59;0.67;0.64;
1;4;559;532;9.15;0.71;0.75;
1;4;559;585;4.85;0.71;0.64;
1;4;559;587;6.11;0.71;0.68;
1;4;559;590;6.66;0.71;0.62;
1;4;560;576;6.72;0.63;0.55;
1;4;560;585;5.96;0.63;0.64;
1;4;560;587;7.13;0.63;0.68;
1;4;560;590;5.19;0.63;0.62;
1;4;560;594;8.05;0.63;0.57;
1;4;561;576;6.41;0.61;0.55;
1;4;561;583;8.6;0.61;0.59;
1;4;561;585;6.3;0.61;0.64;
1;4;561;590;9.01;0.61;0.62;
1;4;562;534;9.54;0.57;0.74;
1;4;562;576;6.82;0.57;0.55;
1;4;562;579;7.07;0.57;0.6;
1;4;562;582;7.11;0.57;0.63;
1;4;562;583;5.55;0.57;0.59;
1;4;562;585;6.71;0.57;0.64;
1;4;563;534;9.56;0.57;0.74;
1;4;563;579;7.06;0.57;0.6;
1;4;563;581;9.08;0.57;0.74;
1;4;563;582;5.52;0.57;0.63;
1;4;563;583;5.26;0.57;0.59;
1;4;563;585;8.8;0.57;0.64;
1;4;564;579;6.46;0.6;0.6;
1;4;564;581;6.89;0.6;0.74;
1;4;564;582;4.6;0.6;0.63;
1;4;564;583;6.73;0.6;0.59;
1;4;565;579;9.03;0.61;0.6;
1;4;565;581;6.37;0.61;0.74;
1;4;565;582;5.6;0.61;0.63;
1;4;565;583;7.76;0.61;0.59;
1;4;604;583;9.23;0.81;0.59;
1;4;604;646;9.95;0.81;8.3;
1;4;606;534;9.73;0.75;0.74;
1;4;606;646;9.72;0.75;8.3;
1;4;622;628;9.56;1.02;1.22;
1;4;622;630;8.89;1.02;1.15;
1;4;622;646;8.54;1.02;8.3;
1;4;624;627;9.77;1.26;1.2;
1;4;624;628;8.73;1.26;1.22;
1;4;626;623;8.12;1.53;1.13;
1;4;626;627;5.56;1.53;1.2;
1;4;626;628;6.48;1.53;1.22;
1;4;627;623;8.55;1.2;1.13;
1;4;627;627;4.72;1.2;1.2;
1;4;627;628;4.91;1.2;1.22;
1;4;628;627;7.46;1.22;1.2;
1;4;628;628;6.39;1.22;1.22;
1;4;628;630;9.12;1.22;1.15;
1;4;629;627;9.09;1.17;1.2;
1;4;629;628;6.74;1.17;1.22;
1;4;629;630;6.34;1.17;1.15;
1;4;629;646;9.68;1.17;8.3;
1;4;631;630;8.65;1.16;1.15;
1;4;631;642;9.82;1.16;6.27;
1;4;631;644;6.53;1.16;5.42;
1;4;631;646;9.42;1.16;8.3;
1;4;633;641;9.42;1.33;6.64;
1;4;633;642;6.08;1.33;6.27;
1;4;633;644;8.66;1.33;5.42;
1;4;634;640;9.71;1.34;5.5;
1;4;634;641;9.58;1.34;6.64;
1;4;634;642;7.39;1.34;6.27;
1;4;635;640;8.04;1.57;5.5;
1;4;635;641;9.13;1.57;6.64;
1;4;635;642;8.49;1.57;6.27;
