517;518;3.79;0.06;0.07;
517;519;7.06;0.06;0.16;
517;634;9.32;0.06;0.11;
517;635;8.14;0.06;0.06;
517;640;6.55;0.06;0.09;
517;641;4.74;0.06;0.09;
517;642;6.16;0.06;0.06;
518;519;3.77;0.07;0.16;
518;633;8.67;0.07;0.13;
518;634;8.96;0.07;0.11;
518;635;9.32;0.07;0.06;
518;640;8.36;0.07;0.09;
518;641;5.01;0.07;0.09;
518;642;4.64;0.07;0.06;
518;644;6.72;0.07;0.11;
518;645;9.13;0.07;0.36;
519;521;7.1;0.16;0.39;
519;606;7.15;0.16;0.05;
519;641;7.47;0.16;0.09;
519;642;7.16;0.16;0.06;
519;644;5.51;0.16;0.11;
519;645;6.61;0.16;0.36;
519;646;9.19;0.16;0.92;
521;552;9.3;0.39;0.01;
521;604;6.87;0.39;0.06;
521;606;4.32;0.39;0.05;
521;622;9.56;0.39;0.06;
521;644;7.68;0.39;0.11;
521;645;5.98;0.39;0.36;
521;646;4.76;0.39;0.92;
534;536;6.3;0.08;0.02;
534;562;9.57;0.08;0.08;
534;563;9.53;0.08;0.06;
534;565;9.95;0.08;0.03;
534;579;8.33;0.08;0.03;
534;581;6.93;0.08;0.02;
534;582;5.81;0.08;0.02;
534;583;4.33;0.08;0.07;
534;585;8.88;0.08;0.03;
534;606;9.45;0.08;0.05;
534;617;5.07;0.08;0.02;
534;645;9.26;0.08;0.36;
534;646;8.58;0.08;0.92;
536;581;5.38;0.02;0.02;
536;582;7.89;0.02;0.02;
536;583;9.31;0.02;0.07;
536;617;6.98;0.02;0.02;
552;554;6.51;0.01;0.05;
552;564;9.65;0.01;0.05;
552;565;5.93;0.01;0.03;
552;581;8.95;0.01;0.02;
552;582;9.49;0.01;0.02;
552;604;8.58;0.01;0.06;
552;606;5.14;0.01;0.05;
554;557;8.19;0.05;0.07;
554;562;9.14;0.05;0.08;
554;563;5.81;0.05;0.06;
554;564;5.74;0.05;0.05;
554;565;4.34;0.05;0.03;
554;581;9.31;0.05;0.02;
554;582;7.16;0.05;0.02;
554;583;7.33;0.05;0.07;
554;604;5.6;0.05;0.06;
554;606;8.1;0.05;0.05;
557;559;6.85;0.07;0.08;
557;560;8.23;0.07;0.09;
557;561;5.54;0.07;0.09;
557;562;6.04;0.07;0.08;
557;563;5.86;0.07;0.06;
557;564;9.25;0.07;0.05;
557;583;9.05;0.07;0.07;
557;585;7.68;0.07;0.03;
557;604;9.28;0.07;0.06;
559;560;3.84;0.08;0.09;
559;561;5.48;0.08;0.09;
559;562;8.26;0.08;0.08;
559;585;4.99;0.08;0.03;
559;587;6.25;0.08;0.05;
559;590;6.67;0.08;0.04;
560;561;3.86;0.09;0.09;
560;562;7.06;0.09;0.08;
560;576;6.75;0.09;0.02;
560;585;5.96;0.09;0.03;
560;587;7.19;0.09;0.05;
560;590;5.24;0.09;0.04;
560;594;8.02;0.09;0.03;
561;562;3.81;0.09;0.08;
561;563;6.95;0.09;0.06;
561;576;6.37;0.09;0.02;
561;583;8.61;0.09;0.07;
561;585;6.34;0.09;0.03;
561;590;9.06;0.09;0.04;
562;563;3.82;0.08;0.06;
562;564;7.1;0.08;0.05;
562;576;6.72;0.08;0.02;
562;579;7.13;0.08;0.03;
562;582;7.17;0.08;0.02;
562;583;5.5;0.08;0.07;
562;585;6.7;0.08;0.03;
563;564;3.78;0.06;0.05;
563;565;6.54;0.06;0.03;
563;579;7.12;0.06;0.03;
563;581;9.13;0.06;0.02;
563;582;5.55;0.06;0.02;
563;583;5.31;0.06;0.07;
563;585;8.73;0.06;0.03;
563;604;9.8;0.06;0.06;
564;565;3.82;0.05;0.03;
564;579;6.48;0.05;0.03;
564;581;6.96;0.05;0.02;
564;582;4.61;0.05;0.02;
564;583;6.78;0.05;0.07;
565;579;8.9;0.03;0.03;
565;581;6.23;0.03;0.02;
565;582;5.42;0.03;0.02;
565;583;7.78;0.03;0.07;
565;604;9.58;0.03;0.06;
565;606;9.27;0.03;0.05;
576;579;9.31;0.02;0.03;
576;585;9.56;0.02;0.03;
576;590;9.98;0.02;0.04;
576;594;8.11;0.02;0.03;
579;581;6.17;0.03;0.02;
579;582;4.48;0.03;0.02;
579;583;6.39;0.03;0.07;
581;582;3.83;0.02;0.02;
581;583;7.07;0.02;0.07;
582;583;3.76;0.02;0.07;
583;585;6.78;0.07;0.03;
583;604;9.54;0.07;0.06;
583;617;9.27;0.07;0.02;
585;587;7.13;0.03;0.05;
585;590;9.38;0.03;0.04;
587;590;5.47;0.05;0.04;
590;594;6.03;0.04;0.03;
604;606;6.94;0.06;0.05;
604;646;8.86;0.06;0.92;
606;645;8.32;0.05;0.36;
606;646;7.83;0.05;0.92;
617;632;7.82;0.02;0.07;
617;644;9.22;0.02;0.11;
617;645;6.26;0.02;0.36;
617;646;7.54;0.02;0.92;
622;624;7.08;0.06;0.06;
622;627;8.4;0.06;0.09;
622;628;5.79;0.06;0.06;
622;629;5.16;0.06;0.05;
622;630;8.8;0.06;0.03;
622;631;7.93;0.06;0.04;
623;626;8.29;0.06;0.08;
623;627;8.36;0.06;0.09;
623;628;4.57;0.06;0.06;
623;630;8.57;0.06;0.03;
624;626;5.46;0.06;0.08;
624;627;5.72;0.06;0.09;
624;628;6.71;0.06;0.06;
624;629;9.21;0.06;0.05;
626;627;3.83;0.08;0.09;
626;628;7.41;0.08;0.06;
627;628;3.8;0.09;0.06;
627;629;6.81;0.09;0.05;
628;629;3.79;0.06;0.05;
628;630;9.19;0.06;0.03;
629;630;6.45;0.05;0.03;
629;631;6.61;0.05;0.04;
630;631;8.43;0.03;0.04;
630;632;6.41;0.03;0.07;
630;645;9.19;0.03;0.36;
630;646;8.1;0.03;0.92;
631;632;8.78;0.04;0.07;
631;633;7.14;0.04;0.13;
631;644;6.38;0.04;0.11;
631;645;8.94;0.04;0.36;
632;644;6.75;0.07;0.11;
632;645;5.42;0.07;0.36;
632;646;6.69;0.07;0.92;
633;634;3.75;0.13;0.11;
633;635;7.27;0.13;0.06;
633;641;9.9;0.13;0.09;
633;642;6.26;0.13;0.06;
633;644;8.08;0.13;0.11;
634;635;3.79;0.11;0.06;
634;641;9.53;0.11;0.09;
634;642;6.75;0.11;0.06;
635;640;8.02;0.06;0.09;
635;641;8.67;0.06;0.09;
635;642;7.36;0.06;0.06;
640;641;3.87;0.09;0.09;
640;642;6.41;0.09;0.06;
641;642;3.79;0.09;0.06;
641;644;9.02;0.09;0.11;
642;644;6.6;0.06;0.11;
642;645;9.4;0.06;0.36;
644;645;3.79;0.11;0.36;
644;646;7.05;0.11;0.92;
645;646;3.83;0.36;0.92;
