1;2;534;562;9.53;0.68;0.58;
1;2;534;563;9.55;0.68;0.57;
1;2;534;606;9.68;0.68;0.73;
1;2;576;560;6.77;0.56;0.7;
1;2;576;561;6.41;0.56;0.64;
1;2;576;562;6.75;0.56;0.58;
1;2;579;562;7.12;0.63;0.58;
1;2;579;563;7.1;0.63;0.57;
1;2;579;564;6.43;0.63;0.59;
1;2;579;565;8.95;0.63;0.61;
1;2;581;554;9.39;0.75;0.62;
1;2;581;563;9.14;0.75;0.57;
1;2;581;564;6.95;0.75;0.59;
1;2;581;565;6.37;0.75;0.61;
1;2;582;554;7.2;0.6;0.62;
1;2;582;562;7.15;0.6;0.58;
1;2;582;563;5.55;0.6;0.57;
1;2;582;564;4.59;0.6;0.59;
1;2;582;565;5.53;0.6;0.61;
1;2;583;554;7.14;0.57;0.62;
1;2;583;557;8.86;0.57;0.69;
1;2;583;561;8.61;0.57;0.64;
1;2;583;562;5.56;0.57;0.58;
1;2;583;563;5.23;0.57;0.57;
1;2;583;564;6.69;0.57;0.59;
1;2;583;565;7.73;0.57;0.61;
1;2;583;604;9.3;0.57;0.74;
1;2;585;557;7.57;0.6;0.69;
1;2;585;559;4.9;0.6;0.74;
1;2;585;560;5.95;0.6;0.7;
1;2;585;561;6.23;0.6;0.64;
1;2;585;562;6.66;0.6;0.58;
1;2;585;563;8.69;0.6;0.57;
1;2;587;559;6.21;0.66;0.74;
1;2;587;560;7.18;0.66;0.7;
1;2;590;559;6.66;0.62;0.74;
1;2;590;560;5.2;0.62;0.7;
1;2;590;561;9.03;0.62;0.64;
1;2;594;560;7.94;0.57;0.7;
1;2;617;519;9.64;0.81;0.91;
1;2;623;626;8.09;0.96;1.27;
1;2;623;627;8.34;0.96;1.02;
1;2;627;624;9.54;1.02;1.17;
1;2;627;626;5.47;1.02;1.27;
1;2;627;627;4.49;1.02;1.02;
1;2;627;628;7.25;1.02;0.92;
1;2;627;629;8.92;1.02;0.93;
1;2;628;622;9.34;0.92;0.86;
1;2;628;624;8.56;0.92;1.17;
1;2;628;626;6.57;0.92;1.27;
1;2;628;627;4.8;0.92;1.02;
1;2;628;628;6.19;0.92;0.92;
1;2;628;629;6.54;0.92;0.93;
1;2;630;622;8.69;0.94;0.86;
1;2;630;628;9.07;0.94;0.92;
1;2;630;629;6.24;0.94;0.93;
1;2;630;631;8.41;0.94;0.89;
1;2;640;517;6.76;3.8;1.05;
1;2;640;518;8.46;3.8;0.93;
1;2;640;634;9.9;3.8;1.37;
1;2;640;635;7.9;3.8;1.6;
1;2;641;517;4.92;4.28;1.05;
1;2;641;518;5.1;4.28;0.93;
1;2;641;519;6.99;4.28;0.91;
1;2;641;633;9.72;4.28;1.13;
1;2;641;634;9.43;4.28;1.37;
1;2;641;635;8.66;4.28;1.6;
1;2;642;517;6.3;4.27;1.05;
1;2;642;518;4.58;4.27;0.93;
1;2;642;519;6.5;4.27;0.91;
1;2;642;633;6.26;4.27;1.13;
1;2;642;634;7.05;4.27;1.37;
1;2;642;635;7.85;4.27;1.6;
1;2;644;518;7.25;3.99;0.93;
1;2;644;519;5.69;3.99;0.91;
1;2;644;521;7.33;3.99;1.2;
1;2;644;631;6.06;3.99;0.89;
1;2;644;633;8.47;3.99;1.13;
1;2;646;519;9.8;5.8;0.91;
1;2;646;521;4.82;5.8;1.2;
1;2;646;604;8.55;5.8;0.74;
1;2;646;606;8.62;5.8;0.73;
1;2;646;622;8.4;5.8;0.86;
1;2;646;631;9.81;5.8;0.89;
2;3;532;521;9.92;0.69;1.2;
2;3;532;559;9.18;0.69;0.74;
2;3;534;562;9.55;0.68;0.58;
2;3;534;563;9.52;0.68;0.57;
2;3;534;606;9.52;0.68;0.73;
2;3;576;560;6.81;0.56;0.7;
2;3;576;561;6.42;0.56;0.64;
2;3;576;562;6.72;0.56;0.58;
2;3;579;562;7.08;0.63;0.58;
2;3;579;563;7.06;0.63;0.57;
2;3;579;564;6.37;0.63;0.59;
2;3;579;565;8.88;0.63;0.61;
2;3;581;554;9.29;0.75;0.62;
2;3;581;563;9.12;0.75;0.57;
2;3;581;564;6.92;0.75;0.59;
2;3;581;565;6.31;0.75;0.61;
2;3;582;554;7.1;0.6;0.62;
2;3;582;562;7.15;0.6;0.58;
2;3;582;563;5.54;0.6;0.57;
2;3;582;564;4.56;0.6;0.59;
2;3;582;565;5.48;0.6;0.61;
2;3;583;554;7.04;0.57;0.62;
2;3;583;557;8.86;0.57;0.69;
2;3;583;561;8.61;0.57;0.64;
2;3;583;562;5.58;0.57;0.58;
2;3;583;563;5.22;0.57;0.57;
2;3;583;564;6.67;0.57;0.59;
2;3;583;565;7.68;0.57;0.61;
2;3;583;604;9.25;0.57;0.74;
2;3;583;606;9.98;0.57;0.73;
2;3;585;557;7.6;0.6;0.69;
2;3;585;559;4.89;0.6;0.74;
2;3;585;560;5.96;0.6;0.7;
2;3;585;561;6.26;0.6;0.64;
2;3;585;562;6.67;0.6;0.58;
2;3;585;563;8.67;0.6;0.57;
2;3;587;559;6.19;0.66;0.74;
2;3;587;560;7.13;0.66;0.7;
2;3;590;559;6.65;0.62;0.74;
2;3;590;560;5.15;0.62;0.7;
2;3;590;561;8.97;0.62;0.64;
2;3;594;560;7.93;0.57;0.7;
2;3;617;519;9.5;0.81;0.91;
2;3;623;626;8.1;0.96;1.27;
2;3;623;627;8.33;0.96;1.02;
2;3;627;624;9.58;1.02;1.17;
2;3;627;626;5.5;1.02;1.27;
2;3;627;627;4.53;1.02;1.02;
2;3;627;628;7.3;1.02;0.92;
2;3;627;629;9.05;1.02;0.93;
2;3;628;622;9.45;0.92;0.86;
2;3;628;624;8.58;0.92;1.17;
2;3;628;626;6.56;0.92;1.27;
2;3;628;627;4.77;0.92;1.02;
2;3;628;628;6.24;0.92;0.92;
2;3;628;629;6.72;0.92;0.93;
2;3;630;622;8.86;0.94;0.86;
2;3;630;628;9.09;0.94;0.92;
2;3;630;629;6.37;0.94;0.93;
2;3;630;631;8.45;0.94;0.89;
2;3;640;517;6.68;3.8;1.05;
2;3;640;518;8.39;3.8;0.93;
2;3;640;634;9.83;3.8;1.37;
2;3;640;635;7.94;3.8;1.6;
2;3;641;517;4.86;4.28;1.05;
2;3;641;518;5.04;4.28;0.93;
2;3;641;519;6.93;4.28;0.91;
2;3;641;634;9.38;4.28;1.37;
2;3;641;635;8.75;4.28;1.6;
2;3;642;517;6.28;4.27;1.05;
2;3;642;518;4.53;4.27;0.93;
2;3;642;519;6.46;4.27;0.91;
2;3;642;631;9.96;4.27;0.89;
2;3;642;634;7.01;4.27;1.37;
2;3;642;635;7.96;4.27;1.6;
2;3;644;518;7.34;3.99;0.93;
2;3;644;519;5.81;3.99;0.91;
2;3;644;521;7.43;3.99;1.2;
2;3;644;631;6.02;3.99;0.89;
2;3;646;519;9.95;5.8;0.91;
2;3;646;521;5.43;5.8;1.2;
2;3;646;604;9.34;5.8;0.74;
2;3;646;606;9.33;5.8;0.73;
2;3;646;622;7.87;5.8;0.86;
2;3;646;629;9.5;5.8;0.93;
2;3;646;631;9.18;5.8;0.89;
3;4;532;559;9.02;0.69;0.74;
3;4;532;562;9.83;0.69;0.58;
3;4;534;562;9.54;0.68;0.58;
3;4;534;563;9.51;0.68;0.57;
3;4;534;606;9.56;0.68;0.73;
3;4;576;560;6.79;0.56;0.7;
3;4;576;561;6.42;0.56;0.64;
3;4;576;562;6.73;0.56;0.58;
3;4;579;562;7.07;0.63;0.58;
3;4;579;563;7.06;0.63;0.57;
3;4;579;564;6.4;0.63;0.59;
3;4;579;565;8.94;0.63;0.61;
3;4;581;554;9.36;0.75;0.62;
3;4;581;563;9.1;0.75;0.57;
3;4;581;564;6.9;0.75;0.59;
3;4;581;565;6.34;0.75;0.61;
3;4;582;554;7.18;0.6;0.62;
3;4;582;562;7.12;0.6;0.58;
3;4;582;563;5.51;0.6;0.57;
3;4;582;564;4.55;0.6;0.59;
3;4;582;565;5.52;0.6;0.61;
3;4;583;554;7.11;0.57;0.62;
3;4;583;557;8.84;0.57;0.69;
3;4;583;561;8.6;0.57;0.64;
3;4;583;562;5.56;0.57;0.58;
3;4;583;563;5.21;0.57;0.57;
3;4;583;564;6.66;0.57;0.59;
3;4;583;565;7.7;0.57;0.61;
3;4;583;604;9.31;0.57;0.74;
3;4;585;557;7.54;0.6;0.69;
3;4;585;559;4.86;0.6;0.74;
3;4;585;560;5.93;0.6;0.7;
3;4;585;561;6.22;0.6;0.64;
3;4;585;562;6.64;0.6;0.58;
3;4;585;563;8.65;0.6;0.57;
3;4;587;559;6.16;0.66;0.74;
3;4;587;560;7.13;0.66;0.7;
3;4;590;559;6.61;0.62;0.74;
3;4;590;560;5.1;0.62;0.7;
3;4;590;561;8.93;0.62;0.64;
3;4;594;560;7.9;0.57;0.7;
3;4;617;519;9.56;0.81;0.91;
3;4;623;626;8.13;0.96;1.27;
3;4;623;627;8.34;0.96;1.02;
3;4;627;624;9.54;1.02;1.17;
3;4;627;626;5.49;1.02;1.27;
3;4;627;627;4.5;1.02;1.02;
3;4;627;628;7.28;1.02;0.92;
3;4;627;629;8.99;1.02;0.93;
3;4;628;622;9.46;0.92;0.86;
3;4;628;624;8.5;0.92;1.17;
3;4;628;626;6.55;0.92;1.27;
3;4;628;627;4.75;0.92;1.02;
3;4;628;628;6.17;0.92;0.92;
3;4;628;629;6.59;0.92;0.93;
3;4;630;622;8.78;0.94;0.86;
3;4;630;628;9.05;0.94;0.92;
3;4;630;629;6.25;0.94;0.93;
3;4;630;631;8.42;0.94;0.89;
3;4;640;517;6.75;3.8;1.05;
3;4;640;518;8.47;3.8;0.93;
3;4;640;634;9.87;3.8;1.37;
3;4;640;635;7.92;3.8;1.6;
3;4;641;517;4.88;4.28;1.05;
3;4;641;518;5.09;4.28;0.93;
3;4;641;519;7.07;4.28;0.91;
3;4;641;633;9.74;4.28;1.13;
3;4;641;634;9.37;4.28;1.37;
3;4;641;635;8.66;4.28;1.6;
3;4;642;517;6.3;4.27;1.05;
3;4;642;518;4.62;4.27;0.93;
3;4;642;519;6.61;4.27;0.91;
3;4;642;633;6.26;4.27;1.13;
3;4;642;634;6.97;4.27;1.37;
3;4;642;635;7.83;4.27;1.6;
3;4;644;518;7.32;3.99;0.93;
3;4;644;519;5.78;3.99;0.91;
3;4;644;521;7.43;3.99;1.2;
3;4;644;631;6.12;3.99;0.89;
3;4;644;633;8.48;3.99;1.13;
3;4;646;521;5.6;5.8;1.2;
3;4;646;604;9.26;5.8;0.74;
3;4;646;606;9.47;5.8;0.73;
3;4;646;622;8.43;5.8;0.86;
3;4;646;629;9.74;5.8;0.93;
3;4;646;631;9.65;5.8;0.89;
1;4;517;640;6.72;1.05;3.8;
1;4;517;641;4.87;1.05;4.28;
1;4;517;642;6.31;1.05;4.27;
1;4;518;640;8.4;0.93;3.8;
1;4;518;641;5.03;0.93;4.28;
1;4;518;642;4.56;0.93;4.27;
1;4;518;644;7.17;0.93;3.99;
1;4;519;617;9.65;0.91;0.81;
1;4;519;641;6.97;0.91;4.28;
1;4;519;642;6.48;0.91;4.27;
1;4;519;644;5.68;0.91;3.99;
1;4;519;646;9.92;0.91;5.8;
1;4;521;644;7.51;1.2;3.99;
1;4;521;646;5.42;1.2;5.8;
1;4;554;581;9.35;0.62;0.75;
1;4;554;582;7.18;0.62;0.6;
1;4;554;583;7.12;0.62;0.57;
1;4;557;583;8.85;0.69;0.57;
1;4;557;585;7.56;0.69;0.6;
1;4;559;532;9.16;0.74;0.69;
1;4;559;585;4.87;0.74;0.6;
1;4;559;587;6.19;0.74;0.66;
1;4;559;590;6.66;0.74;0.62;
1;4;560;576;6.82;0.7;0.56;
1;4;560;585;5.93;0.7;0.6;
1;4;560;587;7.13;0.7;0.66;
1;4;560;590;5.13;0.7;0.62;
1;4;560;594;7.97;0.7;0.57;
1;4;561;576;6.45;0.64;0.56;
1;4;561;583;8.61;0.64;0.57;
1;4;561;585;6.23;0.64;0.6;
1;4;561;590;8.96;0.64;0.62;
1;4;562;532;9.95;0.58;0.69;
1;4;562;534;9.53;0.58;0.68;
1;4;562;576;6.77;0.58;0.56;
1;4;562;579;7.08;0.58;0.63;
1;4;562;582;7.13;0.58;0.6;
1;4;562;583;5.56;0.58;0.57;
1;4;562;585;6.64;0.58;0.6;
1;4;563;534;9.52;0.57;0.68;
1;4;563;579;7.06;0.57;0.63;
1;4;563;581;9.1;0.57;0.75;
1;4;563;582;5.51;0.57;0.6;
1;4;563;583;5.21;0.57;0.57;
1;4;563;585;8.66;0.57;0.6;
1;4;564;579;6.41;0.59;0.63;
1;4;564;581;6.88;0.59;0.75;
1;4;564;582;4.54;0.59;0.6;
1;4;564;583;6.66;0.59;0.57;
1;4;565;579;8.96;0.61;0.63;
1;4;565;581;6.34;0.61;0.75;
1;4;565;582;5.53;0.61;0.6;
1;4;565;583;7.72;0.61;0.57;
1;4;604;583;9.32;0.74;0.57;
1;4;604;646;9.37;0.74;5.8;
1;4;606;534;9.65;0.73;0.68;
1;4;606;646;9.36;0.73;5.8;
1;4;622;628;9.59;0.86;0.92;
1;4;622;630;9.05;0.86;0.94;
1;4;622;646;7.78;0.86;5.8;
1;4;624;627;9.56;1.17;1.02;
1;4;624;628;8.59;1.17;0.92;
1;4;626;623;8.19;1.27;0.96;
1;4;626;627;5.52;1.27;1.02;
1;4;626;628;6.6;1.27;0.92;
1;4;627;623;8.37;1.02;0.96;
1;4;627;627;4.52;1.02;1.02;
1;4;627;628;4.78;1.02;0.92;
1;4;628;627;7.3;0.92;1.02;
1;4;628;628;6.23;0.92;0.92;
1;4;628;630;9.12;0.92;0.94;
1;4;629;627;9.04;0.93;1.02;
1;4;629;628;6.67;0.93;0.92;
1;4;629;630;6.37;0.93;0.94;
1;4;629;646;9.15;0.93;5.8;
1;4;631;630;8.6;0.89;0.94;
1;4;631;644;6.05;0.89;3.99;
1;4;631;646;9.0;0.89;5.8;
1;4;633;641;9.68;1.13;4.28;
1;4;633;642;6.25;1.13;4.27;
1;4;633;644;8.32;1.13;3.99;
1;4;634;640;9.83;1.37;3.8;
1;4;634;641;9.4;1.37;4.28;
1;4;634;642;7.08;1.37;4.27;
1;4;635;640;7.9;1.6;3.8;
1;4;635;641;8.7;1.6;4.28;
1;4;635;642;7.95;1.6;4.27;
