1;2;534;562;9.61;0.57;0.5;
1;2;534;563;9.62;0.57;0.51;
1;2;534;606;9.46;0.57;0.63;
1;2;576;560;6.81;0.49;0.55;
1;2;576;561;6.36;0.49;0.52;
1;2;576;562;6.69;0.49;0.5;
1;2;579;562;7.14;0.49;0.5;
1;2;579;563;7.0;0.49;0.51;
1;2;579;564;6.25;0.49;0.52;
1;2;579;565;8.78;0.49;0.54;
1;2;581;552;8.94;0.55;0.56;
1;2;581;554;9.31;0.55;0.54;
1;2;581;563;9.19;0.55;0.51;
1;2;581;564;6.9;0.55;0.52;
1;2;581;565;6.26;0.55;0.54;
1;2;582;552;9.44;0.52;0.56;
1;2;582;554;7.09;0.52;0.54;
1;2;582;562;7.24;0.52;0.5;
1;2;582;563;5.6;0.52;0.51;
1;2;582;564;4.53;0.52;0.52;
1;2;582;565;5.4;0.52;0.54;
1;2;583;554;7.03;0.52;0.54;
1;2;583;557;8.85;0.52;0.6;
1;2;583;561;8.69;0.52;0.52;
1;2;583;562;5.6;0.52;0.5;
1;2;583;563;5.29;0.52;0.51;
1;2;583;564;6.64;0.52;0.52;
1;2;583;565;7.62;0.52;0.54;
1;2;583;604;9.35;0.52;0.67;
1;2;583;606;9.98;0.52;0.63;
1;2;585;557;7.53;0.53;0.6;
1;2;585;559;4.9;0.53;0.6;
1;2;585;560;5.92;0.53;0.55;
1;2;585;561;6.16;0.53;0.52;
1;2;585;562;6.55;0.53;0.5;
1;2;585;563;8.7;0.53;0.51;
1;2;587;559;6.11;0.58;0.6;
1;2;587;560;7.08;0.58;0.55;
1;2;590;559;6.66;0.55;0.6;
1;2;590;560;5.12;0.55;0.55;
1;2;590;561;8.95;0.55;0.52;
1;2;594;560;8.0;0.51;0.55;
1;2;617;519;9.98;0.67;0.71;
1;2;623;626;8.06;0.79;1.05;
1;2;623;627;8.43;0.79;0.8;
1;2;627;624;9.62;0.8;0.92;
1;2;627;626;5.49;0.8;1.05;
1;2;627;627;4.63;0.8;0.8;
1;2;627;628;7.4;0.8;0.73;
1;2;627;629;9.07;0.8;0.7;
1;2;628;622;9.45;0.73;0.68;
1;2;628;624;8.61;0.73;0.92;
1;2;628;626;6.47;0.73;1.05;
1;2;628;627;4.82;0.73;0.8;
1;2;628;628;6.29;0.73;0.73;
1;2;628;629;6.67;0.73;0.7;
1;2;630;622;8.94;0.7;0.68;
1;2;630;628;9.23;0.7;0.73;
1;2;630;629;6.45;0.7;0.7;
1;2;630;631;8.49;0.7;0.71;
1;2;632;631;8.66;0.75;0.71;
1;2;638;481;9.13;2.66;0.64;
1;2;638;517;9.57;2.66;0.63;
1;2;640;517;7.3;3.46;0.63;
1;2;640;518;9.15;3.46;0.65;
1;2;640;635;7.58;3.46;0.85;
1;2;641;517;5.01;3.58;0.63;
1;2;641;518;5.65;3.58;0.65;
1;2;641;519;8.26;3.58;0.71;
1;2;641;633;9.28;3.58;0.88;
1;2;641;635;8.15;3.58;0.85;
1;2;642;517;5.89;3.01;0.63;
1;2;642;518;4.39;3.01;0.65;
1;2;642;519;7.06;3.01;0.71;
1;2;642;633;5.73;3.01;0.88;
1;2;642;635;7.34;3.01;0.85;
1;2;644;518;7.01;2.47;0.65;
1;2;644;519;5.56;2.47;0.71;
1;2;644;521;7.21;2.47;0.82;
1;2;644;606;9.76;2.47;0.63;
1;2;644;631;6.51;2.47;0.71;
1;2;644;633;8.36;2.47;0.88;
1;2;645;519;7.53;2.65;0.71;
1;2;645;521;5.74;2.65;0.82;
1;2;645;606;8.6;2.65;0.63;
1;2;645;631;8.74;2.65;0.71;
1;2;646;521;5.14;2.42;0.82;
1;2;646;604;8.92;2.42;0.67;
1;2;646;606;8.95;2.42;0.63;
1;2;646;622;8.69;2.42;0.68;
2;3;532;559;9.08;0.57;0.6;
2;3;532;562;9.86;0.57;0.5;
2;3;534;562;9.59;0.57;0.5;
2;3;534;563;9.61;0.57;0.51;
2;3;534;565;9.99;0.57;0.54;
2;3;534;606;9.49;0.57;0.63;
2;3;576;560;6.87;0.49;0.55;
2;3;576;561;6.37;0.49;0.52;
2;3;576;562;6.71;0.49;0.5;
2;3;579;562;7.14;0.49;0.5;
2;3;579;563;7.0;0.49;0.51;
2;3;579;564;6.26;0.49;0.52;
2;3;579;565;8.8;0.49;0.54;
2;3;581;552;8.98;0.55;0.56;
2;3;581;554;9.32;0.55;0.54;
2;3;581;563;9.18;0.55;0.51;
2;3;581;564;6.87;0.55;0.52;
2;3;581;565;6.26;0.55;0.54;
2;3;582;552;9.47;0.52;0.56;
2;3;582;554;7.1;0.52;0.54;
2;3;582;562;7.23;0.52;0.5;
2;3;582;563;5.59;0.52;0.51;
2;3;582;564;4.51;0.52;0.52;
2;3;582;565;5.4;0.52;0.54;
2;3;583;554;7.05;0.52;0.54;
2;3;583;557;8.85;0.52;0.6;
2;3;583;561;8.68;0.52;0.52;
2;3;583;562;5.59;0.52;0.5;
2;3;583;563;5.29;0.52;0.51;
2;3;583;564;6.63;0.52;0.52;
2;3;583;565;7.61;0.52;0.54;
2;3;583;604;9.37;0.52;0.67;
2;3;583;606;9.99;0.52;0.63;
2;3;585;557;7.6;0.53;0.6;
2;3;585;559;4.94;0.53;0.6;
2;3;585;560;5.94;0.53;0.55;
2;3;585;561;6.22;0.53;0.52;
2;3;585;562;6.6;0.53;0.5;
2;3;585;563;8.75;0.53;0.51;
2;3;587;559;6.13;0.58;0.6;
2;3;587;560;7.04;0.58;0.55;
2;3;590;559;6.69;0.55;0.6;
2;3;590;560;5.1;0.55;0.55;
2;3;590;561;8.93;0.55;0.52;
2;3;594;560;8.01;0.51;0.55;
2;3;617;519;10.0;0.67;0.71;
2;3;623;626;8.09;0.79;1.05;
2;3;623;627;8.46;0.79;0.8;
2;3;627;624;9.64;0.8;0.92;
2;3;627;626;5.51;0.8;1.05;
2;3;627;627;4.65;0.8;0.8;
2;3;627;628;7.4;0.8;0.73;
2;3;627;629;9.07;0.8;0.7;
2;3;628;622;9.43;0.73;0.68;
2;3;628;624;8.63;0.73;0.92;
2;3;628;626;6.5;0.73;1.05;
2;3;628;627;4.85;0.73;0.8;
2;3;628;628;6.31;0.73;0.73;
2;3;628;629;6.67;0.73;0.7;
2;3;630;622;8.88;0.7;0.68;
2;3;630;628;9.22;0.7;0.73;
2;3;630;629;6.42;0.7;0.7;
2;3;630;631;8.48;0.7;0.71;
2;3;632;631;8.76;0.75;0.71;
2;3;638;481;9.22;2.66;0.64;
2;3;638;517;9.5;2.66;0.63;
2;3;640;517;7.61;3.46;0.63;
2;3;640;518;9.39;3.46;0.65;
2;3;640;635;7.59;3.46;0.85;
2;3;641;517;4.98;3.58;0.63;
2;3;641;518;5.71;3.58;0.65;
2;3;641;519;8.56;3.58;0.71;
2;3;641;633;9.21;3.58;0.88;
2;3;641;635;7.79;3.58;0.85;
2;3;642;517;5.89;3.01;0.63;
2;3;642;518;4.58;3.01;0.65;
2;3;642;519;7.39;3.01;0.71;
2;3;642;633;5.61;3.01;0.88;
2;3;642;635;7.01;3.01;0.85;
2;3;644;518;6.92;2.47;0.65;
2;3;644;519;5.53;2.47;0.71;
2;3;644;521;7.45;2.47;0.82;
2;3;644;606;9.83;2.47;0.63;
2;3;644;631;6.76;2.47;0.71;
2;3;644;633;8.41;2.47;0.88;
2;3;645;519;7.4;2.65;0.71;
2;3;645;521;5.65;2.65;0.82;
2;3;645;606;8.45;2.65;0.63;
2;3;645;631;8.8;2.65;0.71;
2;3;646;521;5.24;2.42;0.82;
2;3;646;604;8.93;2.42;0.67;
2;3;646;606;8.97;2.42;0.63;
2;3;646;622;8.78;2.42;0.68;
3;4;532;559;9.09;0.57;0.6;
3;4;532;562;9.87;0.57;0.5;
3;4;534;562;9.62;0.57;0.5;
3;4;534;563;9.64;0.57;0.51;
3;4;534;606;9.5;0.57;0.63;
3;4;576;560;6.84;0.49;0.55;
3;4;576;561;6.37;0.49;0.52;
3;4;576;562;6.69;0.49;0.5;
3;4;579;562;7.12;0.49;0.5;
3;4;579;563;6.97;0.49;0.51;
3;4;579;564;6.24;0.49;0.52;
3;4;579;565;8.77;0.49;0.54;
3;4;581;552;8.95;0.55;0.56;
3;4;581;554;9.32;0.55;0.54;
3;4;581;563;9.18;0.55;0.51;
3;4;581;564;6.89;0.55;0.52;
3;4;581;565;6.26;0.55;0.54;
3;4;582;552;9.45;0.52;0.56;
3;4;582;554;7.1;0.52;0.54;
3;4;582;562;7.23;0.52;0.5;
3;4;582;563;5.59;0.52;0.51;
3;4;582;564;4.52;0.52;0.52;
3;4;582;565;5.4;0.52;0.54;
3;4;583;554;7.06;0.52;0.54;
3;4;583;557;8.88;0.52;0.6;
3;4;583;561;8.69;0.52;0.52;
3;4;583;562;5.6;0.52;0.5;
3;4;583;563;5.29;0.52;0.51;
3;4;583;564;6.65;0.52;0.52;
3;4;583;565;7.63;0.52;0.54;
3;4;583;604;9.39;0.52;0.67;
3;4;583;606;9.97;0.52;0.63;
3;4;585;557;7.57;0.53;0.6;
3;4;585;559;4.92;0.53;0.6;
3;4;585;560;5.93;0.53;0.55;
3;4;585;561;6.19;0.53;0.52;
3;4;585;562;6.57;0.53;0.5;
3;4;585;563;8.71;0.53;0.51;
3;4;587;559;6.13;0.58;0.6;
3;4;587;560;7.06;0.58;0.55;
3;4;590;559;6.67;0.55;0.6;
3;4;590;560;5.11;0.55;0.55;
3;4;590;561;8.93;0.55;0.52;
3;4;594;560;7.99;0.51;0.55;
3;4;623;626;8.08;0.79;1.05;
3;4;623;627;8.46;0.79;0.8;
3;4;627;624;9.61;0.8;0.92;
3;4;627;626;5.5;0.8;1.05;
3;4;627;627;4.63;0.8;0.8;
3;4;627;628;7.39;0.8;0.73;
3;4;627;629;9.04;0.8;0.7;
3;4;628;622;9.4;0.73;0.68;
3;4;628;624;8.62;0.73;0.92;
3;4;628;626;6.51;0.73;1.05;
3;4;628;627;4.86;0.73;0.8;
3;4;628;628;6.29;0.73;0.73;
3;4;628;629;6.63;0.73;0.7;
3;4;630;622;8.82;0.7;0.68;
3;4;630;628;9.2;0.7;0.73;
3;4;630;629;6.38;0.7;0.7;
3;4;630;631;8.46;0.7;0.71;
3;4;632;631;8.85;0.75;0.71;
3;4;638;481;9.09;2.66;0.64;
3;4;638;517;9.56;2.66;0.63;
3;4;640;517;7.44;3.46;0.63;
3;4;640;518;9.33;3.46;0.65;
3;4;640;635;7.6;3.46;0.85;
3;4;641;517;4.96;3.58;0.63;
3;4;641;518;5.74;3.58;0.65;
3;4;641;519;8.48;3.58;0.71;
3;4;641;633;9.37;3.58;0.88;
3;4;641;635;7.96;3.58;0.85;
3;4;642;517;5.81;3.01;0.63;
3;4;642;518;4.47;3.01;0.65;
3;4;642;519;7.24;3.01;0.71;
3;4;642;633;5.77;3.01;0.88;
3;4;642;635;7.08;3.01;0.85;
3;4;644;518;6.95;2.47;0.65;
3;4;644;519;5.47;2.47;0.71;
3;4;644;521;7.34;2.47;0.82;
3;4;644;606;9.75;2.47;0.63;
3;4;644;631;6.65;2.47;0.71;
3;4;644;633;8.39;2.47;0.88;
3;4;645;519;7.38;2.65;0.71;
3;4;645;521;5.59;2.65;0.82;
3;4;645;606;8.4;2.65;0.63;
3;4;645;631;8.77;2.65;0.71;
3;4;646;521;5.27;2.42;0.82;
3;4;646;604;8.93;2.42;0.67;
3;4;646;606;9.0;2.42;0.63;
3;4;646;622;8.71;2.42;0.68;
1;4;481;638;9.11;0.64;2.66;
1;4;517;638;9.49;0.63;2.66;
1;4;517;640;7.46;0.63;3.46;
1;4;517;641;4.94;0.63;3.58;
1;4;517;642;5.89;0.63;3.01;
1;4;518;640;9.33;0.65;3.46;
1;4;518;641;5.7;0.65;3.58;
1;4;518;642;4.52;0.65;3.01;
1;4;518;644;7.0;0.65;2.47;
1;4;519;617;9.97;0.71;0.67;
1;4;519;641;8.46;0.71;3.58;
1;4;519;642;7.28;0.71;3.01;
1;4;519;644;5.6;0.71;2.47;
1;4;519;645;7.57;0.71;2.65;
1;4;521;644;7.44;0.82;2.47;
1;4;521;645;5.88;0.82;2.65;
1;4;521;646;5.5;0.82;2.42;
1;4;552;581;8.98;0.56;0.55;
1;4;552;582;9.47;0.56;0.52;
1;4;554;581;9.33;0.54;0.55;
1;4;554;582;7.11;0.54;0.52;
1;4;554;583;7.06;0.54;0.52;
1;4;557;583;8.87;0.6;0.52;
1;4;557;585;7.57;0.6;0.53;
1;4;559;532;9.1;0.6;0.57;
1;4;559;585;4.93;0.6;0.53;
1;4;559;587;6.11;0.6;0.58;
1;4;559;590;6.68;0.6;0.55;
1;4;560;576;6.85;0.55;0.49;
1;4;560;585;5.93;0.55;0.53;
1;4;560;587;7.04;0.55;0.58;
1;4;560;590;5.11;0.55;0.55;
1;4;560;594;8.01;0.55;0.51;
1;4;561;576;6.38;0.52;0.49;
1;4;561;583;8.68;0.52;0.52;
1;4;561;585;6.17;0.52;0.53;
1;4;561;590;8.93;0.52;0.55;
1;4;562;532;9.86;0.5;0.57;
1;4;562;534;9.58;0.5;0.57;
1;4;562;576;6.71;0.5;0.49;
1;4;562;579;7.15;0.5;0.49;
1;4;562;582;7.23;0.5;0.52;
1;4;562;583;5.58;0.5;0.52;
1;4;562;585;6.55;0.5;0.53;
1;4;563;534;9.61;0.51;0.57;
1;4;563;579;7.0;0.51;0.49;
1;4;563;581;9.17;0.51;0.55;
1;4;563;582;5.58;0.51;0.52;
1;4;563;583;5.28;0.51;0.52;
1;4;563;585;8.7;0.51;0.53;
1;4;564;579;6.25;0.52;0.49;
1;4;564;581;6.87;0.52;0.55;
1;4;564;582;4.5;0.52;0.52;
1;4;564;583;6.63;0.52;0.52;
1;4;565;579;8.79;0.54;0.49;
1;4;565;581;6.26;0.54;0.55;
1;4;565;582;5.4;0.54;0.52;
1;4;565;583;7.62;0.54;0.52;
1;4;604;583;9.39;0.67;0.52;
1;4;604;646;9.17;0.67;2.42;
1;4;606;534;9.5;0.63;0.57;
1;4;606;583;9.99;0.63;0.52;
1;4;606;644;9.87;0.63;2.47;
1;4;606;645;8.69;0.63;2.65;
1;4;606;646;9.24;0.63;2.42;
1;4;622;628;9.44;0.68;0.73;
1;4;622;630;8.89;0.68;0.7;
1;4;622;646;8.68;0.68;2.42;
1;4;624;627;9.59;0.92;0.8;
1;4;624;628;8.59;0.92;0.73;
1;4;626;623;8.07;1.05;0.79;
1;4;626;627;5.47;1.05;0.8;
1;4;626;628;6.49;1.05;0.73;
1;4;627;623;8.45;0.8;0.79;
1;4;627;627;4.62;0.8;0.8;
1;4;627;628;4.84;0.8;0.73;
1;4;628;627;7.39;0.73;0.8;
1;4;628;628;6.3;0.73;0.73;
1;4;628;630;9.21;0.73;0.7;
1;4;629;627;9.04;0.7;0.8;
1;4;629;628;6.64;0.7;0.73;
1;4;629;630;6.4;0.7;0.7;
1;4;631;630;8.48;0.71;0.7;
1;4;631;632;8.66;0.71;0.75;
1;4;631;644;6.52;0.71;2.47;
1;4;631;645;8.6;0.71;2.65;
1;4;631;646;9.94;0.71;2.42;
1;4;635;640;7.6;0.85;3.46;
1;4;635;641;7.87;0.85;3.58;
1;4;635;642;7.12;0.85;3.01;
