517;518;3.8;0.05;0.05;
517;519;7.1;0.05;0.06;
517;634;9.21;0.05;0.01;
517;635;7.98;0.05;0.05;
517;640;6.76;0.05;0.09;
517;641;4.92;0.05;0.06;
517;642;6.3;0.05;0.06;
518;519;3.82;0.05;0.06;
518;633;8.56;0.05;0.07;
518;634;9.03;0.05;0.01;
518;635;9.35;0.05;0.05;
518;640;8.46;0.05;0.09;
518;641;5.1;0.05;0.06;
518;642;4.58;0.05;0.06;
518;644;7.25;0.05;0.18;
519;521;7.23;0.06;0.13;
519;606;7.32;0.06;0.04;
519;617;9.64;0.06;0.13;
519;641;6.99;0.06;0.06;
519;642;6.5;0.06;0.06;
519;644;5.69;0.06;0.18;
519;646;9.8;0.06;1.05;
521;604;6.67;0.13;0.08;
521;606;4.4;0.13;0.04;
521;622;9.46;0.13;0.1;
521;644;7.33;0.13;0.18;
521;646;4.82;0.13;1.05;
534;536;6.38;0.06;0.1;
534;562;9.53;0.06;0.08;
534;563;9.55;0.06;0.09;
534;579;8.29;0.06;0.08;
534;581;6.94;0.06;0.07;
534;582;5.8;0.06;0.06;
534;583;4.41;0.06;0.03;
534;585;8.87;0.06;0.02;
534;606;9.68;0.06;0.04;
534;617;5.11;0.06;0.13;
536;579;9.94;0.1;0.08;
536;581;5.16;0.1;0.07;
536;582;7.76;0.1;0.06;
536;583;9.33;0.1;0.03;
536;617;7.22;0.1;0.13;
554;557;8.13;0.06;0.09;
554;562;9.14;0.06;0.08;
554;563;5.8;0.06;0.09;
554;564;5.7;0.06;0.06;
554;565;4.33;0.06;0.05;
554;581;9.39;0.06;0.07;
554;582;7.2;0.06;0.06;
554;583;7.14;0.06;0.03;
554;604;5.65;0.06;0.08;
554;606;7.93;0.06;0.04;
557;559;6.84;0.09;0.09;
557;560;8.21;0.09;0.09;
557;561;5.5;0.09;0.1;
557;562;6.03;0.09;0.08;
557;563;5.85;0.09;0.09;
557;564;9.25;0.09;0.06;
557;583;8.86;0.09;0.03;
557;585;7.57;0.09;0.02;
557;604;9.31;0.09;0.08;
559;560;3.84;0.09;0.09;
559;561;5.47;0.09;0.1;
559;562;8.27;0.09;0.08;
559;585;4.9;0.09;0.02;
559;587;6.21;0.09;0.02;
559;590;6.66;0.09;0.06;
560;561;3.86;0.09;0.1;
560;562;7.09;0.09;0.08;
560;576;6.77;0.09;0.08;
560;585;5.95;0.09;0.02;
560;587;7.18;0.09;0.02;
560;590;5.2;0.09;0.06;
560;594;7.94;0.09;0.06;
561;562;3.81;0.1;0.08;
561;563;6.94;0.1;0.09;
561;576;6.41;0.1;0.08;
561;583;8.61;0.1;0.03;
561;585;6.23;0.1;0.02;
561;590;9.03;0.1;0.06;
562;563;3.82;0.08;0.09;
562;564;7.09;0.08;0.06;
562;576;6.75;0.08;0.08;
562;579;7.12;0.08;0.08;
562;582;7.15;0.08;0.06;
562;583;5.56;0.08;0.03;
562;585;6.66;0.08;0.02;
563;564;3.78;0.09;0.06;
563;565;6.57;0.09;0.05;
563;579;7.1;0.09;0.08;
563;581;9.14;0.09;0.07;
563;582;5.55;0.09;0.06;
563;583;5.23;0.09;0.03;
563;585;8.69;0.09;0.02;
563;604;9.85;0.09;0.08;
564;565;3.82;0.06;0.05;
564;579;6.43;0.06;0.08;
564;581;6.95;0.06;0.07;
564;582;4.59;0.06;0.06;
564;583;6.69;0.06;0.03;
565;579;8.95;0.05;0.08;
565;581;6.37;0.05;0.07;
565;582;5.53;0.05;0.06;
565;583;7.73;0.05;0.03;
565;604;9.57;0.05;0.08;
565;606;8.98;0.05;0.04;
576;579;9.38;0.08;0.08;
576;585;9.56;0.08;0.02;
576;590;9.92;0.08;0.06;
576;594;7.94;0.08;0.06;
579;581;6.14;0.08;0.07;
579;582;4.48;0.08;0.06;
579;583;6.63;0.08;0.03;
581;582;3.84;0.07;0.06;
581;583;7.12;0.07;0.03;
582;583;3.79;0.06;0.03;
583;585;6.72;0.03;0.02;
583;604;9.3;0.03;0.08;
583;617;9.32;0.03;0.13;
585;587;7.15;0.02;0.02;
585;590;9.34;0.02;0.06;
587;590;5.44;0.02;0.06;
590;594;6.01;0.06;0.06;
604;606;6.85;0.08;0.04;
604;646;8.55;0.08;1.05;
606;646;8.62;0.04;1.05;
617;644;9.05;0.13;0.18;
617;646;9.05;0.13;1.05;
622;624;7.04;0.1;0.05;
622;627;8.33;0.1;0.08;
622;628;5.67;0.1;0.04;
622;629;5.1;0.1;0.05;
622;630;8.69;0.1;0.13;
622;631;7.97;0.1;0.02;
622;646;8.4;0.1;1.05;
623;626;8.09;0.05;0.08;
623;627;8.34;0.05;0.08;
623;628;4.53;0.05;0.04;
623;630;8.57;0.05;0.13;
624;626;5.47;0.05;0.08;
624;627;5.71;0.05;0.08;
624;628;6.69;0.05;0.04;
624;629;9.18;0.05;0.05;
626;627;3.83;0.08;0.08;
626;628;7.41;0.08;0.04;
627;628;3.79;0.08;0.04;
627;629;6.82;0.08;0.05;
628;629;3.78;0.04;0.05;
628;630;9.07;0.04;0.13;
629;630;6.24;0.05;0.13;
629;631;6.75;0.05;0.02;
630;631;8.41;0.13;0.02;
630;644;9.6;0.13;0.18;
630;646;7.35;0.13;1.05;
631;633;7.1;0.02;0.07;
631;644;6.06;0.02;0.18;
631;646;9.81;0.02;1.05;
633;634;3.76;0.07;0.01;
633;635;7.28;0.07;0.05;
633;641;9.72;0.07;0.06;
633;642;6.26;0.07;0.06;
633;644;8.47;0.07;0.18;
634;635;3.78;0.01;0.05;
634;640;9.9;0.01;0.09;
634;641;9.43;0.01;0.06;
634;642;7.05;0.01;0.06;
635;640;7.9;0.05;0.09;
635;641;8.66;0.05;0.06;
635;642;7.85;0.05;0.06;
640;641;3.88;0.09;0.06;
640;642;6.59;0.09;0.06;
641;642;3.8;0.06;0.06;
641;644;9.51;0.06;0.18;
642;644;6.77;0.06;0.18;
644;646;6.88;0.18;1.05;
