517;518;3.79;0.02;0.02;
517;519;7.1;0.02;0.04;
517;633;9.98;0.02;0.38;
517;634;9.14;0.02;0.24;
517;635;8.08;0.02;0.05;
517;640;6.52;0.02;0.06;
517;641;4.92;0.02;0.06;
517;642;6.47;0.02;0.06;
518;519;3.8;0.02;0.04;
518;633;8.4;0.02;0.38;
518;634;9.06;0.02;0.24;
518;635;9.54;0.02;0.05;
518;640;8.07;0.02;0.06;
518;641;4.79;0.02;0.06;
518;642;4.49;0.02;0.06;
518;644;7.24;0.02;0.11;
519;521;7.18;0.04;0.06;
519;606;7.23;0.04;0.04;
519;617;9.74;0.04;0.01;
519;641;6.74;0.04;0.06;
519;642;6.33;0.04;0.06;
519;644;5.55;0.04;0.11;
519;646;9.73;0.04;0.16;
521;552;9.32;0.06;0.01;
521;604;6.59;0.06;0.02;
521;606;4.38;0.06;0.04;
521;622;9.59;0.06;0.01;
521;644;7.12;0.06;0.11;
521;646;5.79;0.06;0.16;
532;534;6.78;0.02;0.04;
532;559;9.17;0.02;0.04;
532;583;7.18;0.02;0.01;
532;585;4.71;0.02;0.01;
532;587;8.91;0.02;0.01;
532;617;8.11;0.02;0.01;
532;646;7.06;0.02;0.16;
534;536;6.31;0.04;0.03;
534;562;9.57;0.04;0.02;
534;563;9.59;0.04;0.01;
534;579;8.34;0.04;0.01;
534;581;6.96;0.04;0.02;
534;582;5.82;0.04;0.02;
534;583;4.44;0.04;0.01;
534;585;8.86;0.04;0.01;
534;606;9.69;0.04;0.04;
534;617;5.14;0.04;0.01;
536;579;9.82;0.03;0.01;
536;581;4.98;0.03;0.02;
536;582;7.58;0.03;0.02;
536;583;9.19;0.03;0.01;
536;617;7.33;0.03;0.01;
552;554;6.54;0.01;0.01;
552;564;9.66;0.01;0.02;
552;565;5.92;0.01;0.02;
552;581;9.23;0.01;0.02;
552;582;9.78;0.01;0.02;
552;604;8.47;0.01;0.02;
552;606;5.14;0.01;0.04;
554;557;8.14;0.01;0.02;
554;562;9.15;0.01;0.02;
554;563;5.85;0.01;0.01;
554;564;5.71;0.01;0.02;
554;565;4.28;0.01;0.02;
554;581;9.31;0.01;0.02;
554;582;7.2;0.01;0.02;
554;583;7.12;0.01;0.01;
554;604;5.53;0.01;0.02;
554;606;7.95;0.01;0.04;
557;559;6.85;0.02;0.04;
557;560;8.25;0.02;0.03;
557;561;5.54;0.02;0.02;
557;562;5.98;0.02;0.02;
557;563;5.85;0.02;0.01;
557;564;9.26;0.02;0.02;
557;583;8.78;0.02;0.01;
557;585;7.58;0.02;0.01;
557;604;9.31;0.02;0.02;
559;560;3.84;0.04;0.03;
559;561;5.45;0.04;0.02;
559;562;8.22;0.04;0.02;
559;585;4.85;0.04;0.01;
559;587;6.1;0.04;0.01;
559;590;6.66;0.04;0.03;
560;561;3.86;0.03;0.02;
560;562;7.09;0.03;0.02;
560;576;6.74;0.03;0.02;
560;585;5.97;0.03;0.01;
560;587;7.09;0.03;0.01;
560;590;5.15;0.03;0.03;
560;594;8.05;0.03;0.01;
561;562;3.81;0.02;0.02;
561;563;6.98;0.02;0.01;
561;576;6.38;0.02;0.02;
561;583;8.6;0.02;0.01;
561;585;6.28;0.02;0.01;
561;590;8.97;0.02;0.03;
562;563;3.82;0.02;0.01;
562;564;7.12;0.02;0.02;
562;576;6.78;0.02;0.02;
562;579;7.09;0.02;0.01;
562;582;7.11;0.02;0.02;
562;583;5.56;0.02;0.01;
562;585;6.69;0.02;0.01;
563;564;3.78;0.01;0.02;
563;565;6.56;0.01;0.02;
563;579;7.06;0.01;0.01;
563;581;9.08;0.01;0.02;
563;582;5.52;0.01;0.02;
563;583;5.26;0.01;0.01;
563;585;8.78;0.01;0.01;
563;604;9.85;0.01;0.02;
564;565;3.82;0.02;0.02;
564;579;6.44;0.02;0.01;
564;581;6.88;0.02;0.02;
564;582;4.6;0.02;0.02;
564;583;6.72;0.02;0.01;
565;579;9.0;0.02;0.01;
565;581;6.35;0.02;0.02;
565;582;5.6;0.02;0.02;
565;583;7.74;0.02;0.01;
565;604;9.41;0.02;0.02;
565;606;9.05;0.02;0.04;
576;579;9.33;0.02;0.01;
576;585;9.6;0.02;0.01;
576;590;9.86;0.02;0.03;
576;594;8.05;0.02;0.01;
579;581;6.15;0.01;0.02;
579;582;4.46;0.01;0.02;
579;583;6.64;0.01;0.01;
581;582;3.84;0.02;0.02;
581;583;7.12;0.02;0.01;
582;583;3.79;0.02;0.01;
583;585;6.71;0.01;0.01;
583;604;9.24;0.01;0.02;
583;617;9.41;0.01;0.01;
585;587;7.09;0.01;0.01;
585;590;9.34;0.01;0.03;
587;590;5.44;0.01;0.03;
590;594;6.04;0.03;0.01;
604;606;6.75;0.02;0.04;
604;646;9.84;0.02;0.16;
606;644;9.86;0.04;0.11;
606;646;9.51;0.04;0.16;
617;644;9.05;0.01;0.11;
617;646;8.87;0.01;0.16;
622;624;7.06;0.01;0.02;
622;627;8.32;0.01;0.03;
622;628;5.7;0.01;0.04;
622;629;5.14;0.01;0.03;
622;630;8.87;0.01;0.06;
622;631;8.15;0.01;0.03;
622;646;8.58;0.01;0.16;
623;626;8.19;0.02;0.03;
623;627;8.59;0.02;0.03;
623;628;4.6;0.02;0.04;
623;630;8.61;0.02;0.06;
624;626;5.45;0.02;0.03;
624;627;5.74;0.02;0.03;
624;628;6.76;0.02;0.04;
624;629;9.23;0.02;0.03;
626;627;3.81;0.03;0.03;
626;628;7.4;0.03;0.04;
627;628;3.78;0.03;0.04;
627;629;6.8;0.03;0.03;
628;629;3.78;0.04;0.03;
628;630;9.13;0.04;0.06;
629;630;6.33;0.03;0.06;
629;631;6.75;0.03;0.03;
629;646;9.8;0.03;0.16;
630;631;8.62;0.06;0.03;
630;644;9.64;0.06;0.11;
630;646;6.64;0.06;0.16;
631;633;7.12;0.03;0.38;
631;642;9.79;0.03;0.06;
631;644;6.58;0.03;0.11;
631;646;9.51;0.03;0.16;
633;634;3.74;0.38;0.24;
633;635;7.25;0.38;0.05;
633;641;9.39;0.38;0.06;
633;642;6.05;0.38;0.06;
633;644;8.74;0.38;0.11;
634;635;3.77;0.24;0.05;
634;640;9.62;0.24;0.06;
634;641;9.46;0.24;0.06;
634;642;7.31;0.24;0.06;
635;640;8.0;0.05;0.06;
635;641;9.07;0.05;0.06;
635;642;8.47;0.05;0.06;
640;641;3.88;0.06;0.06;
640;642;6.54;0.06;0.06;
641;642;3.8;0.06;0.06;
641;644;9.24;0.06;0.11;
642;644;6.54;0.06;0.11;
644;646;6.02;0.11;0.16;
