1;2;534;562;9.57;0.67;0.54;
1;2;534;563;9.53;0.67;0.56;
1;2;534;565;9.95;0.67;0.59;
1;2;534;606;9.45;0.67;0.74;
1;2;576;560;6.75;0.52;0.62;
1;2;576;561;6.37;0.52;0.6;
1;2;576;562;6.72;0.52;0.54;
1;2;579;562;7.13;0.58;0.54;
1;2;579;563;7.12;0.58;0.56;
1;2;579;564;6.48;0.58;0.58;
1;2;579;565;8.9;0.58;0.59;
1;2;581;552;8.95;0.75;0.68;
1;2;581;554;9.31;0.75;0.61;
1;2;581;563;9.13;0.75;0.56;
1;2;581;564;6.96;0.75;0.58;
1;2;581;565;6.23;0.75;0.59;
1;2;582;552;9.49;0.6;0.68;
1;2;582;554;7.16;0.6;0.61;
1;2;582;562;7.17;0.6;0.54;
1;2;582;563;5.55;0.6;0.56;
1;2;582;564;4.61;0.6;0.58;
1;2;582;565;5.42;0.6;0.59;
1;2;583;554;7.33;0.57;0.61;
1;2;583;557;9.05;0.57;0.67;
1;2;583;561;8.61;0.57;0.6;
1;2;583;562;5.5;0.57;0.54;
1;2;583;563;5.31;0.57;0.56;
1;2;583;564;6.78;0.57;0.58;
1;2;583;565;7.78;0.57;0.59;
1;2;583;604;9.54;0.57;0.81;
1;2;585;557;7.68;0.61;0.67;
1;2;585;559;4.99;0.61;0.69;
1;2;585;560;5.96;0.61;0.62;
1;2;585;561;6.34;0.61;0.6;
1;2;585;562;6.7;0.61;0.54;
1;2;585;563;8.73;0.61;0.56;
1;2;587;559;6.25;0.69;0.69;
1;2;587;560;7.19;0.69;0.62;
1;2;590;559;6.67;0.62;0.69;
1;2;590;560;5.24;0.62;0.62;
1;2;590;561;9.06;0.62;0.6;
1;2;594;560;8.02;0.55;0.62;
1;2;623;626;8.29;0.97;1.2;
1;2;623;627;8.36;0.97;0.93;
1;2;627;624;9.63;0.93;1.09;
1;2;627;626;5.61;0.93;1.2;
1;2;627;627;4.54;0.93;0.93;
1;2;627;628;7.33;0.93;0.9;
1;2;627;629;9.02;0.93;0.82;
1;2;628;622;9.42;0.9;0.83;
1;2;628;624;8.57;0.9;1.09;
1;2;628;626;6.64;0.9;1.2;
1;2;628;627;4.73;0.9;0.93;
1;2;628;628;6.26;0.9;0.9;
1;2;628;629;6.67;0.9;0.82;
1;2;630;622;8.8;0.88;0.83;
1;2;630;628;9.19;0.88;0.9;
1;2;630;629;6.45;0.88;0.82;
1;2;630;631;8.43;0.88;0.92;
1;2;632;631;8.78;1.0;0.92;
1;2;640;517;6.55;3.97;0.83;
1;2;640;518;8.36;3.97;0.83;
1;2;640;635;8.02;3.97;1.43;
1;2;641;517;4.74;4.27;0.83;
1;2;641;518;5.01;4.27;0.83;
1;2;641;519;7.47;4.27;0.86;
1;2;641;633;9.9;4.27;1.1;
1;2;641;634;9.53;4.27;1.18;
1;2;641;635;8.67;4.27;1.43;
1;2;642;517;6.16;4.59;0.83;
1;2;642;518;4.64;4.59;0.83;
1;2;642;519;7.16;4.59;0.86;
1;2;642;633;6.26;4.59;1.1;
1;2;642;634;6.75;4.59;1.18;
1;2;642;635;7.36;4.59;1.43;
1;2;644;518;6.72;4.71;0.83;
1;2;644;519;5.51;4.71;0.86;
1;2;644;521;7.68;4.71;1.11;
1;2;644;631;6.38;4.71;0.92;
1;2;644;633;8.08;4.71;1.1;
1;2;645;518;9.13;6.01;0.83;
1;2;645;519;6.61;6.01;0.86;
1;2;645;521;5.98;6.01;1.11;
1;2;645;606;8.32;6.01;0.74;
1;2;645;631;8.94;6.01;0.92;
1;2;646;519;9.19;6.64;0.86;
1;2;646;521;4.76;6.64;1.11;
1;2;646;604;8.86;6.64;0.81;
1;2;646;606;7.83;6.64;0.74;
2;3;534;562;9.61;0.67;0.54;
2;3;534;563;9.56;0.67;0.56;
2;3;534;565;9.97;0.67;0.59;
2;3;534;606;9.43;0.67;0.74;
2;3;576;560;6.76;0.52;0.62;
2;3;576;561;6.32;0.52;0.6;
2;3;576;562;6.66;0.52;0.54;
2;3;579;562;7.12;0.58;0.54;
2;3;579;563;7.07;0.58;0.56;
2;3;579;564;6.4;0.58;0.58;
2;3;579;565;8.82;0.58;0.59;
2;3;581;552;8.89;0.75;0.68;
2;3;581;554;9.27;0.75;0.61;
2;3;581;563;9.13;0.75;0.56;
2;3;581;564;6.96;0.75;0.58;
2;3;581;565;6.21;0.75;0.59;
2;3;583;554;6.96;0.57;0.61;
2;3;583;557;8.76;0.57;0.67;
2;3;583;561;8.51;0.57;0.6;
2;3;583;562;5.44;0.57;0.54;
2;3;583;563;5.08;0.57;0.56;
2;3;583;564;6.62;0.57;0.58;
2;3;583;565;7.59;0.57;0.59;
2;3;583;604;9.18;0.57;0.81;
2;3;585;557;7.68;0.61;0.67;
2;3;585;559;4.98;0.61;0.69;
2;3;585;560;5.97;0.61;0.62;
2;3;585;561;6.33;0.61;0.6;
2;3;585;562;6.68;0.61;0.54;
2;3;585;563;8.7;0.61;0.56;
2;3;587;559;6.22;0.69;0.69;
2;3;587;560;7.13;0.69;0.62;
2;3;590;559;6.66;0.62;0.69;
2;3;590;560;5.19;0.62;0.62;
2;3;590;561;9.0;0.62;0.6;
2;3;594;560;7.99;0.55;0.62;
2;3;623;626;8.34;0.97;1.2;
2;3;623;627;8.39;0.97;0.93;
2;3;627;624;9.61;0.93;1.09;
2;3;627;626;5.58;0.93;1.2;
2;3;627;627;4.53;0.93;0.93;
2;3;627;628;7.33;0.93;0.9;
2;3;627;629;9.05;0.93;0.82;
2;3;628;622;9.41;0.9;0.83;
2;3;628;624;8.58;0.9;1.09;
2;3;628;626;6.63;0.9;1.2;
2;3;628;627;4.71;0.9;0.93;
2;3;628;628;6.25;0.9;0.9;
2;3;628;629;6.69;0.9;0.82;
2;3;630;622;8.81;0.88;0.83;
2;3;630;628;9.14;0.88;0.9;
2;3;630;629;6.4;0.88;0.82;
2;3;630;631;8.43;0.88;0.92;
2;3;632;631;8.69;1.0;0.92;
2;3;640;517;6.53;3.97;0.83;
2;3;640;518;8.37;3.97;0.83;
2;3;640;635;7.93;3.97;1.43;
2;3;641;517;4.72;4.27;0.83;
2;3;641;518;5.01;4.27;0.83;
2;3;641;519;7.44;4.27;0.86;
2;3;641;633;9.81;4.27;1.1;
2;3;641;634;9.44;4.27;1.18;
2;3;641;635;8.6;4.27;1.43;
2;3;642;517;6.1;4.59;0.83;
2;3;642;518;4.59;4.59;0.83;
2;3;642;519;7.12;4.59;0.86;
2;3;642;633;6.16;4.59;1.1;
2;3;642;634;6.66;4.59;1.18;
2;3;642;635;7.3;4.59;1.43;
2;3;644;518;6.73;4.71;0.83;
2;3;644;519;5.5;4.71;0.86;
2;3;644;521;7.72;4.71;1.11;
2;3;644;631;6.35;4.71;0.92;
2;3;644;633;8.09;4.71;1.1;
2;3;646;519;8.9;6.64;0.86;
2;3;646;521;4.23;6.64;1.11;
2;3;646;604;8.59;6.64;0.81;
2;3;646;606;7.69;6.64;0.74;
2;3;646;622;9.17;6.64;0.83;
2;3;646;631;9.97;6.64;0.92;
3;4;532;521;9.82;0.67;1.11;
3;4;532;559;9.22;0.67;0.69;
3;4;534;554;9.99;0.67;0.61;
3;4;534;562;9.58;0.67;0.54;
3;4;534;563;9.52;0.67;0.56;
3;4;534;565;9.93;0.67;0.59;
3;4;534;606;9.39;0.67;0.74;
3;4;576;560;6.72;0.52;0.62;
3;4;576;561;6.29;0.52;0.6;
3;4;576;562;6.65;0.52;0.54;
3;4;579;562;7.12;0.58;0.54;
3;4;579;563;7.08;0.58;0.56;
3;4;579;564;6.4;0.58;0.58;
3;4;579;565;8.84;0.58;0.59;
3;4;581;552;8.91;0.75;0.68;
3;4;581;554;9.26;0.75;0.61;
3;4;581;563;9.13;0.75;0.56;
3;4;581;564;6.93;0.75;0.58;
3;4;581;565;6.2;0.75;0.59;
3;4;582;552;9.48;0.6;0.68;
3;4;582;554;7.13;0.6;0.61;
3;4;582;562;7.18;0.6;0.54;
3;4;582;563;5.56;0.6;0.56;
3;4;582;564;4.59;0.6;0.58;
3;4;582;565;5.41;0.6;0.59;
3;4;583;554;7.1;0.57;0.61;
3;4;583;557;8.92;0.57;0.67;
3;4;583;561;8.58;0.57;0.6;
3;4;583;562;5.49;0.57;0.54;
3;4;583;563;5.19;0.57;0.56;
3;4;583;564;6.67;0.57;0.58;
3;4;583;565;7.66;0.57;0.59;
3;4;583;604;9.32;0.57;0.81;
3;4;585;557;7.66;0.61;0.67;
3;4;585;559;4.97;0.61;0.69;
3;4;585;560;5.98;0.61;0.62;
3;4;585;561;6.32;0.61;0.6;
3;4;585;562;6.69;0.61;0.54;
3;4;585;563;8.7;0.61;0.56;
3;4;587;559;6.19;0.69;0.69;
3;4;587;560;7.13;0.69;0.62;
3;4;590;559;6.63;0.62;0.69;
3;4;590;560;5.19;0.62;0.62;
3;4;590;561;9.01;0.62;0.6;
3;4;594;560;7.96;0.55;0.62;
3;4;623;626;8.2;0.97;1.2;
3;4;623;627;8.37;0.97;0.93;
3;4;627;624;9.6;0.93;1.09;
3;4;627;626;5.56;0.93;1.2;
3;4;627;627;4.54;0.93;0.93;
3;4;627;628;7.33;0.93;0.9;
3;4;627;629;9.01;0.93;0.82;
3;4;628;622;9.42;0.9;0.83;
3;4;628;624;8.55;0.9;1.09;
3;4;628;626;6.6;0.9;1.2;
3;4;628;627;4.76;0.9;0.93;
3;4;628;628;6.26;0.9;0.9;
3;4;628;629;6.67;0.9;0.82;
3;4;630;622;8.8;0.88;0.83;
3;4;630;628;9.17;0.88;0.9;
3;4;630;629;6.41;0.88;0.82;
3;4;630;631;8.41;0.88;0.92;
3;4;640;517;6.41;3.97;0.83;
3;4;640;518;8.21;3.97;0.83;
3;4;640;635;7.99;3.97;1.43;
3;4;641;517;4.7;4.27;0.83;
3;4;641;518;4.89;4.27;0.83;
3;4;641;519;7.34;4.27;0.86;
3;4;641;633;9.76;4.27;1.1;
3;4;641;634;9.48;4.27;1.18;
3;4;641;635;8.77;4.27;1.43;
3;4;642;517;6.14;4.59;0.83;
3;4;642;518;4.46;4.59;0.83;
3;4;642;519;6.92;4.59;0.86;
3;4;642;633;6.15;4.59;1.1;
3;4;642;634;6.81;4.59;1.18;
3;4;642;635;7.59;4.59;1.43;
3;4;644;518;6.84;4.71;0.83;
3;4;644;519;5.45;4.71;0.86;
3;4;644;521;7.4;4.71;1.11;
3;4;644;606;9.88;4.71;0.74;
3;4;644;631;6.34;4.71;0.92;
3;4;644;633;8.22;4.71;1.1;
3;4;645;518;9.31;6.01;0.83;
3;4;645;519;6.65;6.01;0.86;
3;4;645;521;5.46;6.01;1.11;
3;4;645;606;8.0;6.01;0.74;
3;4;645;631;9.0;6.01;0.92;
3;4;646;519;9.75;6.64;0.86;
3;4;646;521;5.15;6.64;1.11;
3;4;646;604;9.44;6.64;0.81;
3;4;646;606;8.82;6.64;0.74;
3;4;646;622;8.99;6.64;0.83;
3;4;646;631;9.63;6.64;0.92;
1;4;517;640;6.57;0.83;3.97;
1;4;517;641;4.74;0.83;4.27;
1;4;517;642;6.13;0.83;4.59;
1;4;518;640;8.37;0.83;3.97;
1;4;518;641;5.0;0.83;4.27;
1;4;518;642;4.6;0.83;4.59;
1;4;518;644;6.76;0.83;4.71;
1;4;518;645;9.38;0.83;6.01;
1;4;519;641;7.46;0.86;4.27;
1;4;519;642;7.14;0.86;4.59;
1;4;519;644;5.52;0.86;4.71;
1;4;519;645;6.83;0.86;6.01;
1;4;519;646;9.15;0.86;6.64;
1;4;521;644;7.68;1.11;4.71;
1;4;521;645;6.05;1.11;6.01;
1;4;521;646;4.53;1.11;6.64;
1;4;552;581;8.9;0.68;0.75;
1;4;552;582;9.44;0.68;0.6;
1;4;554;581;9.29;0.61;0.75;
1;4;554;582;7.13;0.61;0.6;
1;4;554;583;7.36;0.61;0.57;
1;4;557;583;9.09;0.67;0.57;
1;4;557;585;7.68;0.67;0.61;
1;4;559;585;4.97;0.69;0.61;
1;4;559;587;6.25;0.69;0.69;
1;4;559;590;6.65;0.69;0.62;
1;4;560;576;6.76;0.62;0.52;
1;4;560;585;5.96;0.62;0.61;
1;4;560;587;7.16;0.62;0.69;
1;4;560;590;5.17;0.62;0.62;
1;4;560;594;7.99;0.62;0.55;
1;4;561;576;6.32;0.6;0.52;
1;4;561;583;8.61;0.6;0.57;
1;4;561;585;6.34;0.6;0.61;
1;4;561;590;8.99;0.6;0.62;
1;4;562;534;9.6;0.54;0.67;
1;4;562;576;6.66;0.54;0.52;
1;4;562;579;7.13;0.54;0.58;
1;4;562;582;7.19;0.54;0.6;
1;4;562;583;5.51;0.54;0.57;
1;4;562;585;6.7;0.54;0.61;
1;4;563;534;9.52;0.56;0.67;
1;4;563;579;7.1;0.56;0.58;
1;4;563;581;9.13;0.56;0.75;
1;4;563;582;5.55;0.56;0.6;
1;4;563;583;5.3;0.56;0.57;
1;4;563;585;8.71;0.56;0.61;
1;4;564;579;6.41;0.58;0.58;
1;4;564;581;6.95;0.58;0.75;
1;4;564;582;4.57;0.58;0.6;
1;4;564;583;6.75;0.58;0.57;
1;4;565;534;9.93;0.59;0.67;
1;4;565;579;8.84;0.59;0.58;
1;4;565;581;6.2;0.59;0.75;
1;4;565;582;5.37;0.59;0.6;
1;4;565;583;7.77;0.59;0.57;
1;4;604;583;9.64;0.81;0.57;
1;4;604;646;8.63;0.81;6.64;
1;4;606;534;9.38;0.74;0.67;
1;4;606;645;8.48;0.74;6.01;
1;4;606;646;7.85;0.74;6.64;
1;4;622;628;9.41;0.83;0.9;
1;4;622;630;8.84;0.83;0.88;
1;4;622;646;9.21;0.83;6.64;
1;4;624;627;9.58;1.09;0.93;
1;4;624;628;8.56;1.09;0.9;
1;4;626;623;8.35;1.2;0.97;
1;4;626;627;5.57;1.2;0.93;
1;4;626;628;6.65;1.2;0.9;
1;4;627;623;8.38;0.93;0.97;
1;4;627;627;4.51;0.93;0.93;
1;4;627;628;4.72;0.93;0.9;
1;4;628;627;7.31;0.9;0.93;
1;4;628;628;6.25;0.9;0.9;
1;4;628;630;9.18;0.9;0.88;
1;4;629;627;9.03;0.82;0.93;
1;4;629;628;6.68;0.82;0.9;
1;4;629;630;6.44;0.82;0.88;
1;4;631;630;8.41;0.92;0.88;
1;4;631;644;6.34;0.92;4.71;
1;4;631;645;8.76;0.92;6.01;
1;4;633;641;9.76;1.1;4.27;
1;4;633;642;6.12;1.1;4.59;
1;4;633;644;8.16;1.1;4.71;
1;4;634;640;9.92;1.18;3.97;
1;4;634;641;9.34;1.18;4.27;
1;4;634;642;6.58;1.18;4.59;
1;4;635;640;7.84;1.43;3.97;
1;4;635;641;8.54;1.43;4.27;
1;4;635;642;7.29;1.43;4.59;
