1;2;519;534;9.94;2.66;2.03;
1;2;519;536;7.58;2.66;2.87;
1;2;519;617;8.32;2.66;2.57;
1;2;521;532;7.77;2.78;2.14;
1;2;521;534;8.6;2.78;2.03;
1;2;521;617;8.34;2.78;2.57;
1;2;521;619;7.8;2.78;2.86;
1;2;552;534;8.75;1.51;2.03;
1;2;552;536;9.76;1.51;2.87;
1;2;552;579;8.75;1.51;1.27;
1;2;552;580;8.84;1.51;1.75;
1;2;552;581;6.44;1.51;2.24;
1;2;552;582;5.06;1.51;1.56;
1;2;552;583;6.98;1.51;1.67;
1;2;552;584;9.95;1.51;1.28;
1;2;554;532;9.74;1.91;2.14;
1;2;554;534;9.26;1.91;2.03;
1;2;554;579;9.11;1.91;1.27;
1;2;554;582;6.94;1.91;1.56;
1;2;554;583;5.72;1.91;1.67;
1;2;554;584;6.12;1.91;1.28;
1;2;554;585;7.56;1.91;1.6;
1;2;557;584;7.91;2.67;1.28;
1;2;557;585;6.62;2.67;1.6;
1;2;557;587;9.48;2.67;1.47;
1;2;557;590;8.87;2.67;1.21;
1;2;559;532;9.07;4.42;2.14;
1;2;559;584;8.6;4.42;1.28;
1;2;559;585;5.42;4.42;1.6;
1;2;559;587;4.36;4.42;1.47;
1;2;559;590;6.33;4.42;1.21;
1;2;560;532;9.99;4.39;2.14;
1;2;560;576;9.81;4.39;1.07;
1;2;560;584;8.29;4.39;1.28;
1;2;560;585;6.24;4.39;1.6;
1;2;560;587;4.24;4.39;1.47;
1;2;560;590;3.56;4.39;1.21;
1;2;560;594;7.56;4.39;1.01;
1;2;561;576;7.99;2.41;1.07;
1;2;561;584;7.87;2.41;1.28;
1;2;561;585;6.99;2.41;1.6;
1;2;561;587;7.75;2.41;1.47;
1;2;561;590;4.94;2.41;1.21;
1;2;561;594;6.97;2.41;1.01;
1;2;562;576;5.54;2.33;1.07;
1;2;562;577;7.8;2.33;1.03;
1;2;562;583;8.25;2.33;1.67;
1;2;562;584;5.12;2.33;1.28;
1;2;562;585;6.02;2.33;1.6;
1;2;562;587;9.55;2.33;1.47;
1;2;562;590;8.03;2.33;1.21;
1;2;562;594;8.3;2.33;1.01;
1;2;563;576;7.03;2.0;1.07;
1;2;563;577;7.97;2.0;1.03;
1;2;563;579;8.28;2.0;1.27;
1;2;563;582;8.32;2.0;1.56;
1;2;563;583;6.41;2.0;1.67;
1;2;563;584;4.72;2.0;1.28;
1;2;563;585;6.67;2.0;1.6;
1;2;564;576;6.8;1.81;1.07;
1;2;564;577;6.6;1.81;1.03;
1;2;564;579;5.75;1.81;1.27;
1;2;564;580;9.2;1.81;1.75;
1;2;564;582;7.15;1.81;1.56;
1;2;564;583;6.98;1.81;1.67;
1;2;564;584;6.86;1.81;1.28;
1;2;564;585;9.82;1.81;1.6;
1;2;565;534;9.12;1.71;2.03;
1;2;565;576;9.92;1.71;1.07;
1;2;565;577;8.81;1.71;1.03;
1;2;565;579;5.38;1.71;1.27;
1;2;565;580;7.71;1.71;1.75;
1;2;565;581;7.71;1.71;2.24;
1;2;565;582;4.53;1.71;1.56;
1;2;565;583;5.5;1.71;1.67;
1;2;565;584;7.12;1.71;1.28;
1;2;567;579;8.06;1.03;1.27;
1;2;567;580;7.7;1.03;1.75;
1;2;567;581;6.57;1.03;2.24;
1;2;567;582;6.52;1.03;1.56;
1;2;567;583;9.64;1.03;1.67;
1;2;570;580;9.75;1.2;1.75;
1;2;570;581;7.71;1.2;2.24;
1;2;604;532;8.17;1.97;2.14;
1;2;604;583;8.27;1.97;1.67;
1;2;604;584;8.46;1.97;1.28;
1;2;604;585;7.68;1.97;1.6;
1;2;606;532;9.48;1.56;2.14;
1;2;606;534;6.97;1.56;2.03;
1;2;606;536;8.38;1.56;2.87;
1;2;606;581;8.64;1.56;2.24;
1;2;606;582;7.35;1.56;1.56;
1;2;606;583;7.32;1.56;1.67;
1;2;606;617;9.14;1.56;2.57;
1;2;626;628;8.81;5.35;5.42;
1;2;640;634;7.7;8.89;7.36;
1;2;640;636;5.13;8.89;7.65;
1;2;640;637;7.47;8.89;7.99;
1;2;641;615;9.21;8.74;2.85;
1;2;641;617;9.86;8.74;2.57;
1;2;641;634;6.02;8.74;7.36;
1;2;641;636;6.44;8.74;7.65;
1;2;641;637;8.94;8.74;7.99;
1;2;643;617;7.64;9.22;2.57;
1;2;643;619;9.07;9.22;2.86;
1;2;643;632;6.29;9.22;6.84;
1;2;643;634;4.35;9.22;7.36;
1;2;643;636;9.24;9.22;7.65;
1;2;645;619;7.15;10.57;2.86;
1;2;645;621;9.96;10.57;2.79;
1;2;645;630;7.08;10.57;5.87;
1;2;645;632;4.2;10.57;6.84;
1;2;645;634;8.47;10.57;7.36;
1;2;646;532;9.47;11.52;2.14;
1;2;646;619;6.08;11.52;2.86;
1;2;646;621;7.53;11.52;2.79;
1;2;646;630;5.98;11.52;5.87;
1;2;646;632;6.16;11.52;6.84;
2;3;521;532;8.57;2.78;2.14;
2;3;521;534;9.42;2.78;2.03;
2;3;521;617;9.2;2.78;2.57;
2;3;521;618;9.46;2.78;2.19;
2;3;521;619;8.22;2.78;2.86;
2;3;523;532;9.48;4.34;2.14;
2;3;552;534;9.4;1.51;2.03;
2;3;552;536;9.86;1.51;2.87;
2;3;552;581;6.98;1.51;2.24;
2;3;552;583;8.0;1.51;1.67;
2;3;554;534;9.49;1.91;2.03;
2;3;554;579;9.58;1.91;1.27;
2;3;554;581;9.83;1.91;2.24;
2;3;554;583;6.03;1.91;1.67;
2;3;554;585;8.74;1.91;1.6;
2;3;557;583;9.76;2.67;1.67;
2;3;557;585;7.09;2.67;1.6;
2;3;559;532;9.17;4.42;2.14;
2;3;559;585;5.22;4.42;1.6;
2;3;559;587;4.97;4.42;1.47;
2;3;559;590;5.93;4.42;1.21;
2;3;560;532;9.96;4.39;2.14;
2;3;560;576;7.48;4.39;1.07;
2;3;560;585;5.87;4.39;1.6;
2;3;560;587;5.82;4.39;1.47;
2;3;560;590;4.18;4.39;1.21;
2;3;560;594;7.09;4.39;1.01;
2;3;562;576;4.89;2.33;1.07;
2;3;562;577;6.6;2.33;1.03;
2;3;562;579;8.46;2.33;1.27;
2;3;562;583;7.1;2.33;1.67;
2;3;562;585;6.77;2.33;1.6;
2;3;562;590;9.99;2.33;1.21;
2;3;563;576;8.1;2.0;1.07;
2;3;563;577;8.69;2.0;1.03;
2;3;563;579;7.91;2.0;1.27;
2;3;563;583;6.01;2.0;1.67;
2;3;563;585;7.45;2.0;1.6;
2;3;564;576;9.06;1.81;1.07;
2;3;564;577;8.42;1.81;1.03;
2;3;564;579;5.82;1.81;1.27;
2;3;564;581;9.28;1.81;2.24;
2;3;564;583;6.95;1.81;1.67;
2;3;565;534;9.45;1.71;2.03;
2;3;565;579;6.46;1.71;1.27;
2;3;565;581;6.99;1.71;2.24;
2;3;565;583;6.18;1.71;1.67;
2;3;570;581;9.73;1.2;2.24;
2;3;604;532;8.92;1.97;2.14;
2;3;604;583;8.69;1.97;1.67;
2;3;604;585;8.51;1.97;1.6;
2;3;606;534;7.82;1.56;2.03;
2;3;606;536;9.16;1.56;2.87;
2;3;606;581;9.12;1.56;2.24;
2;3;606;583;8.17;1.56;1.67;
2;3;606;617;9.81;1.56;2.57;
2;3;626;628;8.0;5.35;5.42;
2;3;629;630;8.72;5.67;5.87;
2;3;631;632;8.93;6.17;6.84;
2;3;640;634;7.89;8.89;7.36;
2;3;640;637;7.89;8.89;7.99;
2;3;641;617;9.23;8.74;2.57;
2;3;641;633;9.79;8.74;6.75;
2;3;641;634;6.99;8.74;7.36;
2;3;643;617;7.02;9.22;2.57;
2;3;643;618;8.01;9.22;2.19;
2;3;643;619;8.27;9.22;2.86;
2;3;643;632;6.37;9.22;6.84;
2;3;643;633;5.42;9.22;6.75;
2;3;643;634;4.85;9.22;7.36;
2;3;645;532;9.39;10.57;2.14;
2;3;645;617;8.77;10.57;2.57;
2;3;645;618;7.38;10.57;2.19;
2;3;645;619;5.01;10.57;2.86;
2;3;645;621;8.19;10.57;2.79;
2;3;645;630;6.58;10.57;5.87;
2;3;645;632;4.55;10.57;6.84;
2;3;645;633;5.96;10.57;6.75;
2;3;645;634;8.32;10.57;7.36;
2;3;646;532;9.57;11.52;2.14;
2;3;646;618;9.73;11.52;2.19;
2;3;646;619;6.57;11.52;2.86;
2;3;646;621;7.33;11.52;2.79;
2;3;646;630;6.25;11.52;5.87;
2;3;646;632;7.56;11.52;6.84;
2;3;646;633;9.72;11.52;6.75;
3;4;521;534;9.49;2.78;2.03;
3;4;521;617;9.88;2.78;2.57;
3;4;552;536;9.58;1.51;2.87;
3;4;552;581;6.66;1.51;2.24;
3;4;552;583;8.96;1.51;1.67;
3;4;554;534;9.43;1.91;2.03;
3;4;554;579;9.05;1.91;1.27;
3;4;554;581;8.82;1.91;2.24;
3;4;554;583;5.97;1.91;1.67;
3;4;554;585;9.9;1.91;1.6;
3;4;557;583;8.91;2.67;1.67;
3;4;557;585;7.14;2.67;1.6;
3;4;559;585;4.95;4.42;1.6;
3;4;559;590;5.92;4.42;1.21;
3;4;560;576;6.74;4.39;1.07;
3;4;560;577;9.82;4.39;1.03;
3;4;560;585;5.96;4.39;1.6;
3;4;560;590;4.46;4.39;1.21;
3;4;560;594;7.16;4.39;1.01;
3;4;561;576;5.86;2.41;1.07;
3;4;561;577;8.6;2.41;1.03;
3;4;561;583;9.33;2.41;1.67;
3;4;561;585;6.8;2.41;1.6;
3;4;561;590;7.71;2.41;1.21;
3;4;561;594;8.84;2.41;1.01;
3;4;562;576;5.19;2.33;1.07;
3;4;562;577;6.15;2.33;1.03;
3;4;562;579;7.45;2.33;1.27;
3;4;562;583;6.46;2.33;1.67;
3;4;562;585;7.05;2.33;1.6;
3;4;563;534;9.69;2.0;2.03;
3;4;563;576;8.63;2.0;1.07;
3;4;563;577;8.5;2.0;1.03;
3;4;563;579;6.87;2.0;1.27;
3;4;563;581;9.92;2.0;2.24;
3;4;563;583;5.4;2.0;1.67;
3;4;563;585;8.19;2.0;1.6;
3;4;564;577;8.81;1.81;1.03;
3;4;564;579;5.23;1.81;1.27;
3;4;564;581;8.28;1.81;2.24;
3;4;564;583;7.0;1.81;1.67;
3;4;565;534;9.74;1.71;2.03;
3;4;565;579;6.41;1.71;1.27;
3;4;565;581;6.04;1.71;2.24;
3;4;565;583;6.86;1.71;1.67;
3;4;604;583;8.13;1.97;1.67;
3;4;604;585;9.3;1.97;1.6;
3;4;606;534;8.29;1.56;2.03;
3;4;606;536;8.64;1.56;2.87;
3;4;606;581;8.58;1.56;2.24;
3;4;606;583;8.68;1.56;1.67;
3;4;626;628;8.81;5.35;5.42;
3;4;631;632;9.75;6.17;6.84;
3;4;640;634;9.26;8.89;7.36;
3;4;640;637;9.15;8.89;7.99;
3;4;641;634;8.41;8.74;7.36;
3;4;642;632;9.69;8.35;6.84;
3;4;642;634;6.43;8.35;7.36;
3;4;643;617;7.84;9.22;2.57;
3;4;643;619;9.5;9.22;2.86;
3;4;643;632;7.68;9.22;6.84;
3;4;643;634;6.35;9.22;7.36;
3;4;645;617;8.89;10.57;2.57;
3;4;645;619;6.44;10.57;2.86;
3;4;645;630;8.57;10.57;5.87;
3;4;645;632;6.03;10.57;6.84;
3;4;645;634;9.14;10.57;7.36;
3;4;646;619;8.09;11.52;2.86;
3;4;646;621;9.11;11.52;2.79;
3;4;646;630;7.49;11.52;5.87;
3;4;646;632;7.97;11.52;6.84;
4;5;552;536;9.74;1.51;2.87;
4;5;552;581;7.37;1.51;2.24;
4;5;552;582;7.65;1.51;1.56;
4;5;552;583;9.19;1.51;1.67;
4;5;554;534;9.42;1.91;2.03;
4;5;554;581;9.19;1.91;2.24;
4;5;554;582;6.54;1.91;1.56;
4;5;554;583;6.16;1.91;1.67;
4;5;554;585;9.67;1.91;1.6;
4;5;557;583;8.97;2.67;1.67;
4;5;557;585;7.03;2.67;1.6;
4;5;559;532;8.63;4.42;2.14;
4;5;559;585;4.8;4.42;1.6;
4;5;559;587;5.3;4.42;1.47;
4;5;559;590;6.83;4.42;1.21;
4;5;560;532;9.92;4.39;2.14;
4;5;560;576;8.08;4.39;1.07;
4;5;560;585;5.77;4.39;1.6;
4;5;560;587;5.82;4.39;1.47;
4;5;560;590;4.39;4.39;1.21;
4;5;560;594;7.86;4.39;1.01;
4;5;562;532;9.97;2.33;2.14;
4;5;562;534;9.78;2.33;2.03;
4;5;562;576;5.86;2.33;1.07;
4;5;562;579;7.79;2.33;1.27;
4;5;562;582;7.8;2.33;1.56;
4;5;562;583;5.92;2.33;1.67;
4;5;562;585;6.35;2.33;1.6;
4;5;563;534;9.57;2.0;2.03;
4;5;563;576;9.13;2.0;1.07;
4;5;563;579;7.55;2.0;1.27;
4;5;563;581;9.94;2.0;2.24;
4;5;563;582;6.19;2.0;1.56;
4;5;563;583;5.23;2.0;1.67;
4;5;563;585;7.81;2.0;1.6;
4;5;564;579;5.72;1.81;1.27;
4;5;564;581;8.02;1.81;2.24;
4;5;564;582;5.0;1.81;1.56;
4;5;564;583;6.48;1.81;1.67;
4;5;565;534;9.46;1.71;2.03;
4;5;565;579;7.29;1.71;1.27;
4;5;565;581;6.25;1.71;2.24;
4;5;565;582;4.38;1.71;1.56;
4;5;565;583;6.54;1.71;1.67;
4;5;604;532;9.75;1.97;2.14;
4;5;604;583;8.93;1.97;1.67;
4;5;604;585;9.57;1.97;1.6;
4;5;606;534;8.81;1.56;2.03;
4;5;606;536;9.36;1.56;2.87;
4;5;606;581;9.63;1.56;2.24;
4;5;606;582;9.64;1.56;1.56;
4;5;606;583;9.39;1.56;1.67;
4;5;641;634;8.12;8.74;7.36;
4;5;643;617;7.3;9.22;2.57;
4;5;643;619;9.29;9.22;2.86;
4;5;643;632;7.57;9.22;6.84;
4;5;643;634;6.42;9.22;7.36;
4;5;645;532;8.56;10.57;2.14;
4;5;645;617;7.58;10.57;2.57;
4;5;645;619;5.44;10.57;2.86;
4;5;645;621;9.81;10.57;2.79;
4;5;645;630;8.97;10.57;5.87;
4;5;645;632;5.6;10.57;6.84;
4;5;645;634;8.79;10.57;7.36;
4;5;646;532;8.36;11.52;2.14;
4;5;646;619;5.61;11.52;2.86;
4;5;646;621;7.09;11.52;2.79;
4;5;646;630;6.61;11.52;5.87;
4;5;646;632;6.67;11.52;6.84;
5;6;521;532;9.05;2.78;2.14;
5;6;521;534;9.49;2.78;2.03;
5;6;521;617;9.55;2.78;2.57;
5;6;521;618;9.99;2.78;2.19;
5;6;521;619;8.87;2.78;2.86;
5;6;523;532;9.85;4.34;2.14;
5;6;552;534;9.49;1.51;2.03;
5;6;552;536;9.76;1.51;2.87;
5;6;552;581;6.91;1.51;2.24;
5;6;552;583;8.1;1.51;1.67;
5;6;554;534;9.47;1.91;2.03;
5;6;554;579;9.54;1.91;1.27;
5;6;554;581;9.7;1.91;2.24;
5;6;554;583;6.01;1.91;1.67;
5;6;554;585;8.76;1.91;1.6;
5;6;557;583;9.67;2.67;1.67;
5;6;557;585;7.01;2.67;1.6;
5;6;559;532;8.94;4.42;2.14;
5;6;559;585;5.1;4.42;1.6;
5;6;559;587;4.91;4.42;1.47;
5;6;559;590;6.2;4.42;1.21;
5;6;560;532;9.81;4.39;2.14;
5;6;560;576;7.71;4.39;1.07;
5;6;560;585;5.79;4.39;1.6;
5;6;560;587;5.61;4.39;1.47;
5;6;560;590;4.14;4.39;1.21;
5;6;560;594;7.17;4.39;1.01;
5;6;562;576;4.95;2.33;1.07;
5;6;562;577;6.74;2.33;1.03;
5;6;562;579;8.44;2.33;1.27;
5;6;562;583;7.04;2.33;1.67;
5;6;562;585;6.7;2.33;1.6;
5;6;562;590;9.81;2.33;1.21;
5;6;562;594;9.75;2.33;1.01;
5;6;563;576;8.07;2.0;1.07;
5;6;563;577;8.74;2.0;1.03;
5;6;563;579;7.86;2.0;1.27;
5;6;563;583;5.92;2.0;1.67;
5;6;563;585;7.39;2.0;1.6;
5;6;564;576;8.94;1.81;1.07;
5;6;564;577;8.38;1.81;1.03;
5;6;564;579;5.74;1.81;1.27;
5;6;564;581;9.1;1.81;2.24;
5;6;564;583;6.88;1.81;1.67;
5;6;565;534;9.46;1.71;2.03;
5;6;565;579;6.44;1.71;1.27;
5;6;565;581;6.81;1.71;2.24;
5;6;565;583;6.26;1.71;1.67;
5;6;604;532;8.99;1.97;2.14;
5;6;604;583;8.6;1.97;1.67;
5;6;604;585;8.56;1.97;1.6;
5;6;606;534;7.92;1.56;2.03;
5;6;606;536;9.02;1.56;2.87;
5;6;606;581;9.04;1.56;2.24;
5;6;606;583;8.27;1.56;1.67;
5;6;606;617;9.97;1.56;2.57;
5;6;624;628;9.95;4.52;5.42;
5;6;626;628;8.1;5.35;5.42;
5;6;629;630;8.23;5.67;5.87;
5;6;631;632;9.25;6.17;6.84;
5;6;640;615;9.77;8.89;2.85;
5;6;640;634;8.6;8.89;7.36;
5;6;640;637;8.03;8.89;7.99;
5;6;641;615;8.82;8.74;2.85;
5;6;641;617;8.73;8.74;2.57;
5;6;641;634;7.18;8.74;7.36;
5;6;641;637;9.78;8.74;7.99;
5;6;642;617;9.41;8.35;2.57;
5;6;642;632;8.31;8.35;6.84;
5;6;642;634;5.13;8.35;7.36;
5;6;643;617;6.4;9.22;2.57;
5;6;643;618;7.73;9.22;2.19;
5;6;643;619;8.32;9.22;2.86;
5;6;643;632;6.75;9.22;6.84;
5;6;643;634;5.23;9.22;7.36;
5;6;645;532;8.95;10.57;2.14;
5;6;645;617;7.97;10.57;2.57;
5;6;645;618;6.49;10.57;2.19;
5;6;645;619;4.41;10.57;2.86;
5;6;645;620;7.14;10.57;2.56;
5;6;645;621;8.33;10.57;2.79;
5;6;645;630;6.88;10.57;5.87;
5;6;645;631;6.09;10.57;6.17;
5;6;645;632;4.07;10.57;6.84;
5;6;645;634;7.61;10.57;7.36;
5;6;646;532;8.15;11.52;2.14;
5;6;646;618;7.98;11.52;2.19;
5;6;646;619;4.34;11.52;2.86;
5;6;646;620;5.3;11.52;2.56;
5;6;646;621;4.83;11.52;2.79;
5;6;646;628;9.51;11.52;5.42;
5;6;646;630;4.69;11.52;5.87;
5;6;646;631;5.98;11.52;6.17;
5;6;646;632;6.39;11.52;6.84;
1;6;410;447;6.09;0.81;1.18;
1;6;473;344;9.41;1.07;0.86;
1;6;473;345;6.22;1.07;1.06;
1;6;474;344;6.48;1.14;0.86;
1;6;474;345;4.64;1.14;1.06;
1;6;532;521;7.71;2.14;2.78;
1;6;532;523;8.91;2.14;4.34;
1;6;532;559;9.01;2.14;4.42;
1;6;532;560;9.84;2.14;4.39;
1;6;532;604;8.54;2.14;1.97;
1;6;532;606;9.55;2.14;1.56;
1;6;532;645;8.75;2.14;10.57;
1;6;534;521;8.53;2.03;2.78;
1;6;534;552;9.06;2.03;1.51;
1;6;534;554;9.55;2.03;1.91;
1;6;534;565;9.64;2.03;1.71;
1;6;534;606;7.07;2.03;1.56;
1;6;536;519;8.89;2.87;2.66;
1;6;536;552;9.84;2.87;1.51;
1;6;536;606;8.91;2.87;1.56;
1;6;576;560;8.4;1.07;4.39;
1;6;576;561;7.11;1.07;2.41;
1;6;576;562;5.22;1.07;2.33;
1;6;576;563;7.5;1.07;2.0;
1;6;576;564;7.87;1.07;1.81;
1;6;577;562;7.49;1.03;2.33;
1;6;577;563;8.4;1.03;2.0;
1;6;577;564;7.53;1.03;1.81;
1;6;577;565;9.71;1.03;1.71;
1;6;579;552;9.19;1.27;1.51;
1;6;579;554;9.07;1.27;1.91;
1;6;579;562;9.5;1.27;2.33;
1;6;579;563;8.01;1.27;2.0;
1;6;579;564;5.73;1.27;1.81;
1;6;579;565;5.6;1.27;1.71;
1;6;581;552;6.68;2.24;1.51;
1;6;581;565;7.49;2.24;1.71;
1;6;581;570;9.25;2.24;1.2;
1;6;581;606;8.6;2.24;1.56;
1;6;582;552;5.56;1.56;1.51;
1;6;582;554;6.82;1.56;1.91;
1;6;582;563;8.01;1.56;2.0;
1;6;582;564;6.96;1.56;1.81;
1;6;582;565;4.6;1.56;1.71;
1;6;582;606;7.57;1.56;1.56;
1;6;583;521;9.83;1.67;2.78;
1;6;583;552;7.44;1.67;1.51;
1;6;583;554;5.95;1.67;1.91;
1;6;583;562;8.03;1.67;2.33;
1;6;583;563;6.56;1.67;2.0;
1;6;583;564;7.33;1.67;1.81;
1;6;583;565;6.17;1.67;1.71;
1;6;583;604;8.24;1.67;1.97;
1;6;583;606;7.37;1.67;1.56;
1;6;585;523;9.57;1.6;4.34;
1;6;585;554;8.17;1.6;1.91;
1;6;585;557;7.06;1.6;2.67;
1;6;585;559;5.06;1.6;4.42;
1;6;585;560;5.87;1.6;4.39;
1;6;585;561;7.4;1.6;2.41;
1;6;585;562;6.67;1.6;2.33;
1;6;585;563;7.38;1.6;2.0;
1;6;585;604;7.75;1.6;1.97;
1;6;587;559;4.76;1.47;4.42;
1;6;587;560;5.14;1.47;4.39;
1;6;587;561;8.53;1.47;2.41;
1;6;590;557;9.5;1.21;2.67;
1;6;590;559;6.32;1.21;4.42;
1;6;590;560;4.05;1.21;4.39;
1;6;590;561;5.86;1.21;2.41;
1;6;590;562;9.16;1.21;2.33;
1;6;594;560;6.91;1.01;4.39;
1;6;594;561;6.59;1.01;2.41;
1;6;594;562;8.74;1.01;2.33;
1;6;615;641;9.23;2.85;8.74;
1;6;617;519;8.91;2.57;2.66;
1;6;617;521;8.78;2.57;2.78;
1;6;617;606;9.59;2.57;1.56;
1;6;617;641;9.28;2.57;8.74;
1;6;617;643;6.45;2.57;9.22;
1;6;617;645;8.06;2.57;10.57;
1;6;618;521;8.91;2.19;2.78;
1;6;618;643;7.57;2.19;9.22;
1;6;618;645;6.11;2.19;10.57;
1;6;618;646;9.6;2.19;11.52;
1;6;619;521;7.74;2.86;2.78;
1;6;619;643;8.09;2.86;9.22;
1;6;619;645;3.86;2.86;10.57;
1;6;619;646;6.25;2.86;11.52;
1;6;628;624;9.9;5.42;4.52;
1;6;628;626;8.44;5.42;5.35;
1;6;628;646;9.32;5.42;11.52;
1;6;630;645;6.62;5.87;10.57;
1;6;630;646;3.7;5.87;11.52;
1;6;632;631;8.17;6.84;6.17;
1;6;632;643;6.54;6.84;9.22;
1;6;632;645;3.4;6.84;10.57;
1;6;632;646;4.1;6.84;11.52;
1;6;633;641;8.71;6.75;8.74;
1;6;633;643;4.77;6.75;9.22;
1;6;633;645;5.26;6.75;10.57;
1;6;633;646;7.83;6.75;11.52;
1;6;634;640;7.69;7.36;8.89;
1;6;634;641;5.96;7.36;8.74;
1;6;634;643;4.17;7.36;9.22;
1;6;634;645;7.46;7.36;10.57;
1;6;636;640;4.03;7.65;8.89;
1;6;636;641;5.62;7.65;8.74;
1;6;636;643;8.93;7.65;9.22;
