1;2;346;370;7.13;6.53;4.79;
1;2;346;371;6.46;6.53;3.51;
1;2;521;532;9.15;2.49;2.34;
1;2;521;534;9.3;2.49;2.24;
1;2;521;617;9.48;2.49;3.22;
1;2;521;619;8.74;2.49;3.94;
1;2;523;530;9.99;2.32;2.21;
1;2;523;532;8.75;2.32;2.34;
1;2;523;619;9.93;2.32;3.94;
1;2;523;621;9.82;2.32;4.03;
1;2;552;534;9.39;1.6;2.24;
1;2;552;581;7.31;1.6;2.47;
1;2;552;583;7.9;1.6;1.77;
1;2;554;534;9.57;1.85;2.24;
1;2;554;583;6.14;1.85;1.77;
1;2;554;584;7.04;1.85;1.47;
1;2;554;585;8.53;1.85;1.82;
1;2;557;584;8.11;2.9;1.47;
1;2;557;585;7.01;2.9;1.82;
1;2;557;590;9.12;2.9;1.05;
1;2;559;530;5.8;3.85;2.21;
1;2;559;532;9.43;3.85;2.34;
1;2;559;584;9.7;3.85;1.47;
1;2;559;585;6.34;3.85;1.82;
1;2;559;587;4.92;3.85;1.51;
1;2;559;590;5.94;3.85;1.05;
1;2;560;530;6.95;3.81;2.21;
1;2;560;532;9.27;3.81;2.34;
1;2;560;584;8.26;3.81;1.47;
1;2;560;585;5.58;3.81;1.82;
1;2;560;587;4.06;3.81;1.51;
1;2;560;590;3.63;3.81;1.05;
1;2;560;594;8.84;3.81;0.92;
1;2;561;576;8.1;3.52;1.08;
1;2;561;584;7.77;3.52;1.47;
1;2;561;585;6.72;3.52;1.82;
1;2;561;587;7.73;3.52;1.51;
1;2;561;590;4.91;3.52;1.05;
1;2;561;594;7.66;3.52;0.92;
1;2;562;532;9.83;3.72;2.34;
1;2;562;576;5.87;3.72;1.08;
1;2;562;577;7.98;3.72;1.26;
1;2;562;583;7.97;3.72;1.77;
1;2;562;584;4.88;3.72;1.47;
1;2;562;585;5.81;3.72;1.82;
1;2;562;587;9.67;3.72;1.51;
1;2;562;590;8.07;3.72;1.05;
1;2;562;594;9.18;3.72;0.92;
1;2;563;532;9.87;2.64;2.34;
1;2;563;576;8.14;2.64;1.08;
1;2;563;577;8.89;2.64;1.26;
1;2;563;579;8.91;2.64;1.66;
1;2;563;583;6.21;2.64;1.77;
1;2;563;584;4.69;2.64;1.47;
1;2;563;585;6.59;2.64;1.82;
1;2;564;576;8.18;2.33;1.08;
1;2;564;577;7.55;2.33;1.26;
1;2;564;579;5.98;2.33;1.66;
1;2;564;581;9.77;2.33;2.47;
1;2;564;583;6.14;2.33;1.77;
1;2;564;584;6.44;2.33;1.47;
1;2;564;585;9.54;2.33;1.82;
1;2;565;534;9.16;1.74;2.24;
1;2;565;579;6.5;1.74;1.66;
1;2;565;581;7.42;1.74;2.47;
1;2;565;583;5.51;1.74;1.77;
1;2;565;584;7.66;1.74;1.47;
1;2;567;579;9.78;1.19;1.66;
1;2;567;581;7.15;1.19;2.47;
1;2;570;581;9.06;1.27;2.47;
1;2;604;532;9.01;1.85;2.34;
1;2;604;583;9.15;1.85;1.77;
1;2;604;584;9.48;1.85;1.47;
1;2;604;585;8.87;1.85;1.82;
1;2;606;534;7.96;1.51;2.24;
1;2;606;536;9.49;1.51;3.4;
1;2;606;581;9.73;1.51;2.47;
1;2;606;583;8.51;1.51;1.77;
1;2;628;619;9.05;8.81;3.94;
1;2;628;621;6.22;8.81;4.03;
1;2;628;646;7.64;8.81;10.67;
1;2;630;619;6.17;8.94;3.94;
1;2;630;621;7.98;8.94;4.03;
1;2;630;645;6.44;8.94;10.08;
1;2;630;646;5.09;8.94;10.67;
1;2;632;617;9.91;8.78;3.22;
1;2;632;619;9.37;8.78;3.94;
1;2;632;643;5.85;8.78;8.09;
1;2;632;645;5.99;8.78;10.08;
1;2;632;646;8.25;8.78;10.67;
1;2;633;643;7.78;8.77;8.09;
1;2;633;645;9.19;8.77;10.08;
1;2;634;635;9.01;8.72;7.99;
1;2;634;643;6.58;8.72;8.09;
2;3;346;371;7.37;6.53;3.51;
2;3;346;473;6.25;6.53;2.27;
2;3;521;532;9.39;2.49;2.34;
2;3;521;534;9.26;2.49;2.24;
2;3;521;617;9.71;2.49;3.22;
2;3;521;646;6.81;2.49;10.67;
2;3;523;532;8.9;2.32;2.34;
2;3;523;585;9.99;2.32;1.82;
2;3;523;646;9.29;2.32;10.67;
2;3;552;581;7.42;1.6;2.47;
2;3;552;583;8.7;1.6;1.77;
2;3;554;579;9.93;1.85;1.66;
2;3;554;581;9.96;1.85;2.47;
2;3;554;583;6.27;1.85;1.77;
2;3;554;585;9.5;1.85;1.82;
2;3;557;583;9.63;2.9;1.77;
2;3;557;585;7.35;2.9;1.82;
2;3;559;532;8.55;3.85;2.34;
2;3;559;585;4.78;3.85;1.82;
2;3;559;587;5.39;3.85;1.51;
2;3;559;590;7.1;3.85;1.05;
2;3;560;576;8.31;3.81;1.08;
2;3;560;585;6.17;3.81;1.82;
2;3;560;587;5.76;3.81;1.51;
2;3;560;590;4.48;3.81;1.05;
2;3;560;594;7.35;3.81;0.92;
2;3;561;576;6.45;3.52;1.08;
2;3;561;577;9.43;3.52;1.26;
2;3;561;583;9.81;3.52;1.77;
2;3;561;585;6.82;3.52;1.82;
2;3;561;587;9.39;3.52;1.51;
2;3;561;590;7.81;3.52;1.05;
2;3;561;594;8.34;3.52;0.92;
2;3;562;576;5.12;3.72;1.08;
2;3;562;577;6.73;3.72;1.26;
2;3;562;579;8.24;3.72;1.66;
2;3;562;583;6.97;3.72;1.77;
2;3;562;585;6.97;3.72;1.82;
2;3;563;576;8.53;2.64;1.08;
2;3;563;577;9.03;2.64;1.26;
2;3;563;579;7.79;2.64;1.66;
2;3;563;583;5.6;2.64;1.77;
2;3;563;585;7.64;2.64;1.82;
2;3;564;576;9.67;2.33;1.08;
2;3;564;577;9.03;2.33;1.26;
2;3;564;579;5.94;2.33;1.66;
2;3;564;581;9.1;2.33;2.47;
2;3;564;583;6.85;2.33;1.77;
2;3;565;534;9.9;1.74;2.24;
2;3;565;579;6.7;1.74;1.66;
2;3;565;581;6.78;1.74;2.47;
2;3;565;583;6.47;1.74;1.77;
2;3;604;532;9.5;1.85;2.34;
2;3;604;583;8.63;1.85;1.77;
2;3;604;585;9.09;1.85;1.82;
2;3;606;534;8.48;1.51;2.24;
2;3;606;536;9.68;1.51;3.4;
2;3;606;581;9.24;1.51;2.47;
2;3;606;583;8.69;1.51;1.77;
2;3;622;646;8.77;4.43;10.67;
2;3;626;621;9.18;8.75;4.03;
2;3;626;622;9.76;8.75;4.43;
2;3;626;623;8.06;8.75;5.01;
2;3;626;624;9.11;8.75;6.23;
2;3;628;620;8.71;8.81;2.92;
2;3;628;621;6.08;8.81;4.03;
2;3;628;622;7.05;8.81;4.43;
2;3;628;623;7.82;8.81;5.01;
2;3;628;624;9.61;8.81;6.23;
2;3;628;644;9.92;8.81;9.63;
2;3;628;645;7.7;8.81;10.08;
2;3;628;646;7.44;8.81;10.67;
2;3;629;620;8.31;9.25;2.92;
2;3;629;621;7.04;9.25;4.03;
2;3;629;622;9.31;9.25;4.43;
2;3;629;644;7.02;9.25;9.63;
2;3;629;645;4.31;9.25;10.08;
2;3;629;646;3.8;9.25;10.67;
2;3;630;532;9.87;8.94;2.34;
2;3;630;617;9.6;8.94;3.22;
2;3;630;620;6.87;8.94;2.92;
2;3;630;621;7.47;8.94;4.03;
2;3;630;622;9.86;8.94;4.43;
2;3;630;643;7.75;8.94;8.09;
2;3;630;644;3.88;8.94;9.63;
2;3;630;645;3.54;8.94;10.08;
2;3;630;646;4.04;8.94;10.67;
2;3;631;617;8.41;8.82;3.22;
2;3;631;642;7.83;8.82;8.86;
2;3;631;643;6.21;8.82;8.09;
2;3;631;644;4.12;8.82;9.63;
2;3;631;645;3.46;8.82;10.08;
2;3;631;646;3.91;8.82;10.67;
2;3;632;617;7.63;8.78;3.22;
2;3;632;642;4.24;8.78;8.86;
2;3;632;643;3.6;8.78;8.09;
2;3;632;644;4.48;8.78;9.63;
2;3;632;645;6.23;8.78;10.08;
2;3;632;646;7.47;8.78;10.67;
2;3;633;642;5.55;8.77;8.86;
2;3;633;643;4.97;8.77;8.09;
2;3;633;644;6.62;8.77;9.63;
2;3;633;645;7.28;8.77;10.08;
2;3;633;646;9.53;8.77;10.67;
2;3;634;635;9.22;8.72;7.99;
2;3;634;639;8.99;8.72;7.91;
2;3;634;642;4.53;8.72;8.86;
2;3;634;643;5.72;8.72;8.09;
2;3;634;644;9.07;8.72;9.63;
2;3;637;639;6.5;8.35;7.91;
3;4;346;371;7.02;6.53;3.51;
3;4;346;473;6.56;6.53;2.27;
3;4;521;532;9.14;2.49;2.34;
3;4;521;534;8.88;2.49;2.24;
3;4;521;617;9.31;2.49;3.22;
3;4;521;619;8.85;2.49;3.94;
3;4;523;532;8.63;2.32;2.34;
3;4;523;585;9.63;2.32;1.82;
3;4;552;534;9.82;1.6;2.24;
3;4;552;581;7.26;1.6;2.47;
3;4;552;583;8.4;1.6;1.77;
3;4;554;534;9.92;1.85;2.24;
3;4;554;579;9.58;1.85;1.66;
3;4;554;583;6.37;1.85;1.77;
3;4;554;585;9.28;1.85;1.82;
3;4;557;585;7.45;2.9;1.82;
3;4;559;532;8.88;3.85;2.34;
3;4;559;585;5.17;3.85;1.82;
3;4;559;590;6.29;3.85;1.05;
3;4;560;532;9.97;3.81;2.34;
3;4;560;576;7.64;3.81;1.08;
3;4;560;585;6.01;3.81;1.82;
3;4;560;590;4.43;3.81;1.05;
3;4;560;594;6.9;3.81;0.92;
3;4;561;576;6.47;3.52;1.08;
3;4;561;577;9.58;3.52;1.26;
3;4;561;585;7.18;3.52;1.82;
3;4;561;590;7.41;3.52;1.05;
3;4;561;594;7.93;3.52;0.92;
3;4;562;576;4.92;3.72;1.08;
3;4;562;577;6.79;3.72;1.26;
3;4;562;579;8.57;3.72;1.66;
3;4;562;583;7.7;3.72;1.77;
3;4;562;585;7.24;3.72;1.82;
3;4;563;576;8.14;2.64;1.08;
3;4;563;577;8.79;2.64;1.26;
3;4;563;579;7.9;2.64;1.66;
3;4;563;583;6.13;2.64;1.77;
3;4;563;585;7.51;2.64;1.82;
3;4;564;576;9.09;2.33;1.08;
3;4;564;577;8.57;2.33;1.26;
3;4;564;579;5.95;2.33;1.66;
3;4;564;581;9.77;2.33;2.47;
3;4;564;583;7.15;2.33;1.77;
3;4;565;534;9.81;1.74;2.24;
3;4;565;579;5.9;1.74;1.66;
3;4;565;581;6.91;1.74;2.47;
3;4;565;583;6.4;1.74;1.77;
3;4;570;581;9.76;1.27;2.47;
3;4;604;532;9.39;1.85;2.34;
3;4;604;583;8.79;1.85;1.77;
3;4;604;585;8.92;1.85;1.82;
3;4;606;534;7.9;1.51;2.24;
3;4;606;536;9.41;1.51;3.4;
3;4;606;581;9.28;1.51;2.47;
3;4;606;583;8.39;1.51;1.77;
3;4;626;621;9.22;8.75;4.03;
3;4;628;619;8.78;8.81;3.94;
3;4;628;621;5.59;8.81;4.03;
3;4;628;622;7.78;8.81;4.43;
3;4;628;646;6.29;8.81;10.67;
3;4;630;532;9.51;8.94;2.34;
3;4;630;617;8.77;8.94;3.22;
3;4;630;618;8.08;8.94;2.56;
3;4;630;619;5.77;8.94;3.94;
3;4;630;621;8.4;8.94;4.03;
3;4;630;644;8.35;8.94;9.63;
3;4;630;646;5.88;8.94;10.67;
3;4;631;617;9.83;8.82;3.22;
3;4;631;619;8.93;8.82;3.94;
3;4;631;642;9.05;8.82;8.86;
3;4;631;644;6.71;8.82;9.63;
3;4;631;646;7.46;8.82;10.67;
3;4;632;617;8.08;8.78;3.22;
3;4;632;618;8.9;8.78;2.56;
3;4;632;619;9.05;8.78;3.94;
3;4;632;642;5.44;8.78;8.86;
3;4;632;644;5.25;8.78;9.63;
3;4;632;646;8.86;8.78;10.67;
3;4;633;642;6.47;8.77;8.86;
3;4;633;644;7.44;8.77;9.63;
3;4;634;639;9.11;8.72;7.91;
3;4;634;640;7.66;8.72;9.14;
3;4;634;642;5.06;8.72;8.86;
3;4;634;644;8.81;8.72;9.63;
3;4;635;639;9.27;7.99;7.91;
3;4;635;640;9.36;7.99;9.14;
3;4;635;642;7.06;7.99;8.86;
3;4;635;644;9.99;7.99;9.63;
3;4;637;639;6.89;8.35;7.91;
3;4;637;640;9.23;8.35;9.14;
4;5;346;371;6.59;6.53;3.51;
4;5;346;473;6.22;6.53;2.27;
4;5;521;532;9.16;2.49;2.34;
4;5;521;534;9.03;2.49;2.24;
4;5;521;617;9.41;2.49;3.22;
4;5;523;532;8.72;2.32;2.34;
4;5;523;585;9.8;2.32;1.82;
4;5;552;581;7.26;1.6;2.47;
4;5;552;583;8.53;1.6;1.77;
4;5;554;534;9.98;1.85;2.24;
4;5;554;579;9.75;1.85;1.66;
4;5;554;581;9.98;1.85;2.47;
4;5;554;583;6.29;1.85;1.77;
4;5;554;585;9.44;1.85;1.82;
4;5;557;583;9.89;2.9;1.77;
4;5;557;585;7.38;2.9;1.82;
4;5;559;532;9.01;3.85;2.34;
4;5;559;585;5.17;3.85;1.82;
4;5;559;590;6.23;3.85;1.05;
4;5;560;576;7.72;3.81;1.08;
4;5;560;585;5.94;3.81;1.82;
4;5;560;590;4.37;3.81;1.05;
4;5;560;594;7.03;3.81;0.92;
4;5;561;576;6.55;3.52;1.08;
4;5;561;577;9.61;3.52;1.26;
4;5;561;585;7.03;3.52;1.82;
4;5;561;590;7.35;3.52;1.05;
4;5;561;594;8.07;3.52;0.92;
4;5;562;576;5.01;3.72;1.08;
4;5;562;577;6.82;3.72;1.26;
4;5;562;579;8.56;3.72;1.66;
4;5;562;583;7.41;3.72;1.77;
4;5;562;585;7.12;3.72;1.82;
4;5;563;576;8.29;2.64;1.08;
4;5;563;577;8.87;2.64;1.26;
4;5;563;579;7.88;2.64;1.66;
4;5;563;583;5.83;2.64;1.77;
4;5;563;585;7.57;2.64;1.82;
4;5;564;576;9.34;2.33;1.08;
4;5;564;577;8.75;2.33;1.26;
4;5;564;579;5.94;2.33;1.66;
4;5;564;581;9.36;2.33;2.47;
4;5;564;583;6.97;2.33;1.77;
4;5;565;534;9.8;1.74;2.24;
4;5;565;579;6.35;1.74;1.66;
4;5;565;581;6.81;1.74;2.47;
4;5;565;583;6.42;1.74;1.77;
4;5;570;581;10.0;1.27;2.47;
4;5;604;532;9.41;1.85;2.34;
4;5;604;583;8.59;1.85;1.77;
4;5;604;585;9.0;1.85;1.82;
4;5;606;534;8.15;1.51;2.24;
4;5;606;536;9.35;1.51;3.4;
4;5;606;581;9.13;1.51;2.47;
4;5;606;583;8.46;1.51;1.77;
4;5;626;621;9.36;8.75;4.03;
4;5;626;622;9.77;8.75;4.43;
4;5;626;623;8.18;8.75;5.01;
4;5;627;621;6.75;10.19;4.03;
4;5;627;622;8.27;10.19;4.43;
4;5;627;623;8.29;10.19;5.01;
4;5;628;621;6.63;8.81;4.03;
4;5;628;622;7.28;8.81;4.43;
4;5;628;623;7.82;8.81;5.01;
4;5;628;646;7.92;8.81;10.67;
4;5;630;621;9.02;8.94;4.03;
4;5;630;645;5.38;8.94;10.08;
4;5;630;646;5.23;8.94;10.67;
4;5;632;635;9.89;8.78;7.99;
4;5;632;643;5.94;8.78;8.09;
4;5;632;645;4.88;8.78;10.08;
4;5;632;646;8.23;8.78;10.67;
4;5;634;635;9.32;8.72;7.99;
4;5;634;643;5.19;8.72;8.09;
4;5;634;645;9.42;8.72;10.08;
5;6;346;371;6.28;6.53;3.51;
5;6;346;417;10.0;6.53;1.08;
5;6;346;473;6.23;6.53;2.27;
5;6;521;532;8.74;2.49;2.34;
5;6;521;534;8.96;2.49;2.24;
5;6;521;617;9.35;2.49;3.22;
5;6;521;619;8.55;2.49;3.94;
5;6;523;532;8.53;2.32;2.34;
5;6;523;585;9.79;2.32;1.82;
5;6;523;619;9.87;2.32;3.94;
5;6;523;621;9.68;2.32;4.03;
5;6;552;534;9.7;1.6;2.24;
5;6;552;581;7.52;1.6;2.47;
5;6;552;582;6.72;1.6;2.11;
5;6;552;583;8.19;1.6;1.77;
5;6;554;534;9.91;1.85;2.24;
5;6;554;579;9.9;1.85;1.66;
5;6;554;582;7.39;1.85;2.11;
5;6;554;583;6.4;1.85;1.77;
5;6;554;584;7.5;1.85;1.47;
5;6;554;585;8.86;1.85;1.82;
5;6;557;584;8.34;2.9;1.47;
5;6;557;585;7.43;2.9;1.82;
5;6;559;532;8.56;3.85;2.34;
5;6;559;584;8.07;3.85;1.47;
5;6;559;585;5.01;3.85;1.82;
5;6;559;587;5.12;3.85;1.51;
5;6;559;590;7.09;3.85;1.05;
5;6;560;532;9.64;3.81;2.34;
5;6;560;576;8.63;3.81;1.08;
5;6;560;584;7.64;3.81;1.47;
5;6;560;585;5.74;3.81;1.82;
5;6;560;587;4.95;3.81;1.51;
5;6;560;590;4.55;3.81;1.05;
5;6;560;594;7.56;3.81;0.92;
5;6;562;576;5.86;3.72;1.08;
5;6;562;579;9.53;3.72;1.66;
5;6;562;583;7.82;3.72;1.77;
5;6;562;584;5.09;3.72;1.47;
5;6;562;585;6.25;3.72;1.82;
5;6;562;590;9.74;3.72;1.05;
5;6;562;594;9.75;3.72;0.92;
5;6;563;576;8.4;2.64;1.08;
5;6;563;579;8.21;2.64;1.66;
5;6;563;582;8.01;2.64;2.11;
5;6;563;583;6.31;2.64;1.77;
5;6;563;584;5.38;2.64;1.47;
5;6;563;585;7.29;2.64;1.82;
5;6;564;576;9.02;2.33;1.08;
5;6;564;579;6.07;2.33;1.66;
5;6;564;581;9.94;2.33;2.47;
5;6;564;582;6.77;2.33;2.11;
5;6;564;583;6.97;2.33;1.77;
5;6;564;584;7.59;2.33;1.47;
5;6;565;534;9.7;1.74;2.24;
5;6;565;579;6.36;1.74;1.66;
5;6;565;581;7.43;1.74;2.47;
5;6;565;582;4.73;1.74;2.11;
5;6;565;583;6.1;1.74;1.77;
5;6;565;584;8.38;1.74;1.47;
5;6;570;581;9.57;1.27;2.47;
5;6;604;532;9.16;1.85;2.34;
5;6;604;583;9.11;1.85;1.77;
5;6;604;584;9.55;1.85;1.47;
5;6;604;585;8.86;1.85;1.82;
5;6;606;534;7.9;1.51;2.24;
5;6;606;536;9.58;1.51;3.4;
5;6;606;581;9.58;1.51;2.47;
5;6;606;582;8.7;1.51;2.11;
5;6;606;583;8.41;1.51;1.77;
5;6;626;621;9.33;8.75;4.03;
5;6;626;623;8.47;8.75;5.01;
5;6;628;619;8.58;8.81;3.94;
5;6;628;621;5.93;8.81;4.03;
5;6;628;622;8.0;8.81;4.43;
5;6;628;623;8.78;8.81;5.01;
5;6;628;645;9.9;8.81;10.08;
5;6;628;646;7.08;8.81;10.67;
5;6;630;532;9.9;8.94;2.34;
5;6;630;617;9.61;8.94;3.22;
5;6;630;619;6.25;8.94;3.94;
5;6;630;621;8.25;8.94;4.03;
5;6;630;645;6.2;8.94;10.08;
5;6;630;646;5.33;8.94;10.67;
5;6;631;619;9.12;8.82;3.94;
5;6;631;642;9.14;8.82;8.86;
5;6;631;643;8.43;8.82;8.09;
5;6;631;645;6.16;8.82;10.08;
5;6;631;646;7.48;8.82;10.67;
5;6;632;617;8.04;8.78;3.22;
5;6;632;619;8.97;8.78;3.94;
5;6;632;642;5.49;8.78;8.86;
5;6;632;643;5.41;8.78;8.09;
5;6;632;645;5.93;8.78;10.08;
5;6;632;646;8.1;8.78;10.67;
5;6;633;642;6.56;8.77;8.86;
5;6;633;643;6.87;8.77;8.09;
5;6;633;645;8.23;8.77;10.08;
5;6;634;635;9.66;8.72;7.99;
5;6;634;639;9.58;8.72;7.91;
5;6;634;642;5.14;8.72;8.86;
5;6;634;643;6.82;8.72;8.09;
5;6;635;635;9.62;7.99;7.99;
5;6;635;639;9.54;7.99;7.91;
5;6;635;642;7.86;7.99;8.86;
5;6;635;643;8.4;7.99;8.09;
5;6;637;639;6.55;8.35;7.91;
1;6;371;346;6.64;3.51;6.53;
1;6;473;346;6.26;2.27;6.53;
1;6;532;521;8.36;2.34;2.49;
1;6;532;523;7.96;2.34;2.32;
1;6;532;559;8.56;2.34;3.85;
1;6;532;560;9.84;2.34;3.81;
1;6;532;604;8.93;2.34;1.85;
1;6;532;606;9.88;2.34;1.51;
1;6;534;521;8.53;2.24;2.49;
1;6;534;552;9.49;2.24;1.6;
1;6;534;554;9.8;2.24;1.85;
1;6;534;565;9.8;2.24;1.74;
1;6;534;606;7.53;2.24;1.51;
1;6;536;606;9.29;3.4;1.51;
1;6;576;560;8.23;1.08;3.81;
1;6;576;561;6.62;1.08;3.52;
1;6;576;562;4.76;1.08;3.72;
1;6;576;563;7.76;1.08;2.64;
1;6;576;564;8.5;1.08;2.33;
1;6;577;561;9.83;1.26;3.52;
1;6;577;562;6.92;1.26;3.72;
1;6;577;563;8.6;1.26;2.64;
1;6;577;564;8.14;1.26;2.33;
1;6;579;554;9.52;1.66;1.85;
1;6;579;562;8.89;1.66;3.72;
1;6;579;563;8.04;1.66;2.64;
1;6;579;564;5.95;1.66;2.33;
1;6;579;565;5.91;1.66;1.74;
1;6;581;552;7.12;2.47;1.6;
1;6;581;564;9.95;2.47;2.33;
1;6;581;565;7.14;2.47;1.74;
1;6;581;570;9.21;2.47;1.27;
1;6;581;606;9.43;2.47;1.51;
1;6;582;552;6.47;2.11;1.6;
1;6;582;554;7.21;2.11;1.85;
1;6;582;563;8.02;2.11;2.64;
1;6;582;564;6.92;2.11;2.33;
1;6;582;565;4.67;2.11;1.74;
1;6;582;606;8.47;2.11;1.51;
1;6;583;552;7.99;1.77;1.6;
1;6;583;554;6.26;1.77;1.85;
1;6;583;562;8.16;1.77;3.72;
1;6;583;563;6.31;1.77;2.64;
1;6;583;564;7.1;1.77;2.33;
1;6;583;565;6.22;1.77;1.74;
1;6;583;604;8.81;1.77;1.85;
1;6;583;606;8.1;1.77;1.51;
1;6;585;523;9.23;1.82;2.32;
1;6;585;554;8.76;1.82;1.85;
1;6;585;557;7.32;1.82;2.9;
1;6;585;559;4.91;1.82;3.85;
1;6;585;560;5.9;1.82;3.81;
1;6;585;561;7.19;1.82;3.52;
1;6;585;562;7.22;1.82;3.72;
1;6;585;563;7.1;1.82;2.64;
1;6;585;604;8.61;1.82;1.85;
1;6;587;559;5.12;1.51;3.85;
1;6;587;560;5.15;1.51;3.81;
1;6;587;561;8.89;1.51;3.52;
1;6;590;559;6.9;1.05;3.85;
1;6;590;560;4.35;1.05;3.81;
1;6;590;561;6.82;1.05;3.52;
1;6;594;560;7.26;0.92;3.81;
1;6;594;561;7.42;0.92;3.52;
1;6;594;562;9.59;0.92;3.72;
1;6;617;521;8.83;3.22;2.49;
1;6;617;606;9.74;3.22;1.51;
1;6;621;523;9.17;4.03;2.32;
1;6;621;626;8.85;4.03;8.75;
1;6;621;627;6.04;4.03;10.19;
1;6;621;628;6.51;4.03;8.81;
1;6;621;629;7.45;4.03;9.25;
1;6;621;630;8.79;4.03;8.94;
1;6;622;626;8.84;4.43;8.75;
1;6;622;627;7.14;4.43;10.19;
1;6;622;628;6.83;4.43;8.81;
1;6;622;629;9.26;4.43;9.25;
1;6;622;630;9.98;4.43;8.94;
1;6;623;626;6.92;5.01;8.75;
1;6;623;627;7.02;5.01;10.19;
1;6;623;628;7.42;5.01;8.81;
1;6;624;626;7.44;6.23;8.75;
1;6;624;627;8.68;6.23;10.19;
1;6;624;628;8.46;6.23;8.81;
1;6;631;630;9.72;8.82;8.94;
1;6;635;632;8.95;7.99;8.78;
1;6;635;634;8.48;7.99;8.72;
1;6;642;632;8.41;8.86;8.78;
1;6;642;634;7.85;8.86;8.72;
1;6;643;632;6.55;8.09;8.78;
1;6;643;634;8.38;8.09;8.72;
1;6;645;628;9.4;10.08;8.81;
1;6;645;629;7.62;10.08;9.25;
1;6;645;630;4.74;10.08;8.94;
1;6;645;632;4.78;10.08;8.78;
1;6;646;521;9.78;10.67;2.49;
1;6;646;627;8.28;10.67;10.19;
1;6;646;628;6.72;10.67;8.81;
1;6;646;629;4.85;10.67;9.25;
1;6;646;630;4.11;10.67;8.94;
1;6;646;632;7.34;10.67;8.78;
