1;2;355;506;9.9;2.54;1.01;
1;2;355;507;9.11;2.54;0.94;
1;2;356;506;7.18;1.83;1.01;
1;2;356;507;7.83;1.83;0.94;
1;2;368;347;6.77;2.02;0.94;
1;2;368;349;8.61;2.02;0.98;
1;2;368;507;8.63;2.02;0.94;
1;2;369;344;9.1;1.55;0.78;
1;2;369;345;8.74;1.55;1.08;
1;2;369;347;6.86;1.55;0.94;
1;2;369;505;9.27;1.55;0.84;
1;2;369;506;8.67;1.55;1.01;
1;2;369;507;6.79;1.55;0.94;
1;2;371;343;6.43;1.0;0.82;
1;2;371;344;5.47;1.0;0.78;
1;2;371;345;5.91;1.0;1.08;
1;2;371;347;9.09;1.0;0.94;
1;2;371;505;8.05;1.0;0.84;
1;2;371;506;9.94;1.0;1.01;
1;2;371;507;9.54;1.0;0.94;
1;2;372;343;7.78;0.78;0.82;
1;2;372;344;7.57;0.78;0.78;
1;2;372;345;6.79;0.78;1.08;
1;2;407;338;8.01;0.64;1.49;
1;2;408;338;6.82;0.65;1.49;
1;2;415;338;7.65;0.6;1.49;
1;2;415;384;7.99;0.6;0.83;
1;2;415;448;9.23;0.6;1.19;
1;2;417;341;7.61;0.77;0.76;
1;2;417;343;7.71;0.77;0.82;
1;2;417;384;8.93;0.77;0.83;
1;2;417;448;9.31;0.77;1.19;
1;2;417;449;8.21;0.77;1.05;
1;2;418;341;8.26;0.8;0.76;
1;2;418;343;8.77;0.8;0.82;
1;2;418;384;7.3;0.8;0.83;
1;2;418;447;7.79;0.8;1.33;
1;2;418;448;6.23;0.8;1.19;
1;2;418;449;4.48;0.8;1.05;
1;2;419;338;8.17;0.78;1.49;
1;2;419;341;7.64;0.78;0.76;
1;2;419;384;4.49;0.78;0.83;
1;2;419;447;7.46;0.78;1.33;
1;2;419;448;4.8;0.78;1.19;
1;2;419;449;5.79;0.78;1.05;
1;2;420;384;6.92;0.75;0.83;
1;2;420;447;5.74;0.75;1.33;
1;2;420;448;5.06;0.75;1.19;
1;2;420;449;6.97;0.75;1.05;
1;2;421;384;8.79;0.71;0.83;
1;2;421;447;8.64;0.71;1.33;
1;2;421;448;8.05;0.71;1.19;
1;2;472;338;9.56;0.89;1.49;
1;2;472;341;7.08;0.89;0.76;
1;2;472;343;8.83;0.89;0.82;
1;2;472;503;7.29;0.89;0.8;
1;2;472;504;8.16;0.89;0.81;
1;2;472;505;8.38;0.89;0.84;
1;2;473;341;7.47;1.04;0.76;
1;2;473;343;7.37;1.04;0.82;
1;2;473;344;8.48;1.04;0.78;
1;2;473;503;6.4;1.04;0.8;
1;2;473;504;5.42;1.04;0.81;
1;2;473;505;4.65;1.04;0.84;
1;2;473;506;6.64;1.04;1.01;
1;2;473;507;8.85;1.04;0.94;
1;2;474;341;9.02;1.23;0.76;
1;2;474;502;7.92;1.23;0.8;
1;2;474;503;4.99;1.23;0.8;
1;2;474;504;4.14;1.23;0.81;
1;2;474;505;5.76;1.23;0.84;
1;2;474;506;6.49;1.23;1.01;
1;2;474;507;9.95;1.23;0.94;
1;2;527;559;4.89;2.52;4.82;
1;2;527;560;7.03;2.52;3.79;
1;2;532;521;7.58;1.62;2.18;
1;2;532;554;9.87;1.62;2.01;
1;2;532;604;8.34;1.62;1.85;
1;2;532;606;9.29;1.62;1.61;
1;2;534;519;9.51;1.71;2.39;
1;2;534;521;8.42;1.71;2.18;
1;2;534;552;9.1;1.71;1.8;
1;2;534;565;9.77;1.71;2.24;
1;2;534;606;7.17;1.71;1.61;
1;2;534;608;9.46;1.71;1.58;
1;2;536;517;8.82;2.79;2.08;
1;2;536;518;8.43;2.79;1.94;
1;2;536;519;7.79;2.79;2.39;
1;2;536;606;9.32;2.79;1.61;
1;2;536;608;6.51;2.79;1.58;
1;2;575;561;9.14;1.03;3.5;
1;2;575;562;6.53;1.03;4.1;
1;2;575;563;7.88;1.03;3.27;
1;2;575;564;8.12;1.03;2.63;
1;2;576;554;9.43;1.11;2.01;
1;2;576;561;8.77;1.11;3.5;
1;2;576;562;5.29;1.11;4.1;
1;2;576;563;5.56;1.11;3.27;
1;2;576;564;4.99;1.11;2.63;
1;2;576;565;7.94;1.11;2.24;
1;2;577;554;9.68;1.18;2.01;
1;2;577;562;8.16;1.18;4.1;
1;2;577;563;7.72;1.18;3.27;
1;2;577;564;5.63;1.18;2.63;
1;2;577;565;6.95;1.18;2.24;
1;2;579;552;7.63;1.6;1.8;
1;2;579;554;9.43;1.6;2.01;
1;2;579;564;7.2;1.6;2.63;
1;2;579;565;5.45;1.6;2.24;
1;2;579;567;6.61;1.6;1.42;
1;2;580;552;7.73;2.03;1.8;
1;2;580;565;7.76;2.03;2.24;
1;2;580;567;6.94;2.03;1.42;
1;2;580;570;8.59;2.03;1.53;
1;2;581;552;5.79;2.36;1.8;
1;2;581;565;7.98;2.36;2.24;
1;2;581;567;7.25;2.36;1.42;
1;2;581;570;8.17;2.36;1.53;
1;2;581;606;7.81;2.36;1.61;
1;2;581;608;7.83;2.36;1.58;
1;2;582;521;9.7;1.91;2.18;
1;2;582;552;4.61;1.91;1.8;
1;2;582;554;6.84;1.91;2.01;
1;2;582;563;9.92;1.91;3.27;
1;2;582;564;8.31;1.91;2.63;
1;2;582;565;5.24;1.91;2.24;
1;2;582;567;7.43;1.91;1.42;
1;2;582;604;9.39;1.91;1.85;
1;2;582;606;6.25;1.91;1.61;
1;2;582;608;9.28;1.91;1.58;
1;2;583;521;7.18;1.55;2.18;
1;2;583;552;5.24;1.55;1.8;
1;2;583;554;5.09;1.55;2.01;
1;2;583;563;9.0;1.55;3.27;
1;2;583;564;8.64;1.55;2.63;
1;2;583;565;5.93;1.55;2.24;
1;2;583;567;9.15;1.55;1.42;
1;2;583;604;6.13;1.55;1.85;
1;2;583;606;4.68;1.55;1.61;
1;2;583;608;9.83;1.55;1.58;
1;2;584;552;9.43;1.42;1.8;
1;2;584;554;4.96;1.42;2.01;
1;2;584;557;8.16;1.42;2.85;
1;2;584;560;8.7;1.42;3.79;
1;2;584;561;8.01;1.42;3.5;
1;2;584;562;5.76;1.42;4.1;
1;2;584;563;5.25;1.42;3.27;
1;2;584;564;6.47;1.42;2.63;
1;2;584;565;6.29;1.42;2.24;
1;2;584;604;7.69;1.42;1.85;
1;2;584;606;9.65;1.42;1.61;
1;2;585;521;9.63;1.36;2.18;
1;2;585;554;6.85;1.36;2.01;
1;2;585;557;7.63;1.36;2.85;
1;2;585;559;8.8;1.36;4.82;
1;2;585;560;6.65;1.36;3.79;
1;2;585;561;7.65;1.36;3.5;
1;2;585;562;7.06;1.36;4.1;
1;2;585;563;7.44;1.36;3.27;
1;2;585;564;9.8;1.36;2.63;
1;2;585;565;9.62;1.36;2.24;
1;2;585;604;6.66;1.36;1.85;
1;2;586;554;9.74;1.22;2.01;
1;2;586;557;7.99;1.22;2.85;
1;2;586;559;7.03;1.22;4.82;
1;2;586;560;4.26;1.22;3.79;
1;2;586;561;6.02;1.22;3.5;
1;2;586;562;5.95;1.22;4.1;
1;2;586;563;8.18;1.22;3.27;
1;2;587;557;9.26;1.22;2.85;
1;2;587;559;5.21;1.22;4.82;
1;2;587;560;3.62;1.22;3.79;
1;2;587;561;7.08;1.22;3.5;
1;2;587;562;8.59;1.22;4.1;
1;2;590;557;8.06;1.08;2.85;
1;2;590;559;5.62;1.08;4.82;
1;2;590;560;4.73;1.08;3.79;
1;2;590;561;4.35;1.08;3.5;
1;2;590;562;6.99;1.08;4.1;
1;2;590;563;9.86;1.08;3.27;
1;2;594;560;9.67;0.95;3.79;
1;2;594;561;7.18;0.95;3.5;
1;2;594;562;7.12;0.95;4.1;
1;2;594;563;9.91;0.95;3.27;
1;2;617;518;9.63;2.08;1.94;
1;2;617;519;8.09;2.08;2.39;
1;2;617;521;9.08;2.08;2.18;
1;2;617;606;9.67;2.08;1.61;
1;2;628;626;9.57;3.42;3.95;
1;2;640;517;8.58;6.33;2.08;
1;2;640;518;9.72;6.33;1.94;
1;2;640;634;7.6;6.33;3.73;
1;2;640;635;5.32;6.33;3.6;
1;2;641;517;6.2;6.9;2.08;
1;2;641;518;6.15;6.9;1.94;
1;2;641;519;9.48;6.9;2.39;
1;2;641;618;9.42;6.9;1.78;
1;2;641;634;6.42;6.9;3.73;
1;2;641;635;5.5;6.9;3.6;
1;2;642;517;8.92;7.01;2.08;
1;2;642;518;7.23;7.01;1.94;
1;2;642;519;9.6;7.01;2.39;
1;2;642;618;8.37;7.01;1.78;
1;2;642;631;9.26;7.01;3.45;
1;2;642;632;7.66;7.01;3.03;
1;2;642;634;5.73;7.01;3.73;
1;2;642;635;7.09;7.01;3.6;
1;2;644;518;7.62;6.28;1.94;
1;2;644;519;6.82;6.28;2.39;
1;2;644;521;8.93;6.28;2.18;
1;2;644;618;8.74;6.28;1.78;
1;2;644;631;5.52;6.28;3.45;
1;2;644;632;7.04;6.28;3.03;
1;2;646;521;6.88;6.17;2.18;
1;2;646;622;8.22;6.17;2.07;
1;2;646;631;8.71;6.17;3.45;
2;3;474;338;9.35;1.23;1.49;
2;3;474;341;7.97;1.23;0.76;
2;3;532;521;8.98;1.62;2.18;
2;3;532;559;8.95;1.62;4.82;
2;3;532;560;9.79;1.62;3.79;
2;3;532;604;9.53;1.62;1.85;
2;3;534;521;9.31;1.71;2.18;
2;3;534;552;9.63;1.71;1.8;
2;3;534;554;9.85;1.71;2.01;
2;3;534;565;9.64;1.71;2.24;
2;3;534;606;8.03;1.71;1.61;
2;3;536;519;9.17;2.79;2.39;
2;3;536;606;9.79;2.79;1.61;
2;3;576;560;9.01;1.11;3.79;
2;3;576;561;7.87;1.11;3.5;
2;3;576;562;5.91;1.11;4.1;
2;3;576;563;8.14;1.11;3.27;
2;3;576;564;8.24;1.11;2.63;
2;3;579;554;9.83;1.6;2.01;
2;3;579;563;8.65;1.6;3.27;
2;3;579;564;6.33;1.6;2.63;
2;3;579;565;5.92;1.6;2.24;
2;3;581;552;7.29;2.36;1.8;
2;3;581;565;7.48;2.36;2.24;
2;3;581;570;9.46;2.36;1.53;
2;3;581;606;9.45;2.36;1.61;
2;3;582;552;6.21;1.91;1.8;
2;3;582;554;7.32;1.91;2.01;
2;3;582;563;8.36;1.91;3.27;
2;3;582;564;7.25;1.91;2.63;
2;3;582;565;4.7;1.91;2.24;
2;3;582;606;8.27;1.91;1.61;
2;3;583;552;7.86;1.55;1.8;
2;3;583;554;6.32;1.55;2.01;
2;3;583;562;8.28;1.55;4.1;
2;3;583;563;6.77;1.55;3.27;
2;3;583;564;7.43;1.55;2.63;
2;3;583;565;6.16;1.55;2.24;
2;3;583;604;9.15;1.55;1.85;
2;3;583;606;8.0;1.55;1.61;
2;3;584;554;7.08;1.42;2.01;
2;3;584;557;8.44;1.42;2.85;
2;3;584;559;8.06;1.42;4.82;
2;3;584;560;7.79;1.42;3.79;
2;3;584;561;8.19;1.42;3.5;
2;3;584;562;5.38;1.42;4.1;
2;3;584;563;5.47;1.42;3.27;
2;3;584;564;7.54;1.42;2.63;
2;3;584;565;8.08;1.42;2.24;
2;3;584;604;9.58;1.42;1.85;
2;3;585;554;8.22;1.36;2.01;
2;3;585;557;7.26;1.36;2.85;
2;3;585;559;5.08;1.36;4.82;
2;3;585;560;6.05;1.36;3.79;
2;3;585;561;7.51;1.36;3.5;
2;3;585;562;6.39;1.36;4.1;
2;3;585;563;7.12;1.36;3.27;
2;3;585;604;8.63;1.36;1.85;
2;3;587;559;5.11;1.22;4.82;
2;3;587;560;4.57;1.22;3.79;
2;3;587;561;8.11;1.22;3.5;
2;3;587;562;9.97;1.22;4.1;
2;3;590;559;7.22;1.08;4.82;
2;3;590;560;4.51;1.08;3.79;
2;3;590;561;6.1;1.08;3.5;
2;3;590;562;9.38;1.08;4.1;
2;3;594;560;7.6;0.95;3.79;
2;3;594;561;7.39;0.95;3.5;
2;3;594;562;9.34;0.95;4.1;
2;3;617;519;9.18;2.08;2.39;
2;3;628;626;8.83;3.42;3.95;
2;3;640;517;7.62;6.33;2.08;
2;3;640;518;8.98;6.33;1.94;
2;3;640;634;8.43;6.33;3.73;
2;3;640;635;5.98;6.33;3.6;
2;3;641;517;5.63;6.9;2.08;
2;3;641;518;5.55;6.9;1.94;
2;3;641;519;8.37;6.9;2.39;
2;3;641;633;8.42;6.9;2.84;
2;3;641;634;8.03;6.9;3.73;
2;3;641;635;6.9;6.9;3.6;
2;3;642;517;8.07;7.01;2.08;
2;3;642;518;6.32;7.01;1.94;
2;3;642;519;8.27;7.01;2.39;
2;3;642;631;9.61;7.01;3.45;
2;3;642;632;8.09;7.01;3.03;
2;3;642;633;5.5;7.01;2.84;
2;3;642;634;6.65;7.01;3.73;
2;3;642;635;7.48;7.01;3.6;
2;3;644;518;7.4;6.28;1.94;
2;3;644;519;5.88;6.28;2.39;
2;3;644;521;8.04;6.28;2.18;
2;3;644;631;6.08;6.28;3.45;
2;3;644;632;7.58;6.28;3.03;
2;3;644;633;8.28;6.28;2.84;
2;3;646;519;9.73;6.17;2.39;
2;3;646;521;5.66;6.17;2.18;
2;3;646;606;9.64;6.17;1.61;
2;3;646;622;8.74;6.17;2.07;
3;4;532;521;9.69;1.62;2.18;
3;4;532;559;8.78;1.62;4.82;
3;4;532;560;9.71;1.62;3.79;
3;4;532;604;9.9;1.62;1.85;
3;4;534;521;9.46;1.71;2.18;
3;4;534;554;9.81;1.71;2.01;
3;4;534;565;9.83;1.71;2.24;
3;4;534;606;8.35;1.71;1.61;
3;4;536;519;9.49;2.79;2.39;
3;4;536;606;9.76;2.79;1.61;
3;4;576;560;8.15;1.11;3.79;
3;4;576;562;5.79;1.11;4.1;
3;4;576;563;8.5;1.11;3.27;
3;4;576;564;9.54;1.11;2.63;
3;4;579;554;9.56;1.6;2.01;
3;4;579;562;9.08;1.6;4.1;
3;4;579;563;7.83;1.6;3.27;
3;4;579;564;5.82;1.6;2.63;
3;4;579;565;6.36;1.6;2.24;
3;4;581;552;7.23;2.36;1.8;
3;4;581;554;9.91;2.36;2.01;
3;4;581;564;9.29;2.36;2.63;
3;4;581;565;6.81;2.36;2.24;
3;4;581;606;9.25;2.36;1.61;
3;4;583;552;8.54;1.55;1.8;
3;4;583;554;6.29;1.55;2.01;
3;4;583;562;7.49;1.55;4.1;
3;4;583;563;6.3;1.55;3.27;
3;4;583;564;7.26;1.55;2.63;
3;4;583;565;6.63;1.55;2.24;
3;4;583;604;9.03;1.55;1.85;
3;4;583;606;8.51;1.55;1.61;
3;4;584;554;7.91;1.42;2.01;
3;4;584;557;8.33;1.42;2.85;
3;4;584;559;7.86;1.42;4.82;
3;4;584;560;7.18;1.42;3.79;
3;4;584;562;5.15;1.42;4.1;
3;4;584;563;5.97;1.42;3.27;
3;4;584;564;8.37;1.42;2.63;
3;4;584;565;9.23;1.42;2.24;
3;4;585;554;9.11;1.36;2.01;
3;4;585;557;7.5;1.36;2.85;
3;4;585;559;4.99;1.36;4.82;
3;4;585;560;5.88;1.36;3.79;
3;4;585;562;6.69;1.36;4.1;
3;4;585;563;7.91;1.36;3.27;
3;4;585;604;9.15;1.36;1.85;
3;4;587;559;5.23;1.22;4.82;
3;4;587;560;5.31;1.22;3.79;
3;4;590;559;7.07;1.08;4.82;
3;4;590;560;4.64;1.08;3.79;
3;4;590;562;9.87;1.08;4.1;
3;4;594;560;7.85;0.95;3.79;
3;4;617;519;9.76;2.08;2.39;
3;4;640;517;7.5;6.33;2.08;
3;4;640;518;8.85;6.33;1.94;
3;4;640;634;8.77;6.33;3.73;
3;4;640;635;6.5;6.33;3.6;
3;4;641;517;5.67;6.9;2.08;
3;4;641;518;5.52;6.9;1.94;
3;4;641;519;8.15;6.9;2.39;
3;4;641;633;8.46;6.9;2.84;
3;4;641;634;8.51;6.9;3.73;
3;4;641;635;7.52;6.9;3.6;
3;4;642;517;8.0;7.01;2.08;
3;4;642;518;6.26;7.01;1.94;
3;4;642;519;8.23;7.01;2.39;
3;4;642;631;9.52;7.01;3.45;
3;4;642;632;8.24;7.01;3.03;
3;4;642;633;5.56;7.01;2.84;
3;4;642;634;6.98;7.01;3.73;
3;4;642;635;7.83;7.01;3.6;
3;4;644;518;7.59;6.28;1.94;
3;4;644;519;6.2;6.28;2.39;
3;4;644;521;8.17;6.28;2.18;
3;4;644;631;6.37;6.28;3.45;
3;4;644;632;8.03;6.28;3.03;
3;4;644;633;8.38;6.28;2.84;
3;4;646;521;6.05;6.17;2.18;
3;4;646;606;9.91;6.17;1.61;
3;4;646;622;8.93;6.17;2.07;
4;5;532;559;8.8;1.62;4.82;
4;5;532;560;9.78;1.62;3.79;
4;5;534;521;9.36;1.71;2.18;
4;5;534;606;8.4;1.71;1.61;
4;5;536;519;9.22;2.79;2.39;
4;5;536;606;9.48;2.79;1.61;
4;5;576;560;8.08;1.11;3.79;
4;5;576;562;5.68;1.11;4.1;
4;5;576;563;8.32;1.11;3.27;
4;5;576;564;9.28;1.11;2.63;
4;5;577;562;7.52;1.18;4.1;
4;5;577;563;8.75;1.18;3.27;
4;5;577;564;8.43;1.18;2.63;
4;5;579;554;9.36;1.6;2.01;
4;5;579;562;9.19;1.6;4.1;
4;5;579;563;7.84;1.6;3.27;
4;5;579;564;5.8;1.6;2.63;
4;5;579;565;5.91;1.6;2.24;
4;5;581;552;7.04;2.36;1.8;
4;5;581;554;9.84;2.36;2.01;
4;5;581;564;9.58;2.36;2.63;
4;5;581;565;6.8;2.36;2.24;
4;5;581;606;8.86;2.36;1.61;
4;5;583;521;9.88;1.55;2.18;
4;5;583;552;8.61;1.55;1.8;
4;5;583;554;6.36;1.55;2.01;
4;5;583;562;7.82;1.55;4.1;
4;5;583;563;6.67;1.55;3.27;
4;5;583;564;7.63;1.55;2.63;
4;5;583;565;6.83;1.55;2.24;
4;5;583;604;8.77;1.55;1.85;
4;5;583;606;8.26;1.55;1.61;
4;5;584;554;7.86;1.42;2.01;
4;5;584;557;8.26;1.42;2.85;
4;5;584;559;7.91;1.42;4.82;
4;5;584;560;7.44;1.42;3.79;
4;5;584;562;5.34;1.42;4.1;
4;5;584;563;6.09;1.42;3.27;
4;5;584;564;8.44;1.42;2.63;
4;5;584;565;9.23;1.42;2.24;
4;5;584;604;9.77;1.42;1.85;
4;5;585;554;9.35;1.36;2.01;
4;5;585;557;7.54;1.36;2.85;
4;5;585;559;4.95;1.36;4.82;
4;5;585;560;5.96;1.36;3.79;
4;5;585;562;6.76;1.36;4.1;
4;5;585;563;8.1;1.36;3.27;
4;5;585;604;9.27;1.36;1.85;
4;5;587;559;5.3;1.22;4.82;
4;5;587;560;5.43;1.22;3.79;
4;5;590;559;6.97;1.08;4.82;
4;5;590;560;4.57;1.08;3.79;
4;5;594;560;7.63;0.95;3.79;
4;5;617;519;9.98;2.08;2.39;
4;5;640;517;7.8;6.33;2.08;
4;5;640;518;9.06;6.33;1.94;
4;5;640;634;8.83;6.33;3.73;
4;5;640;635;6.64;6.33;3.6;
4;5;641;517;5.98;6.9;2.08;
4;5;641;518;5.75;6.9;1.94;
4;5;641;519;8.46;6.9;2.39;
4;5;641;633;8.39;6.9;2.84;
4;5;641;634;8.31;6.9;3.73;
4;5;641;635;7.42;6.9;3.6;
4;5;642;517;8.44;7.01;2.08;
4;5;642;518;6.78;7.01;1.94;
4;5;642;519;8.84;7.01;2.39;
4;5;642;631;9.6;7.01;3.45;
4;5;642;632;8.32;7.01;3.03;
4;5;642;633;5.64;7.01;2.84;
4;5;642;634;6.94;7.01;3.73;
4;5;642;635;7.89;7.01;3.6;
4;5;644;518;7.94;6.28;1.94;
4;5;644;519;6.9;6.28;2.39;
4;5;644;521;8.72;6.28;2.18;
4;5;644;631;6.18;6.28;3.45;
4;5;644;632;7.87;6.28;3.03;
4;5;644;633;8.24;6.28;2.84;
4;5;646;521;6.14;6.17;2.18;
4;5;646;606;9.88;6.17;1.61;
4;5;646;622;9.01;6.17;2.07;
5;6;532;521;9.99;1.62;2.18;
5;6;532;559;8.62;1.62;4.82;
5;6;532;560;9.63;1.62;3.79;
5;6;532;604;9.88;1.62;1.85;
5;6;534;521;9.68;1.71;2.18;
5;6;534;554;9.74;1.71;2.01;
5;6;534;565;9.87;1.71;2.24;
5;6;534;606;8.43;1.71;1.61;
5;6;536;519;9.35;2.79;2.39;
5;6;536;606;9.35;2.79;1.61;
5;6;576;560;7.76;1.11;3.79;
5;6;576;561;6.59;1.11;3.5;
5;6;576;562;5.14;1.11;4.1;
5;6;576;563;8.39;1.11;3.27;
5;6;576;564;9.4;1.11;2.63;
5;6;577;561;9.48;1.18;3.5;
5;6;577;562;6.61;1.18;4.1;
5;6;577;563;8.55;1.18;3.27;
5;6;577;564;8.29;1.18;2.63;
5;6;579;554;9.41;1.6;2.01;
5;6;579;562;8.6;1.6;4.1;
5;6;579;563;7.82;1.6;3.27;
5;6;579;564;5.78;1.6;2.63;
5;6;579;565;6.12;1.6;2.24;
5;6;581;552;7.02;2.36;1.8;
5;6;581;554;9.77;2.36;2.01;
5;6;581;564;9.35;2.36;2.63;
5;6;581;565;6.74;2.36;2.24;
5;6;581;606;9.16;2.36;1.61;
5;6;583;552;8.5;1.55;1.8;
5;6;583;554;6.19;1.55;2.01;
5;6;583;562;7.41;1.55;4.1;
5;6;583;563;6.18;1.55;3.27;
5;6;583;564;7.27;1.55;2.63;
5;6;583;565;6.64;1.55;2.24;
5;6;583;604;8.81;1.55;1.85;
5;6;583;606;8.48;1.55;1.61;
5;6;585;554;9.12;1.36;2.01;
5;6;585;557;7.38;1.36;2.85;
5;6;585;559;4.9;1.36;4.82;
5;6;585;560;5.88;1.36;3.79;
5;6;585;561;7.22;1.36;3.5;
5;6;585;562;6.93;1.36;4.1;
5;6;585;563;7.67;1.36;3.27;
5;6;585;604;9.15;1.36;1.85;
5;6;587;559;5.11;1.22;4.82;
5;6;587;560;5.2;1.22;3.79;
5;6;587;561;8.86;1.22;3.5;
5;6;590;559;7.05;1.08;4.82;
5;6;590;560;4.62;1.08;3.79;
5;6;590;561;7.11;1.08;3.5;
5;6;594;560;7.79;0.95;3.79;
5;6;594;561;8.41;0.95;3.5;
5;6;617;519;9.78;2.08;2.39;
5;6;640;517;7.76;6.33;2.08;
5;6;640;518;9.0;6.33;1.94;
5;6;640;634;8.81;6.33;3.73;
5;6;640;635;6.67;6.33;3.6;
5;6;641;517;5.9;6.9;2.08;
5;6;641;518;5.66;6.9;1.94;
5;6;641;519;8.22;6.9;2.39;
5;6;641;633;8.55;6.9;2.84;
5;6;641;634;8.37;6.9;3.73;
5;6;641;635;7.52;6.9;3.6;
5;6;642;517;8.24;7.01;2.08;
5;6;642;518;6.53;7.01;1.94;
5;6;642;519;8.4;7.01;2.39;
5;6;642;631;9.58;7.01;3.45;
5;6;642;632;8.3;7.01;3.03;
5;6;642;633;5.67;7.01;2.84;
5;6;642;634;6.93;7.01;3.73;
5;6;642;635;7.92;7.01;3.6;
5;6;644;518;7.44;6.28;1.94;
5;6;644;519;6.17;6.28;2.39;
5;6;644;521;8.3;6.28;2.18;
5;6;644;631;6.32;6.28;3.45;
5;6;644;632;7.85;6.28;3.03;
5;6;644;633;8.17;6.28;2.84;
5;6;645;518;9.07;7.26;1.94;
5;6;645;519;6.4;7.26;2.39;
5;6;645;521;6.33;7.26;2.18;
5;6;645;606;8.95;7.26;1.61;
5;6;645;631;9.45;7.26;3.45;
5;6;646;519;9.4;6.17;2.39;
5;6;646;521;6.08;6.17;2.18;
5;6;646;606;9.89;6.17;1.61;
5;6;646;622;8.65;6.17;2.07;
5;6;646;631;9.52;6.17;3.45;
1;6;338;474;9.66;1.49;1.23;
1;6;341;472;9.26;0.76;0.89;
1;6;341;473;8.26;0.76;1.04;
1;6;341;474;7.24;0.76;1.23;
1;6;343;371;8.35;0.82;1.0;
1;6;343;472;9.24;0.82;0.89;
1;6;343;473;6.67;0.82;1.04;
1;6;343;474;8.33;0.82;1.23;
1;6;344;371;7.94;0.78;1.0;
1;6;344;473;8.07;0.78;1.04;
1;6;345;371;6.92;1.08;1.0;
1;6;345;473;9.72;1.08;1.04;
1;6;384;419;8.36;0.83;0.78;
1;6;447;418;7.19;1.33;0.8;
1;6;447;419;5.35;1.33;0.78;
1;6;448;418;7.84;1.19;0.8;
1;6;448;419;5.62;1.19;0.78;
1;6;503;474;7.31;0.8;1.23;
1;6;517;640;7.66;2.08;6.33;
1;6;517;641;5.65;2.08;6.9;
1;6;517;642;8.23;2.08;7.01;
1;6;518;640;9.05;1.94;6.33;
1;6;518;641;5.63;1.94;6.9;
1;6;518;642;6.54;1.94;7.01;
1;6;518;644;7.7;1.94;6.28;
1;6;519;536;8.98;2.39;2.79;
1;6;519;617;9.19;2.39;2.08;
1;6;519;641;8.41;2.39;6.9;
1;6;519;642;8.48;2.39;7.01;
1;6;519;644;6.25;2.39;6.28;
1;6;519;646;9.74;2.39;6.17;
1;6;521;532;9.16;2.18;1.62;
1;6;521;534;9.21;2.18;1.71;
1;6;521;583;9.94;2.18;1.55;
1;6;521;617;9.99;2.18;2.08;
1;6;521;644;8.24;2.18;6.28;
1;6;521;646;6.34;2.18;6.17;
1;6;552;534;9.67;1.8;1.71;
1;6;552;579;9.88;1.8;1.6;
1;6;552;581;7.15;1.8;2.36;
1;6;552;582;6.2;1.8;1.91;
1;6;552;583;7.92;1.8;1.55;
1;6;554;534;9.9;2.01;1.71;
1;6;554;579;9.47;2.01;1.6;
1;6;554;582;7.21;2.01;1.91;
1;6;554;583;6.3;2.01;1.55;
1;6;554;584;7.22;2.01;1.42;
1;6;554;585;8.51;2.01;1.36;
1;6;557;584;8.41;2.85;1.42;
1;6;557;585;7.51;2.85;1.36;
1;6;559;532;9.07;4.82;1.62;
1;6;559;584;8.38;4.82;1.42;
1;6;559;585;5.36;4.82;1.36;
1;6;559;587;5.27;4.82;1.22;
1;6;559;590;7.17;4.82;1.08;
1;6;560;532;9.47;3.79;1.62;
1;6;560;576;8.73;3.79;1.11;
1;6;560;584;7.39;3.79;1.42;
1;6;560;585;5.69;3.79;1.36;
1;6;560;587;4.82;3.79;1.22;
1;6;560;590;4.71;3.79;1.08;
1;6;560;594;8.0;3.79;0.95;
1;6;561;576;7.75;3.5;1.11;
1;6;561;584;8.15;3.5;1.42;
1;6;561;585;7.58;3.5;1.36;
1;6;561;587;8.34;3.5;1.22;
1;6;561;590;6.21;3.5;1.08;
1;6;561;594;7.78;3.5;0.95;
1;6;562;576;5.85;4.1;1.11;
1;6;562;579;9.57;4.1;1.6;
1;6;562;583;8.19;4.1;1.55;
1;6;562;584;5.41;4.1;1.42;
1;6;562;585;6.57;4.1;1.36;
1;6;562;590;9.38;4.1;1.08;
1;6;562;594;9.71;4.1;0.95;
1;6;563;576;8.17;3.27;1.11;
1;6;563;579;8.17;3.27;1.6;
1;6;563;582;8.25;3.27;1.91;
1;6;563;583;6.78;3.27;1.55;
1;6;563;584;5.69;3.27;1.42;
1;6;563;585;7.51;3.27;1.36;
1;6;564;576;8.52;2.63;1.11;
1;6;564;579;6.0;2.63;1.6;
1;6;564;582;7.24;2.63;1.91;
1;6;564;583;7.56;2.63;1.55;
1;6;564;584;7.87;2.63;1.42;
1;6;565;534;9.81;2.24;1.71;
1;6;565;579;5.7;2.24;1.6;
1;6;565;581;7.31;2.24;2.36;
1;6;565;582;4.76;2.24;1.91;
1;6;565;583;6.39;2.24;1.55;
1;6;565;584;8.44;2.24;1.42;
1;6;570;581;9.4;1.53;2.36;
1;6;604;532;9.61;1.85;1.62;
1;6;604;583;8.97;1.85;1.55;
1;6;604;584;9.51;1.85;1.42;
1;6;604;585;8.72;1.85;1.36;
1;6;606;534;8.11;1.61;1.71;
1;6;606;536;9.77;1.61;2.79;
1;6;606;581;9.37;1.61;2.36;
1;6;606;582;8.22;1.61;1.91;
1;6;606;583;8.05;1.61;1.55;
1;6;622;646;8.69;2.07;6.17;
1;6;626;628;9.32;3.95;3.42;
1;6;631;642;9.53;3.45;7.01;
1;6;631;644;6.03;3.45;6.28;
1;6;631;646;9.31;3.45;6.17;
1;6;632;642;7.98;3.03;7.01;
1;6;632;644;7.65;3.03;6.28;
1;6;633;640;9.91;2.84;6.33;
1;6;633;641;7.98;2.84;6.9;
1;6;633;642;5.18;2.84;7.01;
1;6;633;644;7.97;2.84;6.28;
1;6;634;640;8.22;3.73;6.33;
1;6;634;641;7.69;3.73;6.9;
1;6;634;642;6.4;3.73;7.01;
1;6;635;640;5.78;3.6;6.33;
1;6;635;641;6.64;3.6;6.9;
1;6;635;642;7.39;3.6;7.01;
