517;519;7.16;0.19;0.13;
517;641;8.86;0.19;0.78;
519;521;7.19;0.13;0.37;
519;534;9.94;0.13;0.28;
519;536;7.58;0.13;0.5;
519;606;7.15;0.13;0.48;
519;617;8.32;0.13;0.21;
519;641;9.42;0.13;0.78;
519;643;8.29;0.13;1.27;
521;532;7.77;0.37;0.14;
521;534;8.6;0.37;0.28;
521;604;7.42;0.37;0.34;
521;606;5.28;0.37;0.48;
521;617;8.34;0.37;0.21;
521;619;7.8;0.37;0.07;
521;645;8.95;0.37;3.28;
521;646;6.84;0.37;2.83;
532;534;6.69;0.14;0.28;
532;554;9.74;0.14;0.38;
532;559;9.07;0.14;0.41;
532;560;9.99;0.14;0.38;
532;583;7.23;0.14;0.52;
532;584;6.18;0.14;0.15;
532;585;4.61;0.14;0.21;
532;587;8.99;0.14;0.04;
532;604;8.17;0.14;0.34;
532;606;9.48;0.14;0.48;
532;617;7.81;0.14;0.21;
532;619;5.03;0.14;0.07;
532;621;8.18;0.14;0.31;
532;646;9.47;0.14;2.83;
534;536;6.51;0.28;0.5;
534;552;8.75;0.28;0.7;
534;554;9.26;0.28;0.38;
534;565;9.12;0.28;0.61;
534;579;8.79;0.28;0.25;
534;580;9.21;0.28;0.27;
534;581;7.65;0.28;0.67;
534;582;5.71;0.28;0.45;
534;583;4.03;0.28;0.52;
534;584;6.5;0.28;0.15;
534;585;8.68;0.28;0.21;
534;606;6.97;0.28;0.48;
534;615;8.53;0.28;0.32;
534;617;5.07;0.28;0.21;
534;619;9.0;0.28;0.07;
536;552;9.76;0.5;0.7;
536;580;8.59;0.5;0.27;
536;581;5.89;0.5;0.67;
536;582;7.73;0.5;0.45;
536;583;9.23;0.5;0.52;
536;606;8.38;0.5;0.48;
536;615;5.08;0.5;0.32;
536;617;7.11;0.5;0.21;
552;554;6.17;0.7;0.38;
552;563;9.88;0.7;0.2;
552;564;9.17;0.7;0.3;
552;565;5.48;0.7;0.61;
552;567;4.47;0.7;0.43;
552;570;8.21;0.7;0.48;
552;579;8.75;0.7;0.25;
552;580;8.84;0.7;0.27;
552;581;6.44;0.7;0.67;
552;582;5.06;0.7;0.45;
552;583;6.98;0.7;0.52;
552;584;9.95;0.7;0.15;
552;604;8.25;0.7;0.34;
552;606;5.28;0.7;0.48;
554;557;7.44;0.38;0.26;
554;562;7.88;0.38;0.21;
554;563;4.65;0.38;0.2;
554;564;5.93;0.38;0.3;
554;565;4.25;0.38;0.61;
554;567;8.6;0.38;0.43;
554;579;9.11;0.38;0.25;
554;582;6.94;0.38;0.45;
554;583;5.72;0.38;0.52;
554;584;6.12;0.38;0.15;
554;585;7.56;0.38;0.21;
554;604;5.41;0.38;0.34;
554;606;8.17;0.38;0.48;
557;559;5.32;0.26;0.41;
557;560;6.96;0.26;0.38;
557;561;4.74;0.26;0.25;
557;562;5.43;0.26;0.21;
557;563;5.71;0.26;0.2;
557;564;9.01;0.26;0.3;
557;584;7.91;0.26;0.15;
557;585;6.62;0.26;0.21;
557;587;9.48;0.26;0.04;
557;590;8.87;0.26;0.4;
557;604;8.93;0.26;0.34;
559;560;3.84;0.41;0.38;
559;561;5.25;0.41;0.25;
559;562;7.24;0.41;0.21;
559;563;9.15;0.41;0.2;
559;584;8.6;0.41;0.15;
559;585;5.42;0.41;0.21;
559;587;4.36;0.41;0.04;
559;590;6.33;0.41;0.4;
560;561;3.73;0.38;0.25;
560;562;5.94;0.38;0.21;
560;563;9.05;0.38;0.2;
560;576;9.81;0.38;0.62;
560;584;8.29;0.38;0.15;
560;585;6.24;0.38;0.21;
560;587;4.24;0.38;0.04;
560;590;3.56;0.38;0.4;
560;594;7.56;0.38;0.09;
561;562;3.58;0.25;0.21;
561;563;6.62;0.25;0.2;
561;564;9.54;0.25;0.3;
561;576;7.99;0.25;0.62;
561;584;7.87;0.25;0.15;
561;585;6.99;0.25;0.21;
561;587;7.75;0.25;0.04;
561;590;4.94;0.25;0.4;
561;594;6.97;0.25;0.09;
562;563;3.63;0.21;0.2;
562;564;6.3;0.21;0.3;
562;565;8.74;0.21;0.61;
562;576;5.54;0.21;0.62;
562;577;7.8;0.21;0.46;
562;583;8.25;0.21;0.52;
562;584;5.12;0.21;0.15;
562;585;6.02;0.21;0.21;
562;587;9.55;0.21;0.04;
562;590;8.03;0.21;0.4;
562;594;8.3;0.21;0.09;
563;564;3.58;0.2;0.3;
563;565;5.35;0.2;0.61;
563;576;7.03;0.2;0.62;
563;577;7.97;0.2;0.46;
563;579;8.28;0.2;0.25;
563;582;8.32;0.2;0.45;
563;583;6.41;0.2;0.52;
563;584;4.72;0.2;0.15;
563;585;6.67;0.2;0.21;
563;604;9.05;0.2;0.34;
564;565;3.7;0.3;0.61;
564;567;9.05;0.3;0.43;
564;576;6.8;0.3;0.62;
564;577;6.6;0.3;0.46;
564;579;5.75;0.3;0.25;
564;580;9.2;0.3;0.27;
564;582;7.15;0.3;0.45;
564;583;6.98;0.3;0.52;
564;584;6.86;0.3;0.15;
564;585;9.82;0.3;0.21;
565;567;5.89;0.61;0.43;
565;576;9.92;0.61;0.62;
565;577;8.81;0.61;0.46;
565;579;5.38;0.61;0.25;
565;580;7.71;0.61;0.27;
565;581;7.71;0.61;0.67;
565;582;4.53;0.61;0.45;
565;583;5.5;0.61;0.52;
565;584;7.12;0.61;0.15;
565;604;9.3;0.61;0.34;
565;606;9.32;0.61;0.48;
567;570;6.04;0.43;0.48;
567;579;8.06;0.43;0.25;
567;580;7.7;0.43;0.27;
567;581;6.57;0.43;0.67;
567;582;6.52;0.43;0.45;
567;583;9.64;0.43;0.52;
567;606;9.61;0.43;0.48;
570;580;9.75;0.48;0.27;
570;581;7.71;0.48;0.67;
576;577;3.63;0.62;0.46;
576;579;8.55;0.62;0.25;
576;583;9.83;0.62;0.52;
576;584;7.95;0.62;0.15;
576;594;7.82;0.62;0.09;
577;579;5.68;0.46;0.25;
577;580;8.84;0.46;0.27;
577;582;9.03;0.46;0.45;
577;583;8.51;0.46;0.52;
577;584;8.01;0.46;0.15;
579;580;3.75;0.25;0.27;
579;581;6.11;0.25;0.67;
579;582;4.53;0.25;0.45;
579;583;6.5;0.25;0.52;
579;584;8.43;0.25;0.15;
580;581;3.71;0.27;0.67;
580;582;5.07;0.27;0.45;
580;583;8.3;0.27;0.52;
581;582;3.95;0.67;0.45;
581;583;7.51;0.67;0.52;
581;606;8.64;0.67;0.48;
581;615;9.92;0.67;0.32;
582;583;3.87;0.45;0.52;
582;584;7.29;0.45;0.15;
582;606;7.35;0.45;0.48;
583;584;3.71;0.52;0.15;
583;585;6.85;0.52;0.21;
583;604;8.27;0.52;0.34;
583;606;7.32;0.52;0.48;
583;617;8.99;0.52;0.21;
584;585;3.84;0.15;0.21;
584;604;8.46;0.15;0.34;
585;587;6.89;0.21;0.04;
585;590;9.77;0.21;0.4;
585;604;7.68;0.21;0.34;
585;619;9.5;0.21;0.07;
587;590;6.33;0.04;0.4;
587;621;9.7;0.04;0.31;
590;594;5.84;0.4;0.09;
604;606;6.89;0.34;0.48;
606;617;9.14;0.48;0.21;
615;617;6.99;0.32;0.21;
615;637;9.16;0.32;1.3;
615;641;9.21;0.32;0.78;
617;619;6.79;0.21;0.07;
617;632;8.68;0.21;0.9;
617;634;8.05;0.21;0.56;
617;641;9.86;0.21;0.78;
617;643;7.64;0.21;1.27;
619;621;6.44;0.07;0.31;
619;630;7.82;0.07;2.31;
619;632;5.27;0.07;0.9;
619;643;9.07;0.07;1.27;
619;645;7.15;0.07;3.28;
619;646;6.08;0.07;2.83;
621;628;7.71;0.31;1.2;
621;630;5.05;0.31;2.31;
621;632;8.84;0.31;0.9;
621;645;9.96;0.31;3.28;
621;646;7.53;0.31;2.83;
624;626;5.54;1.17;1.67;
626;628;8.81;1.67;1.2;
628;630;6.49;1.2;2.31;
630;632;6.86;2.31;0.9;
630;645;7.08;2.31;3.28;
630;646;5.98;2.31;2.83;
632;634;6.81;0.9;0.56;
632;643;6.29;0.9;1.27;
632;645;4.2;0.9;3.28;
632;646;6.16;0.9;2.83;
634;636;5.51;0.56;1.33;
634;637;8.46;0.56;1.3;
634;640;7.7;0.56;0.72;
634;641;6.02;0.56;0.78;
634;643;4.35;0.56;1.27;
634;645;8.47;0.56;3.28;
636;637;3.84;1.33;1.3;
636;640;5.13;1.33;0.72;
636;641;6.44;1.33;0.78;
636;643;9.24;1.33;1.27;
637;640;7.47;1.3;0.72;
637;641;8.94;1.3;0.78;
640;641;3.83;0.72;0.78;
640;643;9.35;0.72;1.27;
641;643;6.19;0.78;1.27;
643;645;5.64;1.27;3.28;
643;646;8.59;1.27;2.83;
645;646;3.86;3.28;2.83;
