338;474;9.7;0.82;0.27;
521;552;9.61;0.76;1.08;
521;604;6.77;0.76;1.15;
521;606;4.63;0.76;1.05;
521;645;6.56;0.76;1.69;
521;646;7.44;0.76;1.33;
532;534;6.71;0.3;0.54;
532;559;9.11;0.3;1.93;
532;583;7.17;0.3;0.55;
532;585;4.63;0.3;0.26;
532;587;8.93;0.3;0.48;
532;617;7.98;0.3;0.44;
532;646;9.89;0.3;1.33;
534;536;6.18;0.54;0.8;
534;554;9.83;0.54;1.34;
534;562;9.95;0.54;1.47;
534;563;9.76;0.54;1.6;
534;565;9.9;0.54;1.35;
534;579;8.41;0.54;0.84;
534;581;6.99;0.54;0.83;
534;582;5.77;0.54;0.38;
534;583;4.34;0.54;0.55;
534;585;8.73;0.54;0.26;
534;606;8.95;0.54;1.05;
534;617;5.21;0.54;0.44;
536;581;5.35;0.8;0.83;
536;582;7.74;0.8;0.38;
536;583;9.18;0.8;0.55;
536;606;9.27;0.8;1.05;
536;617;7.1;0.8;0.44;
552;554;6.18;1.08;1.34;
552;564;9.06;1.08;1.58;
552;565;5.39;1.08;1.35;
552;581;7.14;1.08;0.83;
552;582;7.53;1.08;0.38;
552;583;9.33;1.08;0.55;
552;604;8.52;1.08;1.15;
552;606;5.16;1.08;1.05;
554;557;7.55;1.34;1.61;
554;562;8.35;1.34;1.47;
554;563;4.95;1.34;1.6;
554;564;5.78;1.34;1.58;
554;565;4.48;1.34;1.35;
554;579;9.65;1.34;0.84;
554;581;9.1;1.34;0.83;
554;582;6.52;1.34;0.38;
554;583;6.35;1.34;0.55;
554;604;5.59;1.34;1.15;
554;606;7.79;1.34;1.05;
557;559;6.46;1.61;1.93;
557;560;7.56;1.61;2.21;
557;562;6.01;1.61;1.47;
557;563;5.48;1.61;1.6;
557;564;8.9;1.61;1.58;
557;583;9.01;1.61;0.55;
557;585;7.2;1.61;0.26;
557;604;9.01;1.61;1.15;
559;560;3.82;1.93;2.21;
559;562;8.22;1.93;1.47;
559;585;4.99;1.93;0.26;
559;587;5.47;1.93;0.48;
559;590;6.37;1.93;0.69;
560;562;6.75;2.21;1.47;
560;563;9.7;2.21;1.6;
560;576;7.43;2.21;0.8;
560;585;6.15;2.21;0.26;
560;587;6.36;2.21;0.48;
560;590;4.43;2.21;0.69;
560;594;7.5;2.21;0.86;
562;563;3.67;1.47;1.6;
562;564;6.29;1.47;1.58;
562;565;9.11;1.47;1.35;
562;576;5.69;1.47;0.8;
562;577;6.61;1.47;0.81;
562;579;7.49;1.47;0.84;
562;582;7.82;1.47;0.38;
562;583;6.13;1.47;0.55;
562;585;6.63;1.47;0.26;
563;564;3.7;1.6;1.58;
563;565;5.95;1.6;1.35;
563;576;9.07;1.6;0.8;
563;577;9.05;1.6;0.81;
563;579;7.22;1.6;0.84;
563;581;9.9;1.6;0.83;
563;582;6.24;1.6;0.38;
563;583;5.44;1.6;0.55;
563;585;8.07;1.6;0.26;
563;604;9.3;1.6;1.15;
564;565;3.75;1.58;1.35;
564;577;9.2;1.58;0.81;
564;579;5.49;1.58;0.84;
564;581;8.15;1.58;0.83;
564;582;5.34;1.58;0.38;
564;583;6.86;1.58;0.55;
565;579;6.89;1.35;0.84;
565;581;6.18;1.35;0.83;
565;582;4.6;1.35;0.38;
565;583;6.99;1.35;0.55;
565;604;9.7;1.35;1.15;
565;606;9.04;1.35;1.05;
576;577;3.81;0.8;0.81;
576;579;8.99;0.8;0.84;
576;585;9.88;0.8;0.26;
576;594;7.59;0.8;0.86;
577;579;6.03;0.81;0.84;
577;582;9.19;0.81;0.38;
577;583;9.03;0.81;0.55;
579;581;6.11;0.84;0.83;
579;582;4.31;0.84;0.38;
579;583;6.56;0.84;0.55;
581;582;3.84;0.83;0.38;
581;583;7.12;0.83;0.55;
581;606;8.87;0.83;1.05;
582;583;3.78;0.38;0.55;
582;606;8.94;0.38;1.05;
583;585;6.65;0.55;0.26;
583;604;8.86;0.55;1.15;
583;606;9.01;0.55;1.05;
583;617;9.41;0.55;0.44;
585;587;6.97;0.26;0.48;
585;590;9.42;0.26;0.69;
587;590;5.52;0.48;0.69;
590;594;6.05;0.69;0.86;
604;606;6.78;1.15;1.05;
606;645;9.57;1.05;1.69;
617;632;8.14;0.44;0.57;
617;634;5.94;0.44;1.77;
617;643;9.44;0.44;0.96;
617;645;8.19;0.44;1.69;
617;646;9.94;0.44;1.33;
630;632;6.32;0.86;0.57;
630;646;7.36;0.86;1.33;
632;634;7.05;0.57;1.77;
632;643;9.13;0.57;0.96;
632;645;7.24;0.57;1.69;
632;646;6.53;0.57;1.33;
634;643;7.05;1.77;0.96;
634;645;8.9;1.77;1.69;
643;645;5.53;0.96;1.69;
643;646;8.61;0.96;1.33;
645;646;3.63;1.69;1.33;
