338;341;7.94;0.68;0.25;
338;384;6.14;0.68;0.61;
338;407;8.01;0.68;0.59;
338;408;6.82;0.68;0.51;
338;415;7.65;0.68;0.41;
338;419;8.17;0.68;0.82;
338;472;9.56;0.68;0.75;
338;502;9.25;0.68;0.4;
338;503;9.39;0.68;0.31;
341;343;5.79;0.25;0.34;
341;344;9.48;0.25;0.22;
341;384;7.12;0.25;0.61;
341;417;7.61;0.25;0.53;
341;418;8.26;0.25;0.63;
341;419;7.64;0.25;0.82;
341;449;9.84;0.25;0.49;
341;472;7.08;0.25;0.75;
341;473;7.47;0.25;0.77;
341;474;9.02;0.25;0.78;
341;502;8.45;0.25;0.4;
341;503;6.07;0.25;0.31;
341;504;8.26;0.25;0.18;
341;505;9.14;0.25;0.2;
343;344;3.82;0.34;0.22;
343;345;6.91;0.34;0.36;
343;371;6.43;0.34;0.33;
343;372;7.78;0.34;0.57;
343;417;7.71;0.34;0.53;
343;418;8.77;0.34;0.63;
343;472;8.83;0.34;0.75;
343;473;7.37;0.34;0.77;
343;503;9.36;0.34;0.31;
343;504;9.05;0.34;0.18;
343;505;7.43;0.34;0.2;
344;345;3.79;0.22;0.36;
344;347;7.23;0.22;0.27;
344;369;9.1;0.22;0.53;
344;371;5.47;0.22;0.33;
344;372;7.57;0.22;0.57;
344;473;8.48;0.22;0.77;
344;505;7.38;0.22;0.2;
344;507;9.16;0.22;0.14;
345;347;6.86;0.36;0.27;
345;369;8.74;0.36;0.53;
345;371;5.91;0.36;0.33;
345;372;6.79;0.36;0.57;
347;349;5.71;0.27;0.29;
347;368;6.77;0.27;0.54;
347;369;6.86;0.27;0.53;
347;371;9.09;0.27;0.33;
347;505;9.6;0.27;0.2;
347;506;9.92;0.27;0.18;
347;507;6.45;0.27;0.14;
349;368;8.61;0.29;0.54;
349;507;9.12;0.29;0.14;
355;356;3.84;0.41;0.45;
355;368;8.63;0.41;0.54;
355;369;8.28;0.41;0.53;
355;506;9.9;0.41;0.18;
355;507;9.11;0.41;0.14;
355;615;9.98;0.41;0.48;
356;368;9.92;0.45;0.54;
356;369;7.99;0.45;0.53;
356;506;7.18;0.45;0.18;
356;507;7.83;0.45;0.14;
368;369;3.83;0.54;0.53;
368;371;9.47;0.54;0.33;
368;507;8.63;0.54;0.14;
369;371;6.32;0.53;0.33;
369;372;9.26;0.53;0.57;
369;473;9.35;0.53;0.77;
369;505;9.27;0.53;0.2;
369;506;8.67;0.53;0.18;
369;507;6.79;0.53;0.14;
371;372;3.88;0.33;0.57;
371;417;7.92;0.33;0.53;
371;472;7.76;0.33;0.75;
371;473;6.42;0.33;0.77;
371;505;8.05;0.33;0.2;
371;506;9.94;0.33;0.18;
371;507;9.54;0.33;0.14;
372;417;5.88;0.57;0.53;
372;418;8.73;0.57;0.63;
372;472;9.14;0.57;0.75;
372;473;9.27;0.57;0.77;
384;415;7.99;0.61;0.41;
384;417;8.93;0.61;0.53;
384;418;7.3;0.61;0.63;
384;419;4.49;0.61;0.82;
384;420;6.92;0.61;0.7;
384;421;8.79;0.61;0.57;
384;447;8.38;0.61;0.6;
384;448;4.53;0.61;0.53;
384;449;6.71;0.61;0.49;
407;408;3.87;0.59;0.51;
407;415;5.71;0.59;0.41;
407;417;9.17;0.59;0.53;
407;419;9.59;0.59;0.82;
407;472;5.56;0.59;0.75;
407;473;9.33;0.59;0.77;
407;474;9.87;0.59;0.78;
408;415;5.8;0.51;0.41;
408;421;9.13;0.51;0.57;
408;472;8.99;0.51;0.75;
415;417;6.97;0.41;0.53;
415;418;8.16;0.41;0.63;
415;419;5.27;0.41;0.82;
415;420;5.63;0.41;0.7;
415;421;4.76;0.41;0.57;
415;448;9.23;0.41;0.53;
415;472;8.94;0.41;0.75;
417;418;3.82;0.53;0.63;
417;419;5.15;0.53;0.82;
417;420;7.45;0.53;0.7;
417;421;9.74;0.53;0.57;
417;448;9.31;0.53;0.53;
417;449;8.21;0.53;0.49;
417;472;7.84;0.53;0.75;
417;473;9.66;0.53;0.77;
418;419;3.86;0.63;0.82;
418;420;5.83;0.63;0.7;
418;421;9.24;0.63;0.57;
418;447;7.79;0.63;0.6;
418;448;6.23;0.63;0.53;
418;449;4.48;0.63;0.49;
419;420;3.81;0.82;0.7;
419;421;6.47;0.82;0.57;
419;447;7.46;0.82;0.6;
419;448;4.8;0.82;0.53;
419;449;5.79;0.82;0.49;
420;421;3.8;0.7;0.57;
420;447;5.74;0.7;0.6;
420;448;5.06;0.7;0.53;
420;449;6.97;0.7;0.49;
421;447;8.64;0.57;0.6;
421;448;8.05;0.57;0.53;
447;448;3.89;0.6;0.53;
447;449;5.28;0.6;0.49;
448;449;3.93;0.53;0.49;
472;473;3.82;0.75;0.77;
472;474;5.55;0.75;0.78;
472;503;7.29;0.75;0.31;
472;504;8.16;0.75;0.18;
472;505;8.38;0.75;0.2;
473;474;3.89;0.77;0.78;
473;503;6.4;0.77;0.31;
473;504;5.42;0.77;0.18;
473;505;4.65;0.77;0.2;
473;506;6.64;0.77;0.18;
473;507;8.85;0.77;0.14;
474;502;7.92;0.78;0.4;
474;503;4.99;0.78;0.31;
474;504;4.14;0.78;0.18;
474;505;5.76;0.78;0.2;
474;506;6.49;0.78;0.18;
474;507;9.95;0.78;0.14;
502;503;3.81;0.4;0.31;
502;504;6.86;0.4;0.18;
503;504;3.89;0.31;0.18;
503;505;7.07;0.31;0.2;
503;506;9.5;0.31;0.18;
504;505;3.84;0.18;0.2;
504;506;5.84;0.18;0.18;
504;507;8.89;0.18;0.14;
505;506;3.84;0.2;0.18;
505;507;5.63;0.2;0.14;
506;507;3.87;0.18;0.14;
517;518;3.81;0.69;0.65;
517;519;7.08;0.69;0.76;
517;536;8.82;0.69;1.06;
517;608;7.65;0.69;0.9;
517;618;9.45;0.69;0.44;
517;634;9.63;0.69;0.55;
517;635;8.02;0.69;0.2;
517;640;8.58;0.69;1.37;
517;641;6.2;0.69;1.26;
517;642;8.92;0.69;1.34;
518;519;3.81;0.65;0.76;
518;536;8.43;0.65;1.06;
518;608;6.4;0.65;0.9;
518;617;9.63;0.65;0.86;
518;618;7.65;0.65;0.44;
518;634;9.12;0.65;0.55;
518;635;9.05;0.65;0.2;
518;640;9.72;0.65;1.37;
518;641;6.15;0.65;1.26;
518;642;7.23;0.65;1.34;
518;644;7.62;0.65;1.33;
519;521;7.36;0.76;1.08;
519;534;9.51;0.76;0.81;
519;536;7.79;0.76;1.06;
519;606;7.33;0.76;1.33;
519;608;4.48;0.76;0.9;
519;617;8.09;0.76;0.86;
519;618;9.13;0.76;0.44;
519;641;9.48;0.76;1.26;
519;642;9.6;0.76;1.34;
519;644;6.82;0.76;1.33;
521;532;7.58;1.08;0.89;
521;534;8.42;1.08;0.81;
521;552;9.92;1.08;1.77;
521;582;9.7;1.08;1.88;
521;583;7.18;1.08;2.76;
521;585;9.63;1.08;0.88;
521;604;6.99;1.08;1.41;
521;606;4.54;1.08;1.33;
521;608;8.89;1.08;0.9;
521;617;9.08;1.08;0.86;
521;622;9.41;1.08;1.04;
521;644;8.93;1.08;1.33;
521;646;6.88;1.08;1.87;
527;559;4.89;1.02;2.77;
527;560;7.03;1.02;3.32;
527;586;9.78;1.02;0.71;
527;587;6.45;1.02;0.99;
527;590;9.18;1.02;0.8;
532;534;6.67;0.89;0.81;
532;554;9.87;0.89;1.88;
532;582;9.62;0.89;1.88;
532;583;7.27;0.89;2.76;
532;584;6.6;0.89;0.74;
532;585;4.38;0.89;0.88;
532;586;6.38;0.89;0.71;
532;587;8.78;0.89;0.99;
532;604;8.34;0.89;1.41;
532;606;9.29;0.89;1.33;
532;617;8.05;0.89;0.86;
532;632;9.65;0.89;1.35;
532;646;8.1;0.89;1.87;
534;536;6.7;0.81;1.06;
534;552;9.1;0.81;1.77;
534;565;9.77;0.81;2.36;
534;579;9.81;0.81;1.67;
534;580;9.44;0.81;1.27;
534;581;6.75;0.81;1.55;
534;582;5.19;0.81;1.88;
534;583;5.44;0.81;2.76;
534;584;7.4;0.81;0.74;
534;585;8.66;0.81;0.88;
534;606;7.17;0.81;1.33;
534;608;9.46;0.81;0.9;
534;615;8.74;0.81;0.48;
534;617;5.05;0.81;0.86;
536;580;8.82;1.06;1.27;
536;581;5.89;1.06;1.55;
536;582;8.2;1.06;1.88;
536;606;9.32;1.06;1.33;
536;608;6.51;1.06;0.9;
536;615;4.95;1.06;0.48;
536;617;7.17;1.06;0.86;
552;554;6.87;1.77;1.88;
552;564;9.5;1.77;2.71;
552;565;5.76;1.77;2.36;
552;567;4.55;1.77;2.1;
552;570;7.97;1.77;2.11;
552;579;7.63;1.77;1.67;
552;580;7.73;1.77;1.27;
552;581;5.79;1.77;1.55;
552;582;4.61;1.77;1.88;
552;583;5.24;1.77;2.76;
552;584;9.43;1.77;0.74;
552;604;8.79;1.77;1.41;
552;606;5.58;1.77;1.33;
552;608;8.68;1.77;0.9;
554;557;7.44;1.88;2.5;
554;561;9.61;1.88;2.72;
554;562;8.26;1.88;2.58;
554;563;5.25;1.88;2.66;
554;564;5.52;1.88;2.71;
554;565;4.2;1.88;2.36;
554;567;9.16;1.88;2.1;
554;576;9.43;1.88;1.5;
554;577;9.68;1.88;1.72;
554;579;9.43;1.88;1.67;
554;582;6.84;1.88;1.88;
554;583;5.09;1.88;2.76;
554;584;4.96;1.88;0.74;
554;585;6.85;1.88;0.88;
554;586;9.74;1.88;0.71;
554;604;5.6;1.88;1.41;
554;606;8.65;1.88;1.33;
557;559;6.39;2.5;2.77;
557;560;5.94;2.5;3.32;
557;561;4.35;2.5;2.72;
557;562;6.37;2.5;2.58;
557;563;5.48;2.5;2.66;
557;564;8.97;2.5;2.71;
557;584;8.16;2.5;0.74;
557;585;7.63;2.5;0.88;
557;586;7.99;2.5;0.71;
557;587;9.26;2.5;0.99;
557;590;8.06;2.5;0.8;
557;604;8.98;2.5;1.41;
559;560;3.08;2.77;3.32;
559;561;5.63;2.77;2.72;
559;562;8.92;2.77;2.58;
559;585;8.8;2.77;0.88;
559;586;7.03;2.77;0.71;
559;587;5.21;2.77;0.99;
559;590;5.62;2.77;0.8;
560;561;3.77;3.32;2.72;
560;562;6.31;3.32;2.58;
560;563;8.48;3.32;2.66;
560;584;8.7;3.32;0.74;
560;585;6.65;3.32;0.88;
560;586;4.26;3.32;0.71;
560;587;3.62;3.32;0.99;
560;590;4.73;3.32;0.8;
560;594;9.67;3.32;1.26;
561;562;3.71;2.72;2.58;
561;563;5.71;2.72;2.66;
561;564;9.41;2.72;2.71;
561;575;9.14;2.72;1.63;
561;576;8.77;2.72;1.5;
561;584;8.01;2.72;0.74;
561;585;7.65;2.72;0.88;
561;586;6.02;2.72;0.71;
561;587;7.08;2.72;0.99;
561;590;4.35;2.72;0.8;
561;594;7.18;2.72;1.26;
562;563;3.81;2.58;2.66;
562;564;6.77;2.58;2.71;
562;565;9.3;2.58;2.36;
562;575;6.53;2.58;1.63;
562;576;5.29;2.58;1.5;
562;577;8.16;2.58;1.72;
562;584;5.76;2.58;0.74;
562;585;7.06;2.58;0.88;
562;586;5.95;2.58;0.71;
562;587;8.59;2.58;0.99;
562;590;6.99;2.58;0.8;
562;594;7.12;2.58;1.26;
563;564;3.81;2.66;2.71;
563;565;6.3;2.66;2.36;
563;575;7.88;2.66;1.63;
563;576;5.56;2.66;1.5;
563;577;7.72;2.66;1.72;
563;582;9.92;2.66;1.88;
563;583;9.0;2.66;2.76;
563;584;5.25;2.66;0.74;
563;585;7.44;2.66;0.88;
563;586;8.18;2.66;0.71;
563;590;9.86;2.66;0.8;
563;594;9.91;2.66;1.26;
563;604;9.75;2.66;1.41;
564;565;3.75;2.71;2.36;
564;567;9.51;2.71;2.1;
564;575;8.12;2.71;1.63;
564;576;4.99;2.71;1.5;
564;577;5.63;2.71;1.72;
564;579;7.2;2.71;1.67;
564;582;8.31;2.71;1.88;
564;583;8.64;2.71;2.76;
564;584;6.47;2.71;0.74;
564;585;9.8;2.71;0.88;
565;567;6.36;2.36;2.1;
565;576;7.94;2.36;1.5;
565;577;6.95;2.36;1.72;
565;579;5.45;2.36;1.67;
565;580;7.76;2.36;1.27;
565;581;7.98;2.36;1.55;
565;582;5.24;2.36;1.88;
565;583;5.93;2.36;2.76;
565;584;6.29;2.36;0.74;
565;585;9.62;2.36;0.88;
565;604;9.33;2.36;1.41;
565;606;9.6;2.36;1.33;
567;570;6.14;2.1;2.11;
567;579;6.61;2.1;1.67;
567;580;6.94;2.1;1.27;
567;581;7.25;2.1;1.55;
567;582;7.43;2.1;1.88;
567;583;9.15;2.1;2.76;
570;580;8.59;2.11;1.27;
570;581;8.17;2.11;1.55;
570;608;9.84;2.11;0.9;
575;576;3.84;1.63;1.5;
575;577;7.02;1.63;1.72;
575;594;6.14;1.63;1.26;
576;577;3.72;1.5;1.72;
576;579;8.98;1.5;1.67;
576;584;7.48;1.5;0.74;
576;594;8.81;1.5;1.26;
577;579;5.86;1.72;1.67;
577;580;8.38;1.72;1.27;
577;582;8.5;1.72;1.88;
577;584;7.74;1.72;0.74;
579;580;3.1;1.67;1.27;
579;581;5.74;1.67;1.55;
579;582;5.76;1.67;1.88;
579;583;8.7;1.67;2.76;
579;584;9.53;1.67;0.74;
580;581;3.89;1.27;1.55;
580;582;6.0;1.27;1.88;
580;583;9.37;1.27;2.76;
581;582;3.89;1.55;1.88;
581;583;6.98;1.55;2.76;
581;606;7.81;1.55;1.33;
581;608;7.83;1.55;0.9;
581;615;9.93;1.55;0.48;
582;583;3.41;1.88;2.76;
582;584;6.6;1.88;0.74;
582;585;9.35;1.88;0.88;
582;604;9.39;1.88;1.41;
582;606;6.25;1.88;1.33;
582;608;9.28;1.88;0.9;
582;617;9.99;1.88;0.86;
583;584;5.14;2.76;0.74;
583;585;6.78;2.76;0.88;
583;604;6.13;2.76;1.41;
583;606;4.68;2.76;1.33;
583;608;9.83;2.76;0.9;
583;617;9.81;2.76;0.86;
584;585;3.84;0.74;0.88;
584;586;5.96;0.74;0.71;
584;587;9.73;0.74;0.99;
584;604;7.69;0.74;1.41;
584;606;9.65;0.74;1.33;
585;586;3.8;0.88;0.71;
585;587;6.94;0.88;0.99;
585;604;6.66;0.88;1.41;
586;587;3.86;0.71;0.99;
586;590;7.86;0.71;0.8;
587;590;6.93;0.99;0.8;
590;594;6.06;0.8;1.26;
604;606;7.07;1.41;1.33;
606;608;6.3;1.33;0.9;
606;617;9.67;1.33;0.86;
615;617;7.25;0.48;0.86;
617;632;7.93;0.86;1.35;
617;644;8.69;0.86;1.33;
617;646;9.23;0.86;1.87;
618;631;8.49;0.44;1.52;
618;632;6.1;0.44;1.35;
618;634;6.05;0.44;0.55;
618;635;8.41;0.44;0.2;
618;641;9.42;0.44;1.26;
618;642;8.37;0.44;1.34;
618;644;8.74;0.44;1.33;
622;631;8.62;1.04;1.52;
622;646;8.22;1.04;1.87;
626;628;9.57;2.62;2.11;
631;632;3.79;1.52;1.35;
631;642;9.26;1.52;1.34;
631;644;5.52;1.52;1.33;
631;646;8.71;1.52;1.87;
632;634;7.41;1.35;0.55;
632;642;7.66;1.35;1.34;
632;644;7.04;1.35;1.33;
632;646;5.99;1.35;1.87;
634;635;3.82;0.55;0.2;
634;640;7.6;0.55;1.37;
634;641;6.42;0.55;1.26;
634;642;5.73;0.55;1.34;
635;640;5.32;0.2;1.37;
635;641;5.5;0.2;1.26;
635;642;7.09;0.2;1.34;
640;641;3.9;1.37;1.26;
640;642;6.61;1.37;1.34;
641;642;3.81;1.26;1.34;
641;644;9.43;1.26;1.33;
642;644;6.89;1.34;1.33;
644;646;6.48;1.33;1.87;
