346;370;7.13;0.71;0.06;
346;371;6.46;0.71;0.24;
370;371;3.89;0.06;0.24;
371;417;7.6;0.24;0.25;
521;523;6.63;0.16;0.27;
521;532;9.15;0.16;0.27;
521;534;9.3;0.16;0.31;
521;552;9.81;0.16;0.29;
521;604;7.93;0.16;0.49;
521;606;4.47;0.16;0.23;
521;617;9.48;0.16;0.26;
521;619;8.74;0.16;0.21;
521;630;8.58;0.16;4.23;
523;530;9.99;0.27;0.08;
523;532;8.75;0.27;0.27;
523;604;4.8;0.27;0.49;
523;606;8.7;0.27;0.23;
523;619;9.93;0.27;0.21;
523;621;9.82;0.27;0.37;
523;626;8.81;0.27;3.3;
523;628;8.44;0.27;3.58;
530;532;6.24;0.08;0.27;
530;559;5.8;0.08;1.66;
530;560;6.95;0.08;0.64;
530;585;6.28;0.08;0.39;
530;587;5.04;0.08;0.35;
530;590;9.74;0.08;0.39;
530;619;8.0;0.08;0.21;
530;621;5.12;0.08;0.37;
532;534;6.7;0.27;0.31;
532;559;9.43;0.27;1.66;
532;560;9.27;0.27;0.64;
532;562;9.83;0.27;0.99;
532;563;9.87;0.27;0.47;
532;583;7.32;0.27;0.43;
532;584;6.02;0.27;0.33;
532;585;4.35;0.27;0.39;
532;587;8.95;0.27;0.35;
532;604;9.01;0.27;0.49;
532;617;7.92;0.27;0.26;
532;619;4.96;0.27;0.21;
532;621;7.77;0.27;0.37;
534;536;6.34;0.31;0.3;
534;552;9.39;0.31;0.29;
534;554;9.57;0.31;0.39;
534;565;9.16;0.31;0.53;
534;579;9.16;0.31;0.55;
534;581;7.47;0.31;0.55;
534;583;4.21;0.31;0.43;
534;584;6.55;0.31;0.33;
534;585;8.68;0.31;0.39;
534;606;7.96;0.31;0.23;
534;617;4.94;0.31;0.26;
534;619;8.82;0.31;0.21;
536;581;5.5;0.3;0.55;
536;583;9.06;0.3;0.43;
536;606;9.49;0.3;0.23;
536;617;7.21;0.3;0.26;
552;554;6.37;0.29;0.39;
552;564;9.63;0.29;0.77;
552;565;5.91;0.29;0.53;
552;567;4.6;0.29;0.34;
552;570;8.29;0.29;0.19;
552;581;7.31;0.29;0.55;
552;583;7.9;0.29;0.43;
552;604;8.53;0.29;0.49;
552;606;5.43;0.29;0.23;
554;557;7.81;0.39;0.5;
554;562;8.53;0.39;0.99;
554;563;5.11;0.39;0.47;
554;564;5.94;0.39;0.77;
554;565;4.39;0.39;0.53;
554;567;8.68;0.39;0.34;
554;583;6.14;0.39;0.43;
554;584;7.04;0.39;0.33;
554;585;8.53;0.39;0.39;
554;604;5.46;0.39;0.49;
554;606;8.4;0.39;0.23;
557;559;6.41;0.5;1.66;
557;560;6.65;0.5;0.64;
557;561;4.96;0.5;0.67;
557;562;5.6;0.5;0.99;
557;563;5.48;0.5;0.47;
557;564;8.91;0.5;0.77;
557;584;8.11;0.5;0.33;
557;585;7.01;0.5;0.39;
557;590;9.12;0.5;0.39;
557;604;9.05;0.5;0.49;
559;560;3.17;1.66;0.64;
559;561;5.89;1.66;0.67;
559;562;8.37;1.66;0.99;
559;584;9.7;1.66;0.33;
559;585;6.34;1.66;0.39;
559;587;4.92;1.66;0.35;
559;590;5.94;1.66;0.39;
560;561;3.8;0.64;0.67;
560;562;6.32;0.64;0.99;
560;563;8.96;0.64;0.47;
560;584;8.26;0.64;0.33;
560;585;5.58;0.64;0.39;
560;587;4.06;0.64;0.35;
560;590;3.63;0.64;0.39;
560;594;8.84;0.64;0.37;
561;562;3.79;0.67;0.99;
561;563;6.7;0.67;0.47;
561;564;9.77;0.67;0.77;
561;576;8.1;0.67;0.31;
561;584;7.77;0.67;0.33;
561;585;6.72;0.67;0.39;
561;587;7.73;0.67;0.35;
561;590;4.91;0.67;0.39;
561;594;7.66;0.67;0.37;
562;563;3.64;0.99;0.47;
562;564;6.25;0.99;0.77;
562;565;9.23;0.99;0.53;
562;576;5.87;0.99;0.31;
562;577;7.98;0.99;0.38;
562;583;7.97;0.99;0.43;
562;584;4.88;0.99;0.33;
562;585;5.81;0.99;0.39;
562;587;9.67;0.99;0.35;
562;590;8.07;0.99;0.39;
562;594;9.18;0.99;0.37;
563;564;3.66;0.47;0.77;
563;565;5.93;0.47;0.53;
563;576;8.14;0.47;0.31;
563;577;8.89;0.47;0.38;
563;579;8.91;0.47;0.55;
563;583;6.21;0.47;0.43;
563;584;4.69;0.47;0.33;
563;585;6.59;0.47;0.39;
563;604;9.16;0.47;0.49;
564;565;3.81;0.77;0.53;
564;567;9.57;0.77;0.34;
564;576;8.18;0.77;0.31;
564;577;7.55;0.77;0.38;
564;579;5.98;0.77;0.55;
564;581;9.77;0.77;0.55;
564;583;6.14;0.77;0.43;
564;584;6.44;0.77;0.33;
564;585;9.54;0.77;0.39;
565;567;6.06;0.53;0.34;
565;579;6.5;0.53;0.55;
565;581;7.42;0.53;0.55;
565;583;5.51;0.53;0.43;
565;584;7.66;0.53;0.33;
565;604;9.57;0.53;0.49;
565;606;9.74;0.53;0.23;
567;570;6.15;0.34;0.19;
567;579;9.78;0.34;0.55;
567;581;7.15;0.34;0.55;
567;606;9.92;0.34;0.23;
570;581;9.06;0.19;0.55;
576;577;3.75;0.31;0.38;
576;579;8.97;0.31;0.55;
576;584;7.96;0.31;0.33;
576;594;7.78;0.31;0.37;
577;579;5.87;0.38;0.55;
577;583;8.89;0.38;0.43;
577;584;8.18;0.38;0.33;
579;581;6.37;0.55;0.55;
579;583;6.81;0.55;0.43;
579;584;8.67;0.55;0.33;
581;583;7.27;0.55;0.43;
581;606;9.73;0.55;0.23;
583;584;3.79;0.43;0.33;
583;585;7.02;0.43;0.39;
583;604;9.15;0.43;0.49;
583;606;8.51;0.43;0.23;
583;617;9.08;0.43;0.26;
584;585;3.86;0.33;0.39;
584;604;9.48;0.33;0.49;
585;587;6.93;0.39;0.35;
585;590;8.9;0.39;0.39;
585;604;8.87;0.39;0.49;
585;619;9.17;0.39;0.21;
587;590;5.3;0.35;0.39;
587;621;9.67;0.35;0.37;
590;594;6.2;0.39;0.37;
604;606;7.23;0.49;0.23;
617;619;6.92;0.26;0.21;
617;632;9.91;0.26;1.57;
617;643;9.96;0.26;4.03;
619;621;6.04;0.21;0.37;
619;628;9.05;0.21;3.58;
619;630;6.17;0.21;4.23;
619;632;9.37;0.21;1.57;
619;645;8.69;0.21;1.9;
619;646;7.29;0.21;1.98;
621;628;6.22;0.37;3.58;
621;630;7.98;0.37;4.23;
621;646;6.94;0.37;1.98;
626;628;6.27;3.3;3.58;
628;630;6.32;3.58;4.23;
628;646;7.64;3.58;1.98;
630;632;6.16;4.23;1.57;
630;633;9.21;4.23;1.11;
630;645;6.44;4.23;1.9;
630;646;5.09;4.23;1.98;
632;633;3.77;1.57;1.11;
632;634;5.86;1.57;0.78;
632;643;5.85;1.57;4.03;
632;645;5.99;1.57;1.9;
632;646;8.25;1.57;1.98;
633;634;3.77;1.11;0.78;
633;643;7.78;1.11;4.03;
633;645;9.19;1.11;1.9;
634;635;9.01;0.78;1.1;
634;643;6.58;0.78;4.03;
635;643;5.64;1.1;4.03;
643;645;6.52;4.03;1.9;
643;646;9.97;4.03;1.98;
645;646;3.88;1.9;1.98;
