1;2;338;474;9.7;1.92;1.38;
1;2;552;581;7.14;1.6;2.43;
1;2;552;582;7.53;1.6;1.99;
1;2;552;583;9.33;1.6;1.72;
1;2;554;534;9.83;1.98;2.27;
1;2;554;579;9.65;1.98;1.51;
1;2;554;581;9.1;1.98;2.43;
1;2;554;582;6.52;1.98;1.99;
1;2;554;583;6.35;1.98;1.72;
1;2;557;583;9.01;2.87;1.72;
1;2;557;585;7.2;2.87;1.71;
1;2;559;532;9.11;4.34;2.34;
1;2;559;585;4.99;4.34;1.71;
1;2;559;587;5.47;4.34;1.68;
1;2;559;590;6.37;4.34;1.19;
1;2;560;576;7.43;3.59;1.14;
1;2;560;585;6.15;3.59;1.71;
1;2;560;587;6.36;3.59;1.68;
1;2;560;590;4.43;3.59;1.19;
1;2;560;594;7.5;3.59;1.04;
1;2;562;534;9.95;3.76;2.27;
1;2;562;576;5.69;3.76;1.14;
1;2;562;577;6.61;3.76;1.25;
1;2;562;579;7.49;3.76;1.51;
1;2;562;582;7.82;3.76;1.99;
1;2;562;583;6.13;3.76;1.72;
1;2;562;585;6.63;3.76;1.71;
1;2;563;534;9.76;2.76;2.27;
1;2;563;576;9.07;2.76;1.14;
1;2;563;577;9.05;2.76;1.25;
1;2;563;579;7.22;2.76;1.51;
1;2;563;581;9.9;2.76;2.43;
1;2;563;582;6.24;2.76;1.99;
1;2;563;583;5.44;2.76;1.72;
1;2;563;585;8.07;2.76;1.71;
1;2;564;577;9.2;2.34;1.25;
1;2;564;579;5.49;2.34;1.51;
1;2;564;581;8.15;2.34;2.43;
1;2;564;582;5.34;2.34;1.99;
1;2;564;583;6.86;2.34;1.72;
1;2;565;534;9.9;2.02;2.27;
1;2;565;579;6.89;2.02;1.51;
1;2;565;581;6.18;2.02;2.43;
1;2;565;582;4.6;2.02;1.99;
1;2;565;583;6.99;2.02;1.72;
1;2;604;583;8.86;2.33;1.72;
1;2;606;534;8.95;1.85;2.27;
1;2;606;536;9.27;1.85;3.5;
1;2;606;581;8.87;1.85;2.43;
1;2;606;582;8.94;1.85;1.99;
1;2;606;583;9.01;1.85;1.72;
1;2;643;617;9.44;8.62;3.04;
1;2;643;632;9.13;8.62;7.57;
1;2;643;634;7.05;8.62;8.18;
1;2;645;617;8.19;10.96;3.04;
1;2;645;632;7.24;10.96;7.57;
1;2;645;634;8.9;10.96;8.18;
1;2;646;532;9.89;10.46;2.34;
1;2;646;617;9.94;10.46;3.04;
1;2;646;630;7.36;10.46;7.24;
1;2;646;632;6.53;10.46;7.57;
2;3;552;536;9.97;1.6;3.5;
2;3;552;581;7.09;1.6;2.43;
2;3;552;583;8.83;1.6;1.72;
2;3;554;534;9.68;1.98;2.27;
2;3;554;579;9.75;1.98;1.51;
2;3;554;581;9.45;1.98;2.43;
2;3;554;583;6.21;1.98;1.72;
2;3;554;585;9.36;1.98;1.71;
2;3;557;583;9.33;2.87;1.72;
2;3;557;585;7.01;2.87;1.71;
2;3;559;532;9.06;4.34;2.34;
2;3;559;585;5.08;4.34;1.71;
2;3;559;587;5.16;4.34;1.68;
2;3;559;590;6.53;4.34;1.19;
2;3;560;576;7.87;3.59;1.14;
2;3;560;585;6.12;3.59;1.71;
2;3;560;587;5.95;3.59;1.68;
2;3;560;590;4.29;3.59;1.19;
2;3;560;594;7.55;3.59;1.04;
2;3;562;576;5.56;3.76;1.14;
2;3;562;577;6.69;3.76;1.25;
2;3;562;579;7.93;3.76;1.51;
2;3;562;583;6.31;3.76;1.72;
2;3;562;585;6.4;3.76;1.71;
2;3;563;534;9.74;2.76;2.27;
2;3;563;576;8.84;2.76;1.14;
2;3;563;577;8.99;2.76;1.25;
2;3;563;579;7.56;2.76;1.51;
2;3;563;583;5.46;2.76;1.72;
2;3;563;585;7.58;2.76;1.71;
2;3;564;576;9.83;2.34;1.14;
2;3;564;577;8.81;2.34;1.25;
2;3;564;579;5.55;2.34;1.51;
2;3;564;581;8.5;2.34;2.43;
2;3;564;583;6.67;2.34;1.72;
2;3;565;534;9.56;2.02;2.27;
2;3;565;579;6.72;2.02;1.51;
2;3;565;581;6.44;2.02;2.43;
2;3;565;583;6.51;2.02;1.72;
2;3;604;532;9.92;2.33;2.34;
2;3;604;583;9.09;2.33;1.72;
2;3;604;585;9.61;2.33;1.71;
2;3;606;534;8.71;1.85;2.27;
2;3;606;536;9.35;1.85;3.5;
2;3;606;581;9.2;1.85;2.43;
2;3;606;583;8.84;1.85;1.72;
2;3;643;617;9.32;8.62;3.04;
2;3;643;632;7.89;8.62;7.57;
2;3;643;634;6.65;8.62;8.18;
2;3;645;617;8.12;10.96;3.04;
2;3;645;619;7.41;10.96;3.42;
2;3;645;630;9.47;10.96;7.24;
2;3;645;632;6.69;10.96;7.57;
2;3;645;634;9.3;10.96;8.18;
2;3;646;619;6.51;10.46;3.42;
2;3;646;630;5.93;10.46;7.24;
2;3;646;632;5.86;10.46;7.57;
3;4;519;536;8.77;2.5;3.5;
3;4;519;617;9.5;2.5;3.04;
3;4;521;532;8.99;2.79;2.34;
3;4;521;534;9.62;2.79;2.27;
3;4;552;534;9.53;1.6;2.27;
3;4;552;579;9.3;1.6;1.51;
3;4;552;580;9.08;1.6;2.05;
3;4;552;581;6.74;1.6;2.43;
3;4;552;582;5.87;1.6;1.99;
3;4;552;583;7.76;1.6;1.72;
3;4;554;534;9.65;1.98;2.27;
3;4;554;579;9.08;1.98;1.51;
3;4;554;582;6.84;1.98;1.99;
3;4;554;583;6.03;1.98;1.72;
3;4;554;584;6.93;1.98;1.51;
3;4;554;585;8.37;1.98;1.71;
3;4;557;584;7.8;2.87;1.51;
3;4;557;585;6.94;2.87;1.71;
3;4;557;590;9.77;2.87;1.19;
3;4;559;532;8.91;4.34;2.34;
3;4;559;584;8.15;4.34;1.51;
3;4;559;585;5.16;4.34;1.71;
3;4;559;587;4.58;4.34;1.68;
3;4;559;590;6.48;4.34;1.19;
3;4;560;532;9.53;3.59;2.34;
3;4;560;576;8.28;3.59;1.14;
3;4;560;584;7.32;3.59;1.51;
3;4;560;585;5.76;3.59;1.71;
3;4;560;587;4.92;3.59;1.68;
3;4;560;590;4.24;3.59;1.19;
3;4;560;594;7.39;3.59;1.04;
3;4;561;576;7.07;3.28;1.14;
3;4;561;584;7.54;3.28;1.51;
3;4;561;585;7.13;3.28;1.71;
3;4;561;587;8.25;3.28;1.68;
3;4;561;590;5.93;3.28;1.19;
3;4;561;594;7.31;3.28;1.04;
3;4;562;576;5.21;3.76;1.14;
3;4;562;577;7.25;3.76;1.25;
3;4;562;579;9.35;3.76;1.51;
3;4;562;582;9.94;3.76;1.99;
3;4;562;583;7.66;3.76;1.72;
3;4;562;584;4.89;3.76;1.51;
3;4;562;585;6.33;3.76;1.71;
3;4;562;590;9.09;3.76;1.19;
3;4;562;594;9.21;3.76;1.04;
3;4;563;576;7.61;2.76;1.14;
3;4;563;577;8.28;2.76;1.25;
3;4;563;579;7.92;2.76;1.51;
3;4;563;582;7.8;2.76;1.99;
3;4;563;583;6.31;2.76;1.72;
3;4;563;584;5.2;2.76;1.51;
3;4;563;585;7.24;2.76;1.71;
3;4;564;576;7.95;2.34;1.14;
3;4;564;577;7.35;2.34;1.25;
3;4;564;579;5.6;2.34;1.51;
3;4;564;580;8.87;2.34;2.05;
3;4;564;582;6.78;2.34;1.99;
3;4;564;583;7.16;2.34;1.72;
3;4;564;584;7.48;2.34;1.51;
3;4;565;534;9.64;2.02;2.27;
3;4;565;577;9.73;2.02;1.25;
3;4;565;579;5.52;2.02;1.51;
3;4;565;580;7.34;2.02;2.05;
3;4;565;581;7.37;2.02;2.43;
3;4;565;582;4.59;2.02;1.99;
3;4;565;583;6.28;2.02;1.72;
3;4;565;584;8.26;2.02;1.51;
3;4;570;581;9.68;1.24;2.43;
3;4;604;532;9.26;2.33;2.34;
3;4;604;583;8.66;2.33;1.72;
3;4;604;584;9.13;2.33;1.51;
3;4;604;585;8.39;2.33;1.71;
3;4;606;534;7.88;1.85;2.27;
3;4;606;536;9.27;1.85;3.5;
3;4;606;581;8.66;1.85;2.43;
3;4;606;582;7.84;1.85;1.99;
3;4;606;583;7.74;1.85;1.72;
3;4;640;634;8.53;8.36;8.18;
3;4;640;639;8.43;8.36;7.75;
3;4;641;634;6.86;8.69;8.18;
3;4;643;617;9.44;8.62;3.04;
3;4;643;632;7.31;8.62;7.57;
3;4;643;634;4.87;8.62;8.18;
3;4;645;617;8.44;10.96;3.04;
3;4;645;630;8.49;10.96;7.24;
3;4;645;632;3.71;10.96;7.57;
3;4;645;634;7.02;10.96;8.18;
3;4;646;630;5.78;10.46;7.24;
3;4;646;632;4.75;10.46;7.57;
4;5;338;417;9.62;1.92;0.82;
4;5;338;418;9.36;1.92;0.88;
4;5;384;417;9.13;0.98;0.82;
4;5;384;418;6.84;0.98;0.88;
4;5;449;418;7.66;1.8;0.88;
4;5;503;473;8.55;0.89;1.28;
4;5;519;536;8.62;2.5;3.5;
4;5;519;617;9.69;2.5;3.04;
4;5;521;532;9.65;2.79;2.34;
4;5;521;534;9.51;2.79;2.27;
4;5;552;534;9.99;1.6;2.27;
4;5;552;579;9.72;1.6;1.51;
4;5;552;581;6.84;1.6;2.43;
4;5;552;583;8.29;1.6;1.72;
4;5;554;534;9.88;1.98;2.27;
4;5;554;579;9.28;1.98;1.51;
4;5;554;581;9.91;1.98;2.43;
4;5;554;583;6.3;1.98;1.72;
4;5;554;585;9.02;1.98;1.71;
4;5;557;583;9.91;2.87;1.72;
4;5;557;585;7.12;2.87;1.71;
4;5;559;532;9.07;4.34;2.34;
4;5;559;585;5.23;4.34;1.71;
4;5;559;587;4.97;4.34;1.68;
4;5;559;590;6.41;4.34;1.19;
4;5;560;532;9.62;3.59;2.34;
4;5;560;576;7.82;3.59;1.14;
4;5;560;585;5.7;3.59;1.71;
4;5;560;587;5.35;3.59;1.68;
4;5;560;590;4.31;3.59;1.19;
4;5;560;594;7.56;3.59;1.04;
4;5;562;576;4.91;3.76;1.14;
4;5;562;577;6.71;3.76;1.25;
4;5;562;579;8.59;3.76;1.51;
4;5;562;583;7.3;3.76;1.72;
4;5;562;585;6.69;3.76;1.71;
4;5;562;590;9.79;3.76;1.19;
4;5;562;594;9.93;3.76;1.04;
4;5;563;576;7.96;2.76;1.14;
4;5;563;577;8.58;2.76;1.25;
4;5;563;579;7.86;2.76;1.51;
4;5;563;583;6.22;2.76;1.72;
4;5;563;585;7.44;2.76;1.71;
4;5;564;576;8.6;2.34;1.14;
4;5;564;577;8.0;2.34;1.25;
4;5;564;579;5.73;2.34;1.51;
4;5;564;581;9.73;2.34;2.43;
4;5;564;583;7.27;2.34;1.72;
4;5;565;534;9.86;2.02;2.27;
4;5;565;579;5.86;2.02;1.51;
4;5;565;581;7.15;2.02;2.43;
4;5;565;583;6.57;2.02;1.72;
4;5;604;532;9.83;2.33;2.34;
4;5;604;583;8.74;2.33;1.72;
4;5;604;585;8.95;2.33;1.71;
4;5;606;534;8.11;1.85;2.27;
4;5;606;536;9.35;1.85;3.5;
4;5;606;581;8.57;1.85;2.43;
4;5;606;583;7.95;1.85;1.72;
4;5;628;628;8.58;7.78;7.78;
4;5;628;629;7.8;7.78;7.02;
4;5;628;630;9.28;7.78;7.24;
4;5;631;632;9.27;7.07;7.57;
4;5;641;634;7.96;8.69;8.18;
4;5;643;632;8.91;8.62;7.57;
4;5;643;634;5.7;8.62;8.18;
4;5;643;642;8.7;8.62;8.26;
4;5;645;630;9.27;10.96;7.24;
4;5;645;631;5.82;10.96;7.07;
4;5;645;632;5.25;10.96;7.57;
4;5;645;634;7.32;10.96;8.18;
4;5;645;642;7.87;10.96;8.26;
4;5;646;629;7.85;10.46;7.02;
4;5;646;630;6.53;10.46;7.24;
4;5;646;631;3.85;10.46;7.07;
4;5;646;632;5.12;10.46;7.57;
4;5;646;634;9.96;10.46;8.18;
5;6;519;536;9.06;2.5;3.5;
5;6;519;617;9.46;2.5;3.04;
5;6;521;532;9.17;2.79;2.34;
5;6;521;534;9.74;2.79;2.27;
5;6;552;534;9.46;1.6;2.27;
5;6;552;536;9.95;1.6;3.5;
5;6;552;579;9.9;1.6;1.51;
5;6;552;581;6.81;1.6;2.43;
5;6;552;582;6.19;1.6;1.99;
5;6;552;583;7.9;1.6;1.72;
5;6;554;534;9.49;1.98;2.27;
5;6;554;579;9.54;1.98;1.51;
5;6;554;581;9.97;1.98;2.43;
5;6;554;582;6.83;1.98;1.99;
5;6;554;583;5.94;1.98;1.72;
5;6;554;585;8.43;1.98;1.71;
5;6;557;583;9.95;2.87;1.72;
5;6;557;585;6.85;2.87;1.71;
5;6;559;532;9.38;4.34;2.34;
5;6;559;585;5.73;4.34;1.71;
5;6;559;587;4.38;4.34;1.68;
5;6;559;590;6.22;4.34;1.19;
5;6;560;532;9.43;3.59;2.34;
5;6;560;576;8.07;3.59;1.14;
5;6;560;585;5.61;3.59;1.71;
5;6;560;587;4.9;3.59;1.68;
5;6;560;590;4.38;3.59;1.19;
5;6;560;594;7.65;3.59;1.04;
5;6;561;576;6.65;3.28;1.14;
5;6;561;577;9.7;3.28;1.25;
5;6;561;585;6.9;3.28;1.71;
5;6;561;587;8.38;3.28;1.68;
5;6;561;590;6.35;3.28;1.19;
5;6;561;594;7.77;3.28;1.04;
5;6;562;576;4.83;3.76;1.14;
5;6;562;577;6.7;3.76;1.25;
5;6;562;579;9.04;3.76;1.51;
5;6;562;582;9.49;3.76;1.99;
5;6;562;583;7.3;3.76;1.72;
5;6;562;585;6.47;3.76;1.71;
5;6;562;590;9.49;3.76;1.19;
5;6;562;594;9.6;3.76;1.04;
5;6;563;576;7.8;2.76;1.14;
5;6;563;577;8.47;2.76;1.25;
5;6;563;579;8.31;2.76;1.51;
5;6;563;582;7.73;2.76;1.99;
5;6;563;583;6.08;2.76;1.72;
5;6;563;585;6.98;2.76;1.71;
5;6;564;576;8.25;2.34;1.14;
5;6;564;577;7.61;2.34;1.25;
5;6;564;579;5.8;2.34;1.51;
5;6;564;581;9.64;2.34;2.43;
5;6;564;582;6.47;2.34;1.99;
5;6;564;583;6.78;2.34;1.72;
5;6;565;534;9.42;2.02;2.27;
5;6;565;579;6.08;2.02;1.51;
5;6;565;581;7.14;2.02;2.43;
5;6;565;582;4.51;2.02;1.99;
5;6;565;583;6.06;2.02;1.72;
5;6;570;581;9.58;1.24;2.43;
5;6;604;532;9.29;2.33;2.34;
5;6;604;583;8.79;2.33;1.72;
5;6;604;585;8.6;2.33;1.71;
5;6;606;534;7.88;1.85;2.27;
5;6;606;536;9.19;1.85;3.5;
5;6;606;581;8.9;1.85;2.43;
5;6;606;582;8.16;1.85;1.99;
5;6;606;583;8.01;1.85;1.72;
5;6;640;634;8.47;8.36;8.18;
5;6;640;636;6.28;8.36;8.7;
5;6;641;633;9.34;8.69;7.24;
5;6;641;634;6.5;8.69;8.18;
5;6;641;636;7.12;8.69;8.7;
5;6;643;632;7.43;8.62;7.57;
5;6;643;633;5.16;8.62;7.24;
5;6;643;634;5.02;8.62;8.18;
5;6;645;617;9.92;10.96;3.04;
5;6;645;630;7.89;10.96;7.24;
5;6;645;632;4.14;10.96;7.57;
5;6;645;633;5.17;10.96;7.24;
5;6;645;634;7.68;10.96;8.18;
5;6;646;630;5.76;10.46;7.24;
5;6;646;632;5.81;10.46;7.57;
5;6;646;633;8.25;10.46;7.24;
1;6;532;521;9.4;2.34;2.79;
1;6;532;559;9.52;2.34;4.34;
1;6;532;604;10.0;2.34;2.33;
1;6;532;645;9.24;2.34;10.96;
1;6;532;646;9.1;2.34;10.46;
1;6;534;519;9.99;2.27;2.5;
1;6;534;521;9.19;2.27;2.79;
1;6;534;606;8.03;2.27;1.85;
1;6;534;645;9.48;2.27;10.96;
1;6;536;519;8.23;3.5;2.5;
1;6;536;606;9.36;3.5;1.85;
1;6;576;560;7.29;1.14;3.59;
1;6;576;562;4.5;1.14;3.76;
1;6;576;563;7.61;1.14;2.76;
1;6;576;564;8.52;1.14;2.34;
1;6;577;562;6.51;1.25;3.76;
1;6;577;563;8.32;1.25;2.76;
1;6;577;564;7.91;1.25;2.34;
1;6;579;552;9.42;1.51;1.6;
1;6;579;554;9.11;1.51;1.98;
1;6;579;562;8.67;1.51;3.76;
1;6;579;563;7.82;1.51;2.76;
1;6;579;564;5.78;1.51;2.34;
1;6;579;565;5.91;1.51;2.02;
1;6;581;552;6.84;2.43;1.6;
1;6;581;564;9.94;2.43;2.34;
1;6;581;565;7.48;2.43;2.02;
1;6;581;606;8.24;2.43;1.85;
1;6;583;521;9.46;1.72;2.79;
1;6;583;552;8.22;1.72;1.6;
1;6;583;554;6.5;1.72;1.98;
1;6;583;562;7.94;1.72;3.76;
1;6;583;563;6.7;1.72;2.76;
1;6;583;564;7.73;1.72;2.34;
1;6;583;565;6.99;1.72;2.02;
1;6;583;604;8.53;1.72;2.33;
1;6;583;606;7.57;1.72;1.85;
1;6;585;554;9.15;1.71;1.98;
1;6;585;557;7.41;1.71;2.87;
1;6;585;559;5.43;1.71;4.34;
1;6;585;560;6.15;1.71;3.59;
1;6;585;562;7.39;1.71;3.76;
1;6;585;563;7.87;1.71;2.76;
1;6;585;604;8.78;1.71;2.33;
1;6;590;559;5.74;1.19;4.34;
1;6;590;560;4.13;1.19;3.59;
1;6;590;562;9.93;1.19;3.76;
1;6;594;560;6.91;1.04;3.59;
1;6;594;562;9.64;1.04;3.76;
1;6;615;641;9.91;3.24;8.69;
1;6;617;519;9.58;3.04;2.5;
1;6;617;643;7.86;3.04;8.62;
1;6;617;645;6.64;3.04;10.96;
1;6;617;646;9.54;3.04;10.46;
1;6;619;645;6.13;3.42;10.96;
1;6;619;646;5.94;3.42;10.46;
1;6;630;645;9.78;7.24;10.96;
1;6;630;646;7.39;7.24;10.46;
1;6;632;643;8.62;7.57;8.62;
1;6;632;645;5.91;7.57;10.96;
1;6;632;646;6.4;7.57;10.46;
1;6;634;640;9.45;8.18;8.36;
1;6;634;641;8.16;8.18;8.69;
1;6;634;643;5.74;8.18;8.62;
1;6;634;645;7.73;8.18;10.96;
1;6;636;640;7.38;8.7;8.36;
1;6;636;641;8.62;8.7;8.69;
