1;2;532;521;9.98;0.65;1.14;
1;2;532;559;9.27;0.65;0.64;
1;2;532;562;9.97;0.65;0.5;
1;2;532;604;9.84;0.65;0.74;
1;2;534;554;9.97;0.59;0.59;
1;2;534;562;9.63;0.59;0.5;
1;2;534;563;9.62;0.59;0.51;
1;2;534;565;9.99;0.59;0.54;
1;2;534;606;9.54;0.59;0.65;
1;2;576;560;6.91;0.48;0.56;
1;2;576;561;6.47;0.48;0.51;
1;2;576;562;6.8;0.48;0.5;
1;2;579;562;7.19;0.49;0.5;
1;2;579;563;7.09;0.49;0.51;
1;2;579;564;6.44;0.49;0.51;
1;2;579;565;8.92;0.49;0.54;
1;2;581;552;9.17;0.54;0.59;
1;2;581;554;9.22;0.54;0.59;
1;2;581;563;9.14;0.54;0.51;
1;2;581;564;6.92;0.54;0.51;
1;2;581;565;6.28;0.54;0.54;
1;2;582;552;9.69;0.52;0.59;
1;2;582;554;7.03;0.52;0.59;
1;2;582;562;7.17;0.52;0.5;
1;2;582;563;5.52;0.52;0.51;
1;2;582;564;4.5;0.52;0.51;
1;2;582;565;5.42;0.52;0.54;
1;2;583;554;6.96;0.53;0.59;
1;2;583;557;8.85;0.53;0.64;
1;2;583;561;8.61;0.53;0.51;
1;2;583;562;5.54;0.53;0.5;
1;2;583;563;5.23;0.53;0.51;
1;2;583;564;6.63;0.53;0.51;
1;2;583;565;7.64;0.53;0.54;
1;2;583;604;9.13;0.53;0.74;
1;2;585;557;7.51;0.58;0.64;
1;2;585;559;4.95;0.58;0.64;
1;2;585;560;5.95;0.58;0.56;
1;2;585;561;6.18;0.58;0.51;
1;2;585;562;6.6;0.58;0.5;
1;2;585;563;8.7;0.58;0.51;
1;2;587;559;6.11;0.66;0.64;
1;2;587;560;7.14;0.66;0.56;
1;2;590;559;6.52;0.59;0.64;
1;2;590;560;5.05;0.59;0.56;
1;2;590;561;8.87;0.59;0.51;
1;2;594;560;7.92;0.51;0.56;
1;2;617;519;9.85;0.68;0.83;
1;2;623;626;8.28;0.95;1.35;
1;2;623;627;8.11;0.95;1.09;
1;2;627;624;8.69;1.09;1.14;
1;2;627;626;5.06;1.09;1.35;
1;2;627;627;4.02;1.09;1.09;
1;2;627;628;6.94;1.09;1.01;
1;2;627;629;8.84;1.09;1.03;
1;2;628;622;9.16;1.01;0.82;
1;2;628;624;7.78;1.01;1.14;
1;2;628;626;6.68;1.01;1.35;
1;2;628;627;4.63;1.01;1.09;
1;2;628;628;6.03;1.01;1.01;
1;2;628;629;6.58;1.01;1.03;
1;2;630;622;8.38;0.89;0.82;
1;2;630;628;8.87;0.89;1.01;
1;2;630;629;6.15;0.89;1.03;
1;2;630;631;8.76;0.89;0.88;
1;2;632;631;9.49;0.9;0.88;
1;2;640;517;6.72;1.73;0.76;
1;2;640;518;8.16;1.73;0.81;
1;2;640;635;8.68;1.73;1.04;
1;2;641;517;4.84;1.61;0.76;
1;2;641;518;4.73;1.61;0.81;
1;2;641;519;6.52;1.61;0.83;
1;2;641;633;9.64;1.61;0.98;
1;2;641;635;9.36;1.61;1.04;
1;2;642;517;6.41;1.59;0.76;
1;2;642;518;4.42;1.59;0.81;
1;2;642;519;6.13;1.59;0.83;
1;2;642;631;9.84;1.59;0.88;
1;2;642;633;6.36;1.59;0.98;
1;2;642;635;8.68;1.59;1.04;
1;2;644;518;7.36;1.55;0.81;
1;2;644;519;5.74;1.55;0.83;
1;2;644;521;6.71;1.55;1.14;
1;2;644;606;9.89;1.55;0.65;
1;2;644;622;9.43;1.55;0.82;
1;2;644;631;6.26;1.55;0.88;
1;2;644;633;8.8;1.55;0.98;
1;2;645;518;9.67;2.36;0.81;
1;2;645;519;6.63;2.36;0.83;
1;2;645;521;4.59;2.36;1.14;
1;2;645;606;7.72;2.36;0.65;
1;2;645;622;9.9;2.36;0.82;
1;2;645;631;9.37;2.36;0.88;
1;2;646;521;5.0;2.97;1.14;
1;2;646;523;7.5;2.97;1.93;
1;2;646;604;9.03;2.97;0.74;
1;2;646;606;8.99;2.97;0.65;
1;2;646;622;7.59;2.97;0.82;
1;2;646;629;9.39;2.97;1.03;
1;2;646;631;9.91;2.97;0.88;
2;3;532;521;9.87;0.65;1.14;
2;3;532;559;9.26;0.65;0.64;
2;3;532;562;9.96;0.65;0.5;
2;3;532;604;9.88;0.65;0.74;
2;3;534;562;9.64;0.59;0.5;
2;3;534;563;9.63;0.59;0.51;
2;3;534;606;9.56;0.59;0.65;
2;3;576;560;6.95;0.48;0.56;
2;3;576;561;6.48;0.48;0.51;
2;3;576;562;6.8;0.48;0.5;
2;3;579;562;7.2;0.49;0.5;
2;3;579;563;7.1;0.49;0.51;
2;3;579;564;6.45;0.49;0.51;
2;3;579;565;8.93;0.49;0.54;
2;3;581;552;9.19;0.54;0.59;
2;3;581;554;9.25;0.54;0.59;
2;3;581;563;9.14;0.54;0.51;
2;3;581;564;6.92;0.54;0.51;
2;3;581;565;6.3;0.54;0.54;
2;3;582;552;9.71;0.52;0.59;
2;3;582;554;7.07;0.52;0.59;
2;3;582;562;7.16;0.52;0.5;
2;3;582;563;5.52;0.52;0.51;
2;3;582;564;4.5;0.52;0.51;
2;3;582;565;5.44;0.52;0.54;
2;3;583;554;6.98;0.53;0.59;
2;3;583;557;8.91;0.53;0.64;
2;3;583;561;8.62;0.53;0.51;
2;3;583;562;5.56;0.53;0.5;
2;3;583;563;5.24;0.53;0.51;
2;3;583;564;6.64;0.53;0.51;
2;3;583;565;7.64;0.53;0.54;
2;3;583;604;9.16;0.53;0.74;
2;3;585;557;7.56;0.58;0.64;
2;3;585;559;4.96;0.58;0.64;
2;3;585;560;5.95;0.58;0.56;
2;3;585;561;6.17;0.58;0.51;
2;3;585;562;6.59;0.58;0.5;
2;3;585;563;8.69;0.58;0.51;
2;3;590;559;6.53;0.59;0.64;
2;3;590;560;5.04;0.59;0.56;
2;3;590;561;8.86;0.59;0.51;
2;3;594;560;7.92;0.51;0.56;
2;3;617;519;9.99;0.68;0.83;
2;3;623;626;8.31;0.95;1.35;
2;3;623;627;8.05;0.95;1.09;
2;3;627;624;8.64;1.09;1.14;
2;3;627;626;5.06;1.09;1.35;
2;3;627;627;3.94;1.09;1.09;
2;3;627;628;6.83;1.09;1.01;
2;3;627;629;8.7;1.09;1.03;
2;3;628;622;9.09;1.01;0.82;
2;3;628;624;7.84;1.01;1.14;
2;3;628;626;6.79;1.01;1.35;
2;3;628;627;4.66;1.01;1.09;
2;3;628;628;5.97;1.01;1.01;
2;3;628;629;6.45;1.01;1.03;
2;3;630;622;8.37;0.89;0.82;
2;3;630;628;8.88;0.89;1.01;
2;3;630;629;6.1;0.89;1.03;
2;3;630;631;8.65;0.89;0.88;
2;3;640;517;6.76;1.73;0.76;
2;3;640;518;8.21;1.73;0.81;
2;3;640;635;8.59;1.73;1.04;
2;3;641;517;4.83;1.61;0.76;
2;3;641;518;4.75;1.61;0.81;
2;3;641;519;6.6;1.61;0.83;
2;3;641;633;9.42;1.61;0.98;
2;3;641;635;9.26;1.61;1.04;
2;3;642;517;6.39;1.59;0.76;
2;3;642;518;4.42;1.59;0.81;
2;3;642;519;6.15;1.59;0.83;
2;3;642;631;9.8;1.59;0.88;
2;3;642;633;6.15;1.59;0.98;
2;3;642;635;8.62;1.59;1.04;
2;3;644;518;7.36;1.55;0.81;
2;3;644;519;5.72;1.55;0.83;
2;3;644;521;6.77;1.55;1.14;
2;3;644;606;9.92;1.55;0.65;
2;3;644;622;9.48;1.55;0.82;
2;3;644;631;6.22;1.55;0.88;
2;3;644;633;8.63;1.55;0.98;
2;3;645;518;9.45;2.36;0.81;
2;3;645;519;6.37;2.36;0.83;
2;3;645;521;4.59;2.36;1.14;
2;3;645;606;7.64;2.36;0.65;
2;3;645;631;9.36;2.36;0.88;
2;3;646;519;9.95;2.97;0.83;
2;3;646;521;5.01;2.97;1.14;
2;3;646;523;7.83;2.97;1.93;
2;3;646;604;9.09;2.97;0.74;
2;3;646;606;8.94;2.97;0.65;
2;3;646;622;8.01;2.97;0.82;
2;3;646;629;9.71;2.97;1.03;
3;4;532;521;9.96;0.65;1.14;
3;4;532;559;9.24;0.65;0.64;
3;4;532;562;9.95;0.65;0.5;
3;4;532;604;9.88;0.65;0.74;
3;4;534;554;10.0;0.59;0.59;
3;4;534;562;9.64;0.59;0.5;
3;4;534;563;9.62;0.59;0.51;
3;4;534;606;9.53;0.59;0.65;
3;4;576;560;6.93;0.48;0.56;
3;4;576;561;6.48;0.48;0.51;
3;4;576;562;6.79;0.48;0.5;
3;4;579;562;7.19;0.49;0.5;
3;4;579;563;7.09;0.49;0.51;
3;4;579;564;6.43;0.49;0.51;
3;4;579;565;8.91;0.49;0.54;
3;4;581;552;9.16;0.54;0.59;
3;4;581;554;9.23;0.54;0.59;
3;4;581;563;9.14;0.54;0.51;
3;4;581;564;6.92;0.54;0.51;
3;4;581;565;6.29;0.54;0.54;
3;4;582;552;9.69;0.52;0.59;
3;4;582;554;7.04;0.52;0.59;
3;4;582;562;7.17;0.52;0.5;
3;4;582;563;5.52;0.52;0.51;
3;4;582;564;4.49;0.52;0.51;
3;4;582;565;5.43;0.52;0.54;
3;4;583;554;6.97;0.53;0.59;
3;4;583;557;8.89;0.53;0.64;
3;4;583;561;8.62;0.53;0.51;
3;4;583;562;5.55;0.53;0.5;
3;4;583;563;5.23;0.53;0.51;
3;4;583;564;6.63;0.53;0.51;
3;4;583;565;7.64;0.53;0.54;
3;4;583;604;9.16;0.53;0.74;
3;4;585;557;7.54;0.58;0.64;
3;4;585;559;4.95;0.58;0.64;
3;4;585;560;5.94;0.58;0.56;
3;4;585;561;6.17;0.58;0.51;
3;4;585;562;6.59;0.58;0.5;
3;4;585;563;8.68;0.58;0.51;
3;4;587;559;6.12;0.66;0.64;
3;4;587;560;7.12;0.66;0.56;
3;4;590;559;6.54;0.59;0.64;
3;4;590;560;5.04;0.59;0.56;
3;4;590;561;8.86;0.59;0.51;
3;4;594;560;7.95;0.51;0.56;
3;4;617;519;9.9;0.68;0.83;
3;4;623;626;8.26;0.95;1.35;
3;4;623;627;8.06;0.95;1.09;
3;4;628;622;9.17;1.01;0.82;
3;4;628;624;7.83;1.01;1.14;
3;4;628;626;6.71;1.01;1.35;
3;4;628;627;4.63;1.01;1.09;
3;4;628;628;6.0;1.01;1.01;
3;4;628;629;6.53;1.01;1.03;
3;4;630;622;8.47;0.89;0.82;
3;4;630;628;8.85;0.89;1.01;
3;4;630;629;6.14;0.89;1.03;
3;4;630;631;8.76;0.89;0.88;
3;4;632;631;9.33;0.9;0.88;
3;4;640;517;6.68;1.73;0.76;
3;4;640;518;8.15;1.73;0.81;
3;4;640;635;8.61;1.73;1.04;
3;4;641;517;4.82;1.61;0.76;
3;4;641;518;4.73;1.61;0.81;
3;4;641;519;6.54;1.61;0.83;
3;4;641;633;9.39;1.61;0.98;
3;4;641;635;9.33;1.61;1.04;
3;4;642;517;6.41;1.59;0.76;
3;4;642;518;4.44;1.59;0.81;
3;4;642;519;6.15;1.59;0.83;
3;4;642;631;9.81;1.59;0.88;
3;4;642;633;6.12;1.59;0.98;
3;4;642;635;8.67;1.59;1.04;
3;4;644;518;7.4;1.55;0.81;
3;4;644;519;5.75;1.55;0.83;
3;4;644;521;6.75;1.55;1.14;
3;4;644;606;9.92;1.55;0.65;
3;4;644;622;9.54;1.55;0.82;
3;4;644;631;6.28;1.55;0.88;
3;4;644;633;8.64;1.55;0.98;
3;4;645;518;9.59;2.36;0.81;
3;4;645;519;6.51;2.36;0.83;
3;4;645;521;4.63;2.36;1.14;
3;4;645;606;7.69;2.36;0.65;
3;4;645;631;9.46;2.36;0.88;
3;4;646;521;5.17;2.97;1.14;
3;4;646;523;7.81;2.97;1.93;
3;4;646;604;9.2;2.97;0.74;
3;4;646;606;9.08;2.97;0.65;
3;4;646;622;8.02;2.97;0.82;
3;4;646;629;9.64;2.97;1.03;
1;4;517;640;6.73;0.76;1.73;
1;4;517;641;4.84;0.76;1.61;
1;4;517;642;6.39;0.76;1.59;
1;4;518;640;8.17;0.81;1.73;
1;4;518;641;4.74;0.81;1.61;
1;4;518;642;4.42;0.81;1.59;
1;4;518;644;7.4;0.81;1.55;
1;4;518;645;9.59;0.81;2.36;
1;4;519;617;9.92;0.83;0.68;
1;4;519;641;6.55;0.83;1.61;
1;4;519;642;6.15;0.83;1.59;
1;4;519;644;5.75;0.83;1.55;
1;4;519;645;6.51;0.83;2.36;
1;4;521;532;9.97;1.14;0.65;
1;4;521;644;6.72;1.14;1.55;
1;4;521;645;4.64;1.14;2.36;
1;4;521;646;5.11;1.14;2.97;
1;4;523;646;7.8;1.93;2.97;
1;4;552;581;9.14;0.59;0.54;
1;4;552;582;9.69;0.59;0.52;
1;4;554;581;9.23;0.59;0.54;
1;4;554;582;7.07;0.59;0.52;
1;4;554;583;7.0;0.59;0.53;
1;4;557;583;8.83;0.64;0.53;
1;4;557;585;7.45;0.64;0.58;
1;4;559;532;9.25;0.64;0.65;
1;4;559;585;4.96;0.64;0.58;
1;4;559;587;6.09;0.64;0.66;
1;4;559;590;6.51;0.64;0.59;
1;4;560;576;6.96;0.56;0.48;
1;4;560;585;5.95;0.56;0.58;
1;4;560;587;7.13;0.56;0.66;
1;4;560;590;5.02;0.56;0.59;
1;4;560;594;7.91;0.56;0.51;
1;4;561;576;6.5;0.51;0.48;
1;4;561;583;8.62;0.51;0.53;
1;4;561;585;6.17;0.51;0.58;
1;4;561;590;8.85;0.51;0.59;
1;4;562;532;9.95;0.5;0.65;
1;4;562;534;9.65;0.5;0.59;
1;4;562;576;6.79;0.5;0.48;
1;4;562;579;7.19;0.5;0.49;
1;4;562;582;7.17;0.5;0.52;
1;4;562;583;5.56;0.5;0.53;
1;4;562;585;6.59;0.5;0.58;
1;4;563;534;9.62;0.51;0.59;
1;4;563;579;7.09;0.51;0.49;
1;4;563;581;9.12;0.51;0.54;
1;4;563;582;5.5;0.51;0.52;
1;4;563;583;5.23;0.51;0.53;
1;4;563;585;8.68;0.51;0.58;
1;4;564;579;6.42;0.51;0.49;
1;4;564;581;6.87;0.51;0.54;
1;4;564;582;4.47;0.51;0.52;
1;4;564;583;6.62;0.51;0.53;
1;4;565;579;8.94;0.54;0.49;
1;4;565;581;6.26;0.54;0.54;
1;4;565;582;5.43;0.54;0.52;
1;4;565;583;7.64;0.54;0.53;
1;4;604;532;9.88;0.74;0.65;
1;4;604;583;9.15;0.74;0.53;
1;4;604;646;9.19;0.74;2.97;
1;4;606;534;9.55;0.65;0.59;
1;4;606;644;9.91;0.65;1.55;
1;4;606;645;7.69;0.65;2.36;
1;4;606;646;9.05;0.65;2.97;
1;4;622;628;9.21;0.82;1.01;
1;4;622;630;8.54;0.82;0.89;
1;4;622;644;9.54;0.82;1.55;
1;4;622;646;8.06;0.82;2.97;
1;4;624;628;7.83;1.14;1.01;
1;4;626;623;8.2;1.35;0.95;
1;4;626;628;6.68;1.35;1.01;
1;4;627;623;8.06;1.09;0.95;
1;4;627;628;4.63;1.09;1.01;
1;4;628;628;6.04;1.01;1.01;
1;4;628;630;8.93;1.01;0.89;
1;4;629;628;6.57;1.03;1.01;
1;4;629;630;6.24;1.03;0.89;
1;4;629;646;9.66;1.03;2.97;
1;4;631;630;8.79;0.88;0.89;
1;4;631;632;9.4;0.88;0.9;
1;4;631;642;9.9;0.88;1.59;
1;4;631;644;6.36;0.88;1.55;
1;4;631;645;9.53;0.88;2.36;
1;4;633;641;9.57;0.98;1.61;
1;4;633;642;6.26;0.98;1.59;
1;4;633;644;8.8;0.98;1.55;
1;4;635;640;8.59;1.04;1.73;
1;4;635;641;9.27;1.04;1.61;
1;4;635;642;8.59;1.04;1.59;
