517;519;7.04;0.04;0.08;
517;638;9.45;0.04;1.11;
519;521;7.12;0.08;0.07;
519;606;7.4;0.08;0.06;
519;617;9.78;0.08;0.34;
519;638;9.79;0.08;1.11;
521;532;9.57;0.07;0.07;
521;552;9.64;0.07;0.04;
521;604;7.26;0.07;0.05;
521;606;4.67;0.07;0.06;
521;617;9.65;0.07;0.34;
521;622;9.21;0.07;0.12;
521;632;9.48;0.07;0.84;
532;534;6.76;0.07;0.12;
532;559;9.06;0.07;0.1;
532;562;9.91;0.07;0.04;
532;583;7.06;0.07;0.02;
532;585;4.59;0.07;0.01;
532;604;9.94;0.07;0.05;
532;617;7.99;0.07;0.34;
532;621;8.08;0.07;0.07;
532;632;9.31;0.07;0.84;
534;536;6.44;0.12;0.07;
534;562;9.57;0.12;0.04;
534;563;9.55;0.12;0.02;
534;565;9.98;0.12;0.04;
534;579;8.33;0.12;0.0;
534;581;6.88;0.12;0.02;
534;582;5.83;0.12;0.01;
534;583;4.43;0.12;0.02;
534;585;8.87;0.12;0.01;
534;606;9.48;0.12;0.06;
534;617;5.0;0.12;0.34;
536;579;9.96;0.07;0.0;
536;581;5.13;0.07;0.02;
536;582;7.83;0.07;0.01;
536;583;9.4;0.07;0.02;
536;617;7.38;0.07;0.34;
552;554;6.58;0.04;0.03;
552;564;9.73;0.04;0.04;
552;565;6.01;0.04;0.04;
552;581;9.27;0.04;0.02;
552;582;9.73;0.04;0.01;
552;604;8.47;0.04;0.05;
552;606;5.09;0.04;0.06;
554;557;8.17;0.03;0.05;
554;562;9.12;0.03;0.04;
554;563;5.82;0.03;0.02;
554;564;5.69;0.03;0.04;
554;565;4.28;0.03;0.04;
554;581;9.35;0.03;0.02;
554;582;7.14;0.03;0.01;
554;583;7.06;0.03;0.02;
554;604;5.4;0.03;0.05;
554;606;8.08;0.03;0.06;
557;559;6.84;0.05;0.1;
557;560;8.22;0.05;0.11;
557;561;5.54;0.05;0.06;
557;562;6.08;0.05;0.04;
557;563;5.93;0.05;0.02;
557;564;9.33;0.05;0.04;
557;583;8.88;0.05;0.02;
557;585;7.57;0.05;0.01;
557;604;9.06;0.05;0.05;
559;560;3.85;0.1;0.11;
559;561;5.46;0.1;0.06;
559;562;8.25;0.1;0.04;
559;585;4.88;0.1;0.01;
559;590;6.53;0.1;0.02;
560;561;3.85;0.11;0.06;
560;562;7.09;0.11;0.04;
560;576;6.82;0.11;0.03;
560;585;5.97;0.11;0.01;
560;590;5.03;0.11;0.02;
560;594;7.95;0.11;0.01;
561;562;3.8;0.06;0.04;
561;563;6.93;0.06;0.02;
561;576;6.41;0.06;0.03;
561;583;8.6;0.06;0.02;
561;585;6.2;0.06;0.01;
561;590;8.85;0.06;0.02;
562;563;3.81;0.04;0.02;
562;564;7.09;0.04;0.04;
562;576;6.72;0.04;0.03;
562;579;7.13;0.04;0.0;
562;582;7.14;0.04;0.01;
562;583;5.55;0.04;0.02;
562;585;6.62;0.04;0.01;
563;564;3.78;0.02;0.04;
563;565;6.56;0.02;0.04;
563;579;7.07;0.02;0.0;
563;581;9.13;0.02;0.02;
563;582;5.51;0.02;0.01;
563;583;5.21;0.02;0.02;
563;585;8.68;0.02;0.01;
563;604;9.59;0.02;0.05;
564;565;3.81;0.04;0.04;
564;579;6.38;0.04;0.0;
564;581;6.9;0.04;0.02;
564;582;4.48;0.04;0.01;
564;583;6.62;0.04;0.02;
565;579;8.91;0.04;0.0;
565;581;6.33;0.04;0.02;
565;582;5.45;0.04;0.01;
565;583;7.63;0.04;0.02;
565;604;9.3;0.04;0.05;
565;606;9.1;0.04;0.06;
576;579;9.32;0.03;0.0;
576;585;9.58;0.03;0.01;
576;590;9.87;0.03;0.02;
576;594;7.97;0.03;0.01;
579;581;6.11;0.0;0.02;
579;582;4.44;0.0;0.01;
579;583;6.6;0.0;0.02;
581;582;3.85;0.02;0.01;
581;583;7.1;0.02;0.02;
582;583;3.79;0.01;0.02;
583;585;6.71;0.02;0.01;
583;604;9.0;0.02;0.05;
583;617;9.25;0.02;0.34;
585;590;9.26;0.01;0.02;
590;594;6.06;0.02;0.01;
604;606;6.96;0.05;0.06;
617;632;7.78;0.34;0.84;
621;623;6.42;0.07;0.04;
621;628;6.89;0.07;0.07;
621;629;9.48;0.07;0.13;
621;630;4.36;0.07;0.22;
621;632;8.36;0.07;0.84;
622;624;7.11;0.12;0.02;
622;627;8.4;0.12;0.13;
622;628;5.68;0.12;0.07;
622;629;5.09;0.12;0.13;
622;630;8.57;0.12;0.22;
622;631;8.0;0.12;0.46;
623;626;7.94;0.04;0.07;
623;627;8.45;0.04;0.13;
623;628;4.47;0.04;0.07;
623;630;8.69;0.04;0.22;
624;626;5.4;0.02;0.07;
624;627;5.66;0.02;0.13;
624;628;6.69;0.02;0.07;
624;629;9.19;0.02;0.13;
626;627;3.82;0.07;0.13;
626;628;7.42;0.07;0.07;
627;628;3.79;0.13;0.07;
627;629;6.91;0.13;0.13;
628;629;3.84;0.07;0.13;
628;630;9.02;0.07;0.22;
629;630;6.22;0.13;0.22;
629;631;6.7;0.13;0.46;
630;631;8.49;0.22;0.46;
630;632;6.08;0.22;0.84;
631;632;8.31;0.46;0.84;
