1;2;534;562;9.63;0.61;0.49;
1;2;534;563;9.59;0.61;0.51;
1;2;534;606;9.53;0.61;0.72;
1;2;576;560;6.82;0.48;0.55;
1;2;576;561;6.35;0.48;0.52;
1;2;576;562;6.74;0.48;0.49;
1;2;579;562;7.18;0.49;0.49;
1;2;579;563;7.01;0.49;0.51;
1;2;579;564;6.25;0.49;0.51;
1;2;579;565;8.88;0.49;0.54;
1;2;581;552;9.02;0.56;0.62;
1;2;581;554;9.21;0.56;0.59;
1;2;581;563;9.09;0.56;0.51;
1;2;581;564;6.8;0.56;0.51;
1;2;581;565;6.28;0.56;0.54;
1;2;582;552;9.59;0.53;0.62;
1;2;582;554;7.05;0.53;0.59;
1;2;582;562;7.18;0.53;0.49;
1;2;582;563;5.5;0.53;0.51;
1;2;582;564;4.46;0.53;0.51;
1;2;582;565;5.5;0.53;0.54;
1;2;583;554;7.09;0.54;0.59;
1;2;583;557;8.84;0.54;0.62;
1;2;583;561;8.64;0.54;0.52;
1;2;583;562;5.55;0.54;0.49;
1;2;583;563;5.26;0.54;0.51;
1;2;583;564;6.66;0.54;0.51;
1;2;583;565;7.78;0.54;0.54;
1;2;583;604;9.22;0.54;0.79;
1;2;585;557;7.58;0.6;0.62;
1;2;585;559;5.01;0.6;0.63;
1;2;585;560;5.96;0.6;0.55;
1;2;585;561;6.21;0.6;0.52;
1;2;585;562;6.61;0.6;0.49;
1;2;585;563;8.78;0.6;0.51;
1;2;590;559;6.61;0.62;0.63;
1;2;590;560;5.14;0.62;0.55;
1;2;590;561;8.96;0.62;0.52;
1;2;594;560;8.04;0.52;0.55;
1;2;623;626;7.94;1.06;1.17;
1;2;623;627;8.49;1.06;0.96;
1;2;627;624;9.69;0.96;1.1;
1;2;627;626;5.42;0.96;1.17;
1;2;627;627;4.73;0.96;0.96;
1;2;627;628;7.52;0.96;0.93;
1;2;627;629;9.18;0.96;0.91;
1;2;628;622;9.54;0.93;0.86;
1;2;628;624;8.66;0.93;1.1;
1;2;628;626;6.36;0.93;1.17;
1;2;628;627;4.87;0.93;0.96;
1;2;628;628;6.41;0.93;0.93;
1;2;628;629;6.8;0.93;0.91;
1;2;630;622;8.81;0.84;0.86;
1;2;630;628;9.14;0.84;0.93;
1;2;630;629;6.38;0.84;0.91;
1;2;630;631;8.55;0.84;0.85;
1;2;640;517;6.21;1.69;0.63;
1;2;640;518;7.9;1.69;0.69;
1;2;640;634;9.87;1.69;0.85;
1;2;640;635;7.96;1.69;0.8;
1;2;641;517;4.69;1.77;0.63;
1;2;641;518;4.65;1.77;0.69;
1;2;641;519;6.92;1.77;0.75;
1;2;641;633;9.73;1.77;0.94;
1;2;641;634;9.76;1.77;0.85;
1;2;641;635;9.05;1.77;0.8;
1;2;642;517;6.34;1.81;0.63;
1;2;642;518;4.33;1.81;0.69;
1;2;642;519;6.45;1.81;0.75;
1;2;642;631;9.9;1.81;0.85;
1;2;642;633;6.43;1.81;0.94;
1;2;642;634;7.62;1.81;0.85;
1;2;642;635;8.45;1.81;0.8;
1;2;644;518;7.34;1.27;0.69;
1;2;644;519;5.82;1.27;0.75;
1;2;644;521;7.08;1.27;1.07;
1;2;644;606;9.89;1.27;0.72;
1;2;644;622;9.69;1.27;0.86;
1;2;644;631;6.3;1.27;0.85;
1;2;644;633;8.83;1.27;0.94;
1;2;646;519;9.8;2.43;0.75;
1;2;646;521;4.62;2.43;1.07;
1;2;646;604;8.53;2.43;0.79;
1;2;646;606;8.54;2.43;0.72;
1;2;646;622;8.33;2.43;0.86;
2;3;534;562;9.63;0.61;0.49;
2;3;534;563;9.6;0.61;0.51;
2;3;534;606;9.57;0.61;0.72;
2;3;576;560;6.82;0.48;0.55;
2;3;576;561;6.32;0.48;0.52;
2;3;576;562;6.69;0.48;0.49;
2;3;579;562;7.19;0.49;0.49;
2;3;579;563;7.0;0.49;0.51;
2;3;579;564;6.22;0.49;0.51;
2;3;579;565;8.84;0.49;0.54;
2;3;581;552;9.03;0.56;0.62;
2;3;581;554;9.25;0.56;0.59;
2;3;581;563;9.13;0.56;0.51;
2;3;581;564;6.83;0.56;0.51;
2;3;581;565;6.31;0.56;0.54;
2;3;582;552;9.58;0.53;0.62;
2;3;582;554;7.07;0.53;0.59;
2;3;582;562;7.21;0.53;0.49;
2;3;582;563;5.53;0.53;0.51;
2;3;582;564;4.47;0.53;0.51;
2;3;582;565;5.51;0.53;0.54;
2;3;583;554;7.07;0.54;0.59;
2;3;583;557;8.88;0.54;0.62;
2;3;583;561;8.65;0.54;0.52;
2;3;583;562;5.57;0.54;0.49;
2;3;583;563;5.24;0.54;0.51;
2;3;583;564;6.63;0.54;0.51;
2;3;583;565;7.75;0.54;0.54;
2;3;583;604;9.23;0.54;0.79;
2;3;585;557;7.56;0.6;0.62;
2;3;585;559;4.96;0.6;0.63;
2;3;585;560;5.93;0.6;0.55;
2;3;585;561;6.16;0.6;0.52;
2;3;585;562;6.57;0.6;0.49;
2;3;585;563;8.72;0.6;0.51;
2;3;587;559;6.08;0.69;0.63;
2;3;587;560;7.03;0.69;0.55;
2;3;590;559;6.62;0.62;0.63;
2;3;590;560;5.12;0.62;0.55;
2;3;590;561;8.93;0.62;0.52;
2;3;623;626;7.96;1.06;1.17;
2;3;623;627;8.47;1.06;0.96;
2;3;627;624;9.62;0.96;1.1;
2;3;627;626;5.42;0.96;1.17;
2;3;627;627;4.65;0.96;0.96;
2;3;627;628;7.4;0.96;0.93;
2;3;627;629;9.07;0.96;0.91;
2;3;628;622;9.45;0.93;0.86;
2;3;628;624;8.61;0.93;1.1;
2;3;628;626;6.4;0.93;1.17;
2;3;628;627;4.87;0.93;0.96;
2;3;628;628;6.34;0.93;0.93;
2;3;628;629;6.72;0.93;0.91;
2;3;630;622;8.79;0.84;0.86;
2;3;630;628;9.16;0.84;0.93;
2;3;630;629;6.37;0.84;0.91;
2;3;630;631;8.5;0.84;0.85;
2;3;640;517;6.18;1.69;0.63;
2;3;640;518;7.86;1.69;0.69;
2;3;640;634;9.8;1.69;0.85;
2;3;640;635;7.88;1.69;0.8;
2;3;641;517;4.66;1.77;0.63;
2;3;641;518;4.61;1.77;0.69;
2;3;641;519;6.89;1.77;0.75;
2;3;641;633;9.69;1.77;0.94;
2;3;641;634;9.71;1.77;0.85;
2;3;641;635;9.0;1.77;0.8;
2;3;642;517;6.34;1.81;0.63;
2;3;642;518;4.33;1.81;0.69;
2;3;642;519;6.45;1.81;0.75;
2;3;642;631;9.89;1.81;0.85;
2;3;642;633;6.37;1.81;0.94;
2;3;642;634;7.56;1.81;0.85;
2;3;642;635;8.38;1.81;0.8;
2;3;644;518;7.34;1.27;0.69;
2;3;644;519;5.8;1.27;0.75;
2;3;644;521;7.02;1.27;1.07;
2;3;644;606;9.82;1.27;0.72;
2;3;644;622;9.71;1.27;0.86;
2;3;644;631;6.32;1.27;0.85;
2;3;644;633;8.81;1.27;0.94;
2;3;646;519;9.72;2.43;0.75;
2;3;646;521;4.65;2.43;1.07;
2;3;646;604;8.53;2.43;0.79;
2;3;646;606;8.38;2.43;0.72;
2;3;646;622;8.39;2.43;0.86;
3;4;534;562;9.63;0.61;0.49;
3;4;534;563;9.58;0.61;0.51;
3;4;534;606;9.49;0.61;0.72;
3;4;576;560;6.82;0.48;0.55;
3;4;576;561;6.32;0.48;0.52;
3;4;576;562;6.7;0.48;0.49;
3;4;579;562;7.19;0.49;0.49;
3;4;579;563;7.0;0.49;0.51;
3;4;579;564;6.21;0.49;0.51;
3;4;579;565;8.86;0.49;0.54;
3;4;581;552;9.02;0.56;0.62;
3;4;581;554;9.24;0.56;0.59;
3;4;581;563;9.09;0.56;0.51;
3;4;581;564;6.78;0.56;0.51;
3;4;581;565;6.3;0.56;0.54;
3;4;582;552;9.56;0.53;0.62;
3;4;582;554;7.06;0.53;0.59;
3;4;582;562;7.19;0.53;0.49;
3;4;582;563;5.5;0.53;0.51;
3;4;582;564;4.43;0.53;0.51;
3;4;582;565;5.5;0.53;0.54;
3;4;583;554;7.09;0.54;0.59;
3;4;583;557;8.9;0.54;0.62;
3;4;583;561;8.64;0.54;0.52;
3;4;583;562;5.56;0.54;0.49;
3;4;583;563;5.25;0.54;0.51;
3;4;583;564;6.63;0.54;0.51;
3;4;583;565;7.76;0.54;0.54;
3;4;583;604;9.24;0.54;0.79;
3;4;585;557;7.57;0.6;0.62;
3;4;585;559;4.97;0.6;0.63;
3;4;585;560;5.93;0.6;0.55;
3;4;585;561;6.16;0.6;0.52;
3;4;585;562;6.56;0.6;0.49;
3;4;585;563;8.71;0.6;0.51;
3;4;587;559;6.07;0.69;0.63;
3;4;587;560;7.01;0.69;0.55;
3;4;590;559;6.61;0.62;0.63;
3;4;590;560;5.11;0.62;0.55;
3;4;590;561;8.92;0.62;0.52;
3;4;594;560;8.05;0.52;0.55;
3;4;623;626;7.99;1.06;1.17;
3;4;623;627;8.52;1.06;0.96;
3;4;627;624;9.68;0.96;1.1;
3;4;627;626;5.44;0.96;1.17;
3;4;627;627;4.7;0.96;0.96;
3;4;627;628;7.47;0.96;0.93;
3;4;627;629;9.12;0.96;0.91;
3;4;628;622;9.5;0.93;0.86;
3;4;628;624;8.68;0.93;1.1;
3;4;628;626;6.39;0.93;1.17;
3;4;628;627;4.89;0.93;0.96;
3;4;628;628;6.39;0.93;0.93;
3;4;628;629;6.76;0.93;0.91;
3;4;630;622;8.83;0.84;0.86;
3;4;630;628;9.17;0.84;0.93;
3;4;630;629;6.39;0.84;0.91;
3;4;630;631;8.52;0.84;0.85;
3;4;640;517;6.17;1.69;0.63;
3;4;640;518;7.88;1.69;0.69;
3;4;640;634;9.85;1.69;0.85;
3;4;640;635;7.92;1.69;0.8;
3;4;641;517;4.65;1.77;0.63;
3;4;641;518;4.63;1.77;0.69;
3;4;641;519;6.92;1.77;0.75;
3;4;641;633;9.74;1.77;0.94;
3;4;641;634;9.74;1.77;0.85;
3;4;641;635;9.02;1.77;0.8;
3;4;642;517;6.3;1.81;0.63;
3;4;642;518;4.33;1.81;0.69;
3;4;642;519;6.47;1.81;0.75;
3;4;642;631;9.9;1.81;0.85;
3;4;642;633;6.42;1.81;0.94;
3;4;642;634;7.57;1.81;0.85;
3;4;642;635;8.38;1.81;0.8;
3;4;644;518;7.31;1.27;0.69;
3;4;644;519;5.8;1.27;0.75;
3;4;644;521;7.09;1.27;1.07;
3;4;644;606;9.92;1.27;0.72;
3;4;644;622;9.7;1.27;0.86;
3;4;644;631;6.3;1.27;0.85;
3;4;644;633;8.81;1.27;0.94;
3;4;646;519;9.72;2.43;0.75;
3;4;646;521;4.6;2.43;1.07;
3;4;646;604;8.58;2.43;0.79;
3;4;646;606;8.52;2.43;0.72;
3;4;646;622;8.3;2.43;0.86;
1;4;517;640;6.19;0.63;1.69;
1;4;517;641;4.66;0.63;1.77;
1;4;517;642;6.32;0.63;1.81;
1;4;518;640;7.9;0.69;1.69;
1;4;518;641;4.65;0.69;1.77;
1;4;518;642;4.33;0.69;1.81;
1;4;518;644;7.31;0.69;1.27;
1;4;519;641;6.94;0.75;1.77;
1;4;519;642;6.47;0.75;1.81;
1;4;519;644;5.78;0.75;1.27;
1;4;519;646;9.75;0.75;2.43;
1;4;521;644;7.12;1.07;1.27;
1;4;521;646;4.63;1.07;2.43;
1;4;552;581;9.05;0.62;0.56;
1;4;552;582;9.58;0.62;0.53;
1;4;554;581;9.24;0.59;0.56;
1;4;554;582;7.06;0.59;0.53;
1;4;554;583;7.07;0.59;0.54;
1;4;557;583;8.88;0.62;0.54;
1;4;557;585;7.55;0.62;0.6;
1;4;559;585;4.96;0.63;0.6;
1;4;559;587;6.01;0.63;0.69;
1;4;559;590;6.6;0.63;0.62;
1;4;560;576;6.81;0.55;0.48;
1;4;560;585;5.94;0.55;0.6;
1;4;560;587;6.98;0.55;0.69;
1;4;560;590;5.1;0.55;0.62;
1;4;560;594;8.04;0.55;0.52;
1;4;561;576;6.3;0.52;0.48;
1;4;561;583;8.64;0.52;0.54;
1;4;561;585;6.15;0.52;0.6;
1;4;561;590;8.91;0.52;0.62;
1;4;562;534;9.64;0.49;0.61;
1;4;562;576;6.69;0.49;0.48;
1;4;562;579;7.18;0.49;0.49;
1;4;562;582;7.19;0.49;0.53;
1;4;562;583;5.57;0.49;0.54;
1;4;562;585;6.56;0.49;0.6;
1;4;563;534;9.59;0.51;0.61;
1;4;563;579;7.01;0.51;0.49;
1;4;563;581;9.11;0.51;0.56;
1;4;563;582;5.52;0.51;0.53;
1;4;563;583;5.25;0.51;0.54;
1;4;563;585;8.7;0.51;0.6;
1;4;564;579;6.23;0.51;0.49;
1;4;564;581;6.82;0.51;0.56;
1;4;564;582;4.46;0.51;0.53;
1;4;564;583;6.64;0.51;0.54;
1;4;565;579;8.85;0.54;0.49;
1;4;565;581;6.3;0.54;0.56;
1;4;565;582;5.49;0.54;0.53;
1;4;565;583;7.74;0.54;0.54;
1;4;604;583;9.23;0.79;0.54;
1;4;604;646;8.55;0.79;2.43;
1;4;606;534;9.51;0.72;0.61;
1;4;606;644;9.89;0.72;1.27;
1;4;606;646;8.53;0.72;2.43;
1;4;622;628;9.47;0.86;0.93;
1;4;622;630;8.8;0.86;0.84;
1;4;622;644;9.69;0.86;1.27;
1;4;622;646;8.32;0.86;2.43;
1;4;624;627;9.64;1.1;0.96;
1;4;624;628;8.64;1.1;0.93;
1;4;626;623;7.96;1.17;1.06;
1;4;626;627;5.44;1.17;0.96;
1;4;626;628;6.41;1.17;0.93;
1;4;627;623;8.46;0.96;1.06;
1;4;627;627;4.66;0.96;0.96;
1;4;627;628;4.86;0.96;0.93;
1;4;628;627;7.41;0.93;0.96;
1;4;628;628;6.34;0.93;0.93;
1;4;628;630;9.13;0.93;0.84;
1;4;629;627;9.09;0.91;0.96;
1;4;629;628;6.73;0.91;0.93;
1;4;629;630;6.36;0.91;0.84;
1;4;631;630;8.5;0.85;0.84;
1;4;631;642;9.94;0.85;1.81;
1;4;631;644;6.33;0.85;1.27;
1;4;633;641;9.76;0.94;1.77;
1;4;633;642;6.44;0.94;1.81;
1;4;633;644;8.82;0.94;1.27;
1;4;634;640;9.9;0.85;1.69;
1;4;634;641;9.76;0.85;1.77;
1;4;634;642;7.61;0.85;1.81;
1;4;635;640;7.96;0.8;1.69;
1;4;635;641;9.04;0.8;1.77;
1;4;635;642;8.41;0.8;1.81;
