517;518;3.77;0.08;0.04;
517;519;7.09;0.08;0.02;
517;633;9.91;0.08;0.35;
517;635;8.25;0.08;0.05;
517;640;6.72;0.08;0.08;
517;641;4.84;0.08;0.06;
517;642;6.41;0.08;0.1;
518;519;3.8;0.04;0.02;
518;633;8.42;0.04;0.35;
518;635;9.71;0.04;0.05;
518;640;8.16;0.04;0.08;
518;641;4.73;0.04;0.06;
518;642;4.42;0.04;0.1;
518;644;7.36;0.04;0.06;
518;645;9.67;0.04;0.19;
519;521;7.08;0.02;0.04;
519;606;7.39;0.02;0.01;
519;617;9.85;0.02;0.09;
519;641;6.52;0.02;0.06;
519;642;6.13;0.02;0.1;
519;644;5.74;0.02;0.06;
519;645;6.63;0.02;0.19;
521;523;6.68;0.04;0.03;
521;532;9.98;0.04;0.03;
521;552;9.39;0.04;0.01;
521;604;7.12;0.04;0.01;
521;606;4.44;0.04;0.01;
521;622;9.17;0.04;0.06;
521;644;6.71;0.04;0.06;
521;645;4.59;0.04;0.19;
521;646;5.0;0.04;0.44;
523;554;9.82;0.03;0.04;
523;604;4.3;0.03;0.01;
523;606;8.73;0.03;0.01;
523;622;8.95;0.03;0.06;
523;624;9.86;0.03;0.02;
523;646;7.5;0.03;0.44;
532;534;6.8;0.03;0.01;
532;559;9.27;0.03;0.02;
532;562;9.97;0.03;0.01;
532;583;7.1;0.03;0.02;
532;585;4.73;0.03;0.01;
532;587;9.04;0.03;0.02;
532;604;9.84;0.03;0.01;
532;617;8.09;0.03;0.09;
532;632;9.15;0.03;0.15;
532;645;8.72;0.03;0.19;
532;646;7.43;0.03;0.44;
534;536;6.47;0.01;0.06;
534;554;9.97;0.01;0.04;
534;562;9.63;0.01;0.01;
534;563;9.62;0.01;0.01;
534;565;9.99;0.01;0.01;
534;579;8.3;0.01;0.04;
534;581;6.87;0.01;0.07;
534;582;5.87;0.01;0.04;
534;583;4.5;0.01;0.02;
534;585;8.99;0.01;0.01;
534;606;9.54;0.01;0.01;
534;617;5.11;0.01;0.09;
534;645;9.57;0.01;0.19;
536;581;5.24;0.06;0.07;
536;582;7.96;0.06;0.04;
536;583;9.53;0.06;0.02;
536;617;7.37;0.06;0.09;
552;554;6.59;0.01;0.04;
552;564;9.83;0.01;0.03;
552;565;6.11;0.01;0.01;
552;581;9.17;0.01;0.07;
552;582;9.69;0.01;0.04;
552;604;8.52;0.01;0.01;
552;606;5.1;0.01;0.01;
554;557;8.24;0.04;0.12;
554;562;9.15;0.04;0.01;
554;563;5.9;0.04;0.01;
554;564;5.73;0.04;0.03;
554;565;4.3;0.04;0.01;
554;581;9.22;0.04;0.07;
554;582;7.03;0.04;0.04;
554;583;6.96;0.04;0.02;
554;604;5.53;0.04;0.01;
554;606;8.13;0.04;0.01;
557;559;6.84;0.12;0.02;
557;560;8.21;0.12;0.02;
557;561;5.53;0.12;0.01;
557;562;6.03;0.12;0.01;
557;563;5.91;0.12;0.01;
557;564;9.3;0.12;0.03;
557;583;8.85;0.12;0.02;
557;585;7.51;0.12;0.01;
557;604;9.28;0.12;0.01;
559;560;3.84;0.02;0.02;
559;561;5.47;0.02;0.01;
559;562;8.3;0.02;0.01;
559;585;4.95;0.02;0.01;
559;587;6.11;0.02;0.02;
559;590;6.52;0.02;0.01;
560;561;3.85;0.02;0.01;
560;562;7.11;0.02;0.01;
560;576;6.91;0.02;0.02;
560;585;5.95;0.02;0.01;
560;587;7.14;0.02;0.02;
560;590;5.05;0.02;0.01;
560;594;7.92;0.02;0.03;
561;562;3.81;0.01;0.01;
561;563;6.96;0.01;0.01;
561;576;6.47;0.01;0.02;
561;583;8.61;0.01;0.02;
561;585;6.18;0.01;0.01;
561;590;8.87;0.01;0.01;
562;563;3.81;0.01;0.01;
562;564;7.14;0.01;0.03;
562;576;6.8;0.01;0.02;
562;579;7.19;0.01;0.04;
562;582;7.17;0.01;0.04;
562;583;5.54;0.01;0.02;
562;585;6.6;0.01;0.01;
563;564;3.79;0.01;0.03;
563;565;6.61;0.01;0.01;
563;579;7.09;0.01;0.04;
563;581;9.14;0.01;0.07;
563;582;5.52;0.01;0.04;
563;583;5.23;0.01;0.02;
563;585;8.7;0.01;0.01;
563;604;9.85;0.01;0.01;
564;565;3.83;0.03;0.01;
564;579;6.44;0.03;0.04;
564;581;6.92;0.03;0.07;
564;582;4.5;0.03;0.04;
564;583;6.63;0.03;0.02;
565;579;8.92;0.01;0.04;
565;581;6.28;0.01;0.07;
565;582;5.42;0.01;0.04;
565;583;7.64;0.01;0.02;
565;604;9.49;0.01;0.01;
565;606;9.32;0.01;0.01;
576;579;9.41;0.02;0.04;
576;585;9.64;0.02;0.01;
576;590;9.96;0.02;0.01;
576;594;7.96;0.02;0.03;
579;581;6.11;0.04;0.07;
579;582;4.45;0.04;0.04;
579;583;6.57;0.04;0.02;
581;582;3.85;0.07;0.04;
581;583;7.1;0.07;0.02;
582;583;3.8;0.04;0.02;
583;585;6.74;0.02;0.01;
583;604;9.13;0.02;0.01;
583;617;9.42;0.02;0.09;
585;587;7.14;0.01;0.02;
585;590;9.27;0.01;0.01;
587;590;5.48;0.02;0.01;
590;594;6.06;0.01;0.03;
604;606;6.96;0.01;0.01;
604;646;9.03;0.01;0.44;
606;644;9.89;0.01;0.06;
606;645;7.72;0.01;0.19;
606;646;8.99;0.01;0.44;
617;632;7.44;0.09;0.15;
617;644;9.74;0.09;0.06;
617;645;7.12;0.09;0.19;
617;646;9.62;0.09;0.44;
622;624;7.12;0.06;0.02;
622;627;8.45;0.06;0.04;
622;628;5.72;0.06;0.05;
622;629;5.14;0.06;0.05;
622;630;8.38;0.06;0.09;
622;631;8.26;0.06;0.11;
622;644;9.43;0.06;0.06;
622;645;9.9;0.06;0.19;
622;646;7.59;0.06;0.44;
623;626;8.28;0.03;0.05;
623;627;8.11;0.03;0.04;
623;628;4.38;0.03;0.05;
623;630;8.59;0.03;0.09;
624;626;5.45;0.02;0.05;
624;627;5.5;0.02;0.04;
624;628;6.56;0.02;0.05;
624;629;9.07;0.02;0.05;
626;627;3.82;0.05;0.04;
626;628;7.43;0.05;0.05;
627;628;3.8;0.04;0.05;
627;629;6.91;0.04;0.05;
628;629;3.81;0.05;0.05;
628;630;8.87;0.05;0.09;
629;630;6.15;0.05;0.09;
629;631;6.7;0.05;0.11;
629;646;9.39;0.05;0.44;
630;631;8.76;0.09;0.11;
630;632;6.69;0.09;0.15;
630;644;9.26;0.09;0.06;
630;645;8.67;0.09;0.19;
630;646;6.51;0.09;0.44;
631;632;9.49;0.11;0.15;
631;633;7.09;0.11;0.35;
631;642;9.84;0.11;0.1;
631;644;6.26;0.11;0.06;
631;645;9.37;0.11;0.19;
631;646;9.91;0.11;0.44;
632;644;6.66;0.15;0.06;
632;645;5.75;0.15;0.19;
632;646;6.94;0.15;0.44;
633;635;7.13;0.35;0.05;
633;641;9.64;0.35;0.06;
633;642;6.36;0.35;0.1;
633;644;8.8;0.35;0.06;
635;640;8.68;0.05;0.08;
635;641;9.36;0.05;0.06;
635;642;8.68;0.05;0.1;
640;641;3.87;0.08;0.06;
640;642;6.59;0.08;0.1;
641;642;3.82;0.06;0.1;
641;644;9.6;0.06;0.06;
642;644;6.77;0.1;0.06;
642;645;9.54;0.1;0.19;
644;645;3.89;0.06;0.19;
644;646;6.52;0.06;0.44;
645;646;3.94;0.19;0.44;
