517;518;3.77;0.05;0.05;
517;519;7.02;0.05;0.04;
517;634;9.22;0.05;0.05;
517;635;7.99;0.05;0.04;
517;640;6.35;0.05;0.05;
517;641;4.76;0.05;0.03;
517;642;6.35;0.05;0.09;
518;519;3.77;0.05;0.04;
518;634;9.01;0.05;0.05;
518;635;9.33;0.05;0.04;
518;640;7.93;0.05;0.05;
518;641;4.69;0.05;0.03;
518;642;4.37;0.05;0.09;
518;644;7.23;0.05;0.09;
518;645;9.94;0.05;0.16;
519;521;7.01;0.04;0.05;
519;606;7.23;0.04;0.04;
519;641;6.89;0.04;0.03;
519;642;6.48;0.04;0.09;
519;644;5.7;0.04;0.09;
519;645;7.24;0.04;0.16;
519;646;9.9;0.04;0.74;
521;523;6.56;0.05;0.12;
521;532;9.64;0.05;0.06;
521;534;9.85;0.05;0.08;
521;552;9.32;0.05;0.03;
521;604;7.02;0.05;0.07;
521;606;4.31;0.05;0.04;
521;617;9.72;0.05;0.05;
521;622;9.79;0.05;0.09;
521;644;6.89;0.05;0.09;
521;645;5.06;0.05;0.16;
521;646;4.86;0.05;0.74;
523;554;9.8;0.12;0.02;
523;604;4.33;0.12;0.07;
523;606;8.72;0.12;0.04;
523;622;9.34;0.12;0.09;
523;624;9.96;0.12;0.04;
523;646;7.13;0.12;0.74;
532;534;6.77;0.06;0.08;
532;559;9.25;0.06;0.02;
532;583;7.29;0.06;0.58;
532;585;4.68;0.06;0.09;
532;587;8.95;0.06;0.05;
532;604;10.0;0.06;0.07;
532;617;8.12;0.06;0.05;
532;621;8.04;0.06;0.13;
532;645;8.46;0.06;0.16;
532;646;7.67;0.06;0.74;
534;536;6.36;0.08;0.0;
534;554;10.0;0.08;0.02;
534;562;9.64;0.08;0.02;
534;563;9.52;0.08;0.01;
534;565;9.94;0.08;0.02;
534;579;8.4;0.08;0.03;
534;581;6.93;0.08;0.05;
534;582;5.91;0.08;0.15;
534;583;4.4;0.08;0.58;
534;585;8.91;0.08;0.09;
534;606;9.34;0.08;0.04;
534;617;5.16;0.08;0.05;
534;645;9.27;0.08;0.16;
536;579;9.99;0.0;0.03;
536;581;5.26;0.0;0.05;
536;582;7.89;0.0;0.15;
536;583;9.34;0.0;0.58;
536;617;7.24;0.0;0.05;
552;554;6.56;0.03;0.02;
552;564;9.69;0.03;0.01;
552;565;5.98;0.03;0.02;
552;581;9.08;0.03;0.05;
552;582;9.58;0.03;0.15;
552;604;8.53;0.03;0.07;
552;606;5.14;0.03;0.04;
554;557;8.28;0.02;0.02;
554;562;9.17;0.02;0.02;
554;563;5.82;0.02;0.01;
554;564;5.69;0.02;0.01;
554;565;4.31;0.02;0.02;
554;581;9.32;0.02;0.05;
554;582;7.11;0.02;0.15;
554;583;7.47;0.02;0.58;
554;604;5.48;0.02;0.07;
554;606;8.1;0.02;0.04;
557;559;6.83;0.02;0.02;
557;560;8.21;0.02;0.02;
557;561;5.52;0.02;0.02;
557;562;6.02;0.02;0.02;
557;563;5.88;0.02;0.01;
557;564;9.29;0.02;0.01;
557;583;9.13;0.02;0.58;
557;585;7.65;0.02;0.09;
557;604;9.28;0.02;0.07;
559;560;3.84;0.02;0.02;
559;561;5.47;0.02;0.02;
559;562;8.27;0.02;0.02;
559;585;4.98;0.02;0.09;
559;587;6.23;0.02;0.05;
559;590;6.58;0.02;0.02;
560;561;3.85;0.02;0.02;
560;562;7.08;0.02;0.02;
560;576;6.75;0.02;0.02;
560;585;5.92;0.02;0.09;
560;587;7.17;0.02;0.05;
560;590;5.12;0.02;0.02;
560;594;7.97;0.02;0.03;
561;562;3.8;0.02;0.02;
561;563;6.96;0.02;0.01;
561;576;6.34;0.02;0.02;
561;583;8.55;0.02;0.58;
561;585;6.26;0.02;0.09;
561;590;8.94;0.02;0.02;
562;563;3.81;0.02;0.01;
562;564;7.09;0.02;0.01;
562;576;6.72;0.02;0.02;
562;579;7.15;0.02;0.03;
562;582;7.21;0.02;0.15;
562;583;5.43;0.02;0.58;
562;585;6.67;0.02;0.09;
563;564;3.78;0.01;0.01;
563;565;6.58;0.01;0.02;
563;579;7.1;0.01;0.03;
563;581;9.16;0.01;0.05;
563;582;5.52;0.01;0.15;
563;583;5.26;0.01;0.58;
563;585;8.69;0.01;0.09;
563;604;9.65;0.01;0.07;
564;565;3.82;0.01;0.02;
564;579;6.41;0.01;0.03;
564;581;6.95;0.01;0.05;
564;582;4.47;0.01;0.15;
564;583;6.68;0.01;0.58;
565;579;8.88;0.02;0.03;
565;581;6.28;0.02;0.05;
565;582;5.38;0.02;0.15;
565;583;7.86;0.02;0.58;
565;604;9.42;0.02;0.07;
565;606;9.22;0.02;0.04;
576;579;9.38;0.02;0.03;
576;585;9.53;0.02;0.09;
576;590;9.91;0.02;0.02;
576;594;8.06;0.02;0.03;
579;581;6.13;0.03;0.05;
579;582;4.45;0.03;0.15;
579;583;6.19;0.03;0.58;
581;582;3.83;0.05;0.15;
581;583;7.03;0.05;0.58;
582;583;3.76;0.15;0.58;
583;585;6.84;0.58;0.09;
583;604;9.61;0.58;0.07;
583;617;9.45;0.58;0.05;
585;587;7.12;0.09;0.05;
585;590;9.27;0.09;0.02;
587;590;5.48;0.05;0.02;
587;621;9.65;0.05;0.13;
590;594;6.03;0.02;0.03;
604;606;6.95;0.07;0.04;
604;646;9.28;0.07;0.74;
606;644;9.83;0.04;0.09;
606;645;8.27;0.04;0.16;
606;646;8.98;0.04;0.74;
617;644;9.2;0.05;0.09;
617;645;6.74;0.05;0.16;
617;646;9.63;0.05;0.74;
621;623;6.44;0.13;0.01;
621;628;6.96;0.13;0.02;
621;629;9.45;0.13;0.05;
621;630;4.32;0.13;0.18;
621;645;9.89;0.13;0.16;
621;646;7.42;0.13;0.74;
622;624;7.1;0.09;0.04;
622;627;8.34;0.09;0.03;
622;628;5.64;0.09;0.02;
622;629;5.14;0.09;0.05;
622;630;9.07;0.09;0.18;
622;631;8.13;0.09;0.07;
622;646;7.79;0.09;0.74;
623;626;7.91;0.01;0.03;
623;627;8.19;0.01;0.03;
623;628;4.5;0.01;0.02;
623;630;8.54;0.01;0.18;
624;626;5.49;0.04;0.03;
624;627;5.7;0.04;0.03;
624;628;6.74;0.04;0.02;
624;629;9.21;0.04;0.05;
626;627;3.82;0.03;0.03;
626;628;7.42;0.03;0.02;
627;628;3.78;0.03;0.02;
627;629;6.84;0.03;0.05;
628;629;3.79;0.02;0.05;
628;630;9.07;0.02;0.18;
629;630;6.32;0.05;0.18;
629;631;6.67;0.05;0.07;
629;646;9.2;0.05;0.74;
630;631;8.6;0.18;0.07;
630;644;9.69;0.18;0.09;
630;645;8.59;0.18;0.16;
630;646;6.89;0.18;0.74;
631;642;9.91;0.07;0.09;
631;644;6.15;0.07;0.09;
631;645;8.81;0.07;0.16;
631;646;9.21;0.07;0.74;
634;635;3.76;0.05;0.04;
634;640;9.96;0.05;0.05;
634;641;9.76;0.05;0.03;
634;642;7.5;0.05;0.09;
635;640;8.21;0.04;0.05;
635;641;9.17;0.04;0.03;
635;642;8.4;0.04;0.09;
640;641;3.86;0.05;0.03;
640;642;6.44;0.05;0.09;
641;642;3.79;0.03;0.09;
641;644;9.34;0.03;0.09;
642;644;6.64;0.09;0.09;
642;645;9.56;0.09;0.16;
644;645;3.83;0.09;0.16;
644;646;6.41;0.09;0.74;
645;646;3.87;0.16;0.74;
