1;2;532;521;9.64;0.63;1.26;
1;2;532;559;9.25;0.63;0.63;
1;2;532;604;10.0;0.63;0.78;
1;2;534;521;9.85;0.6;1.26;
1;2;534;554;10.0;0.6;0.59;
1;2;534;562;9.64;0.6;0.5;
1;2;534;563;9.52;0.6;0.52;
1;2;534;565;9.94;0.6;0.55;
1;2;534;606;9.34;0.6;0.69;
1;2;576;560;6.75;0.48;0.55;
1;2;576;561;6.34;0.48;0.53;
1;2;576;562;6.72;0.48;0.5;
1;2;579;562;7.15;0.49;0.5;
1;2;579;563;7.1;0.49;0.52;
1;2;579;564;6.41;0.49;0.52;
1;2;579;565;8.88;0.49;0.55;
1;2;581;552;9.08;0.56;0.61;
1;2;581;554;9.32;0.56;0.59;
1;2;581;563;9.16;0.56;0.52;
1;2;581;564;6.95;0.56;0.52;
1;2;581;565;6.28;0.56;0.55;
1;2;582;552;9.58;0.53;0.61;
1;2;582;554;7.11;0.53;0.59;
1;2;582;562;7.21;0.53;0.5;
1;2;582;563;5.52;0.53;0.52;
1;2;582;564;4.47;0.53;0.52;
1;2;582;565;5.38;0.53;0.55;
1;2;583;554;7.47;0.54;0.59;
1;2;583;557;9.13;0.54;0.63;
1;2;583;561;8.55;0.54;0.53;
1;2;583;562;5.43;0.54;0.5;
1;2;583;563;5.26;0.54;0.52;
1;2;583;564;6.68;0.54;0.52;
1;2;583;565;7.86;0.54;0.55;
1;2;583;604;9.61;0.54;0.78;
1;2;585;557;7.65;0.59;0.63;
1;2;585;559;4.98;0.59;0.63;
1;2;585;560;5.92;0.59;0.55;
1;2;585;561;6.26;0.59;0.53;
1;2;585;562;6.67;0.59;0.5;
1;2;585;563;8.69;0.59;0.52;
1;2;587;559;6.23;0.68;0.63;
1;2;587;560;7.17;0.68;0.55;
1;2;590;559;6.58;0.6;0.63;
1;2;590;560;5.12;0.6;0.55;
1;2;590;561;8.94;0.6;0.53;
1;2;594;560;7.97;0.52;0.55;
1;2;617;521;9.72;0.67;1.26;
1;2;621;629;9.45;0.71;0.78;
1;2;623;626;7.91;0.95;1.06;
1;2;623;627;8.19;0.95;0.83;
1;2;627;624;9.5;0.83;1.06;
1;2;627;626;5.38;0.83;1.06;
1;2;627;627;4.46;0.83;0.83;
1;2;627;628;7.24;0.83;0.82;
1;2;627;629;9.01;0.83;0.78;
1;2;628;622;9.53;0.82;0.78;
1;2;628;624;8.5;0.82;1.06;
1;2;628;626;6.48;0.82;1.06;
1;2;628;627;4.7;0.82;0.83;
1;2;628;628;6.16;0.82;0.82;
1;2;628;629;6.62;0.82;0.78;
1;2;630;622;9.07;0.76;0.78;
1;2;630;628;9.07;0.76;0.82;
1;2;630;629;6.32;0.76;0.78;
1;2;630;631;8.6;0.76;0.77;
1;2;640;517;6.35;1.77;0.67;
1;2;640;518;7.93;1.77;0.71;
1;2;640;634;9.96;1.77;0.82;
1;2;640;635;8.21;1.77;0.84;
1;2;641;517;4.76;1.54;0.67;
1;2;641;518;4.69;1.54;0.71;
1;2;641;519;6.89;1.54;0.76;
1;2;641;634;9.76;1.54;0.82;
1;2;641;635;9.17;1.54;0.84;
1;2;642;517;6.35;1.67;0.67;
1;2;642;518;4.37;1.67;0.71;
1;2;642;519;6.48;1.67;0.76;
1;2;642;631;9.91;1.67;0.77;
1;2;642;634;7.5;1.67;0.82;
1;2;642;635;8.4;1.67;0.84;
1;2;644;518;7.23;1.47;0.71;
1;2;644;519;5.7;1.47;0.76;
1;2;644;521;6.89;1.47;1.26;
1;2;644;606;9.83;1.47;0.69;
1;2;644;631;6.15;1.47;0.77;
1;2;645;518;9.94;2.84;0.71;
1;2;645;519;7.24;2.84;0.76;
1;2;645;521;5.06;2.84;1.26;
1;2;645;606;8.27;2.84;0.69;
1;2;645;631;8.81;2.84;0.77;
1;2;646;519;9.9;2.89;0.76;
1;2;646;521;4.86;2.89;1.26;
1;2;646;523;7.13;2.89;2.39;
1;2;646;604;9.28;2.89;0.78;
1;2;646;606;8.98;2.89;0.69;
1;2;646;622;7.79;2.89;0.78;
1;2;646;629;9.2;2.89;0.78;
1;2;646;631;9.21;2.89;0.77;
2;3;532;521;9.61;0.63;1.26;
2;3;532;559;9.27;0.63;0.63;
2;3;534;521;9.88;0.6;1.26;
2;3;534;562;9.7;0.6;0.5;
2;3;534;563;9.65;0.6;0.52;
2;3;534;565;9.97;0.6;0.55;
2;3;534;606;9.33;0.6;0.69;
2;3;576;560;6.77;0.48;0.55;
2;3;576;561;6.33;0.48;0.53;
2;3;576;562;6.7;0.48;0.5;
2;3;579;562;7.16;0.49;0.5;
2;3;579;563;7.09;0.49;0.52;
2;3;579;564;6.39;0.49;0.52;
2;3;579;565;8.85;0.49;0.55;
2;3;581;552;9.09;0.56;0.61;
2;3;581;554;9.31;0.56;0.59;
2;3;581;563;9.19;0.56;0.52;
2;3;581;564;6.97;0.56;0.52;
2;3;581;565;6.3;0.56;0.55;
2;3;583;554;6.87;0.54;0.59;
2;3;583;557;8.74;0.54;0.63;
2;3;583;561;8.45;0.54;0.53;
2;3;583;562;5.35;0.54;0.5;
2;3;583;563;4.97;0.54;0.52;
2;3;583;564;6.43;0.54;0.52;
2;3;583;565;7.52;0.54;0.55;
2;3;583;604;9.11;0.54;0.78;
2;3;585;557;7.68;0.59;0.63;
2;3;585;559;4.99;0.59;0.63;
2;3;585;560;5.94;0.59;0.55;
2;3;585;561;6.24;0.59;0.53;
2;3;585;562;6.64;0.59;0.5;
2;3;585;563;8.71;0.59;0.52;
2;3;590;559;6.59;0.6;0.63;
2;3;590;560;5.11;0.6;0.55;
2;3;590;561;8.92;0.6;0.53;
2;3;594;560;7.98;0.52;0.55;
2;3;617;521;9.8;0.67;1.26;
2;3;621;629;9.59;0.71;0.78;
2;3;623;626;8.01;0.95;1.06;
2;3;623;627;8.22;0.95;0.83;
2;3;627;624;9.47;0.83;1.06;
2;3;627;626;5.41;0.83;1.06;
2;3;627;627;4.45;0.83;0.83;
2;3;627;628;7.26;0.83;0.82;
2;3;627;629;9.02;0.83;0.78;
2;3;628;622;9.36;0.82;0.78;
2;3;628;624;8.47;0.82;1.06;
2;3;628;626;6.51;0.82;1.06;
2;3;628;627;4.7;0.82;0.83;
2;3;628;628;6.18;0.82;0.82;
2;3;628;629;6.69;0.82;0.78;
2;3;630;622;8.7;0.76;0.78;
2;3;630;628;8.99;0.76;0.82;
2;3;630;629;6.28;0.76;0.78;
2;3;630;631;8.44;0.76;0.77;
2;3;640;517;6.3;1.77;0.67;
2;3;640;518;7.94;1.77;0.71;
2;3;640;634;9.94;1.77;0.82;
2;3;640;635;8.16;1.77;0.84;
2;3;641;517;4.71;1.54;0.67;
2;3;641;518;4.68;1.54;0.71;
2;3;641;519;6.93;1.54;0.76;
2;3;641;633;9.74;1.54;0.83;
2;3;641;634;9.76;1.54;0.82;
2;3;641;635;9.14;1.54;0.84;
2;3;642;517;6.3;1.67;0.67;
2;3;642;518;4.34;1.67;0.71;
2;3;642;519;6.45;1.67;0.76;
2;3;642;631;9.88;1.67;0.77;
2;3;642;633;6.39;1.67;0.83;
2;3;642;634;7.52;1.67;0.82;
2;3;642;635;8.4;1.67;0.84;
2;3;644;518;7.27;1.47;0.71;
2;3;644;519;5.71;1.47;0.76;
2;3;644;521;6.86;1.47;1.26;
2;3;644;606;9.83;1.47;0.69;
2;3;644;622;9.8;1.47;0.78;
2;3;644;631;6.16;1.47;0.77;
2;3;644;633;8.7;1.47;0.83;
2;3;645;518;9.89;2.84;0.71;
2;3;645;519;7.18;2.84;0.76;
2;3;645;521;5.15;2.84;1.26;
2;3;645;606;8.28;2.84;0.69;
2;3;645;631;8.94;2.84;0.77;
2;3;646;521;4.9;2.89;1.26;
2;3;646;523;7.49;2.89;2.39;
2;3;646;604;9.05;2.89;0.78;
2;3;646;606;8.87;2.89;0.69;
2;3;646;622;8.25;2.89;0.78;
2;3;646;629;9.92;2.89;0.78;
2;3;646;631;9.83;2.89;0.77;
3;4;532;521;9.64;0.63;1.26;
3;4;532;559;9.28;0.63;0.63;
3;4;532;604;9.98;0.63;0.78;
3;4;534;521;9.95;0.6;1.26;
3;4;534;554;9.99;0.6;0.59;
3;4;534;562;9.7;0.6;0.5;
3;4;534;563;9.64;0.6;0.52;
3;4;534;565;9.98;0.6;0.55;
3;4;534;606;9.4;0.6;0.69;
3;4;576;560;6.76;0.48;0.55;
3;4;576;561;6.34;0.48;0.53;
3;4;576;562;6.71;0.48;0.5;
3;4;579;562;7.14;0.49;0.5;
3;4;579;563;7.08;0.49;0.52;
3;4;579;564;6.4;0.49;0.52;
3;4;579;565;8.88;0.49;0.55;
3;4;581;552;9.05;0.56;0.61;
3;4;581;554;9.25;0.56;0.59;
3;4;581;563;9.17;0.56;0.52;
3;4;581;564;6.94;0.56;0.52;
3;4;581;565;6.26;0.56;0.55;
3;4;583;554;6.85;0.54;0.59;
3;4;583;557;8.7;0.54;0.63;
3;4;583;561;8.42;0.54;0.53;
3;4;583;562;5.32;0.54;0.5;
3;4;583;563;4.94;0.54;0.52;
3;4;583;564;6.41;0.54;0.52;
3;4;583;565;7.53;0.54;0.55;
3;4;583;604;9.05;0.54;0.78;
3;4;585;557;7.67;0.59;0.63;
3;4;585;559;5.01;0.59;0.63;
3;4;585;560;5.95;0.59;0.55;
3;4;585;561;6.26;0.59;0.53;
3;4;585;562;6.66;0.59;0.5;
3;4;585;563;8.72;0.59;0.52;
3;4;587;559;6.2;0.68;0.63;
3;4;587;560;7.15;0.68;0.55;
3;4;590;559;6.58;0.6;0.63;
3;4;590;560;5.11;0.6;0.55;
3;4;590;561;8.93;0.6;0.53;
3;4;594;560;7.96;0.52;0.55;
3;4;617;521;9.85;0.67;1.26;
3;4;621;629;9.58;0.71;0.78;
3;4;623;626;7.95;0.95;1.06;
3;4;623;627;8.22;0.95;0.83;
3;4;627;624;9.46;0.83;1.06;
3;4;627;626;5.39;0.83;1.06;
3;4;627;627;4.43;0.83;0.83;
3;4;627;628;7.2;0.83;0.82;
3;4;627;629;8.95;0.83;0.78;
3;4;628;622;9.34;0.82;0.78;
3;4;628;624;8.47;0.82;1.06;
3;4;628;626;6.49;0.82;1.06;
3;4;628;627;4.71;0.82;0.83;
3;4;628;628;6.16;0.82;0.82;
3;4;628;629;6.62;0.82;0.78;
3;4;630;622;8.68;0.76;0.78;
3;4;630;628;9.0;0.76;0.82;
3;4;630;629;6.24;0.76;0.78;
3;4;630;631;8.42;0.76;0.77;
3;4;640;517;6.34;1.77;0.67;
3;4;640;518;7.95;1.77;0.71;
3;4;640;634;9.89;1.77;0.82;
3;4;640;635;8.14;1.77;0.84;
3;4;641;517;4.74;1.54;0.67;
3;4;641;518;4.7;1.54;0.71;
3;4;641;519;6.93;1.54;0.76;
3;4;641;634;9.7;1.54;0.82;
3;4;641;635;9.12;1.54;0.84;
3;4;642;517;6.33;1.67;0.67;
3;4;642;518;4.32;1.67;0.71;
3;4;642;519;6.41;1.67;0.76;
3;4;642;631;9.82;1.67;0.77;
3;4;642;634;7.54;1.67;0.82;
3;4;642;635;8.48;1.67;0.84;
3;4;644;518;7.33;1.47;0.71;
3;4;644;519;5.74;1.47;0.76;
3;4;644;521;6.83;1.47;1.26;
3;4;644;606;9.74;1.47;0.69;
3;4;644;622;9.73;1.47;0.78;
3;4;644;631;6.15;1.47;0.77;
3;4;645;518;9.99;2.84;0.71;
3;4;645;519;7.21;2.84;0.76;
3;4;645;521;4.91;2.84;1.26;
3;4;645;606;8.05;2.84;0.69;
3;4;645;631;8.98;2.84;0.77;
3;4;646;521;4.76;2.89;1.26;
3;4;646;523;7.03;2.89;2.39;
3;4;646;604;8.65;2.89;0.78;
3;4;646;606;8.69;2.89;0.69;
3;4;646;622;8.25;2.89;0.78;
1;4;517;640;6.34;0.67;1.77;
1;4;517;641;4.72;0.67;1.54;
1;4;517;642;6.32;0.67;1.67;
1;4;518;640;7.93;0.71;1.77;
1;4;518;641;4.69;0.71;1.54;
1;4;518;642;4.34;0.71;1.67;
1;4;518;644;7.28;0.71;1.47;
1;4;518;645;9.93;0.71;2.84;
1;4;519;641;6.89;0.76;1.54;
1;4;519;642;6.41;0.76;1.67;
1;4;519;644;5.71;0.76;1.47;
1;4;519;645;7.18;0.76;2.84;
1;4;521;532;9.69;1.26;0.63;
1;4;521;534;9.92;1.26;0.6;
1;4;521;617;9.85;1.26;0.67;
1;4;521;644;6.89;1.26;1.47;
1;4;521;645;5.06;1.26;2.84;
1;4;521;646;4.98;1.26;2.89;
1;4;523;646;7.32;2.39;2.89;
1;4;552;581;9.12;0.61;0.56;
1;4;554;534;9.98;0.59;0.6;
1;4;554;581;9.32;0.59;0.56;
1;4;554;583;6.87;0.59;0.54;
1;4;557;583;8.71;0.63;0.54;
1;4;557;585;7.71;0.63;0.59;
1;4;559;532;9.28;0.63;0.63;
1;4;559;585;5.05;0.63;0.59;
1;4;559;590;6.6;0.63;0.6;
1;4;560;576;6.78;0.55;0.48;
1;4;560;585;5.97;0.55;0.59;
1;4;560;590;5.12;0.55;0.6;
1;4;560;594;7.97;0.55;0.52;
1;4;561;576;6.34;0.53;0.48;
1;4;561;583;8.43;0.53;0.54;
1;4;561;585;6.3;0.53;0.59;
1;4;561;590;8.93;0.53;0.6;
1;4;562;534;9.69;0.5;0.6;
1;4;562;576;6.71;0.5;0.48;
1;4;562;579;7.16;0.5;0.49;
1;4;562;583;5.32;0.5;0.54;
1;4;562;585;6.68;0.5;0.59;
1;4;563;534;9.63;0.52;0.6;
1;4;563;579;7.09;0.52;0.49;
1;4;563;581;9.2;0.52;0.56;
1;4;563;583;4.94;0.52;0.54;
1;4;563;585;8.74;0.52;0.59;
1;4;564;579;6.4;0.52;0.49;
1;4;564;581;6.99;0.52;0.56;
1;4;564;583;6.41;0.52;0.54;
1;4;565;534;9.96;0.55;0.6;
1;4;565;579;8.86;0.55;0.49;
1;4;565;581;6.31;0.55;0.56;
1;4;565;583;7.52;0.55;0.54;
1;4;604;583;9.13;0.78;0.54;
1;4;604;646;9.05;0.78;2.89;
1;4;606;534;9.35;0.69;0.6;
1;4;606;644;9.8;0.69;1.47;
1;4;606;645;8.15;0.69;2.84;
1;4;606;646;8.93;0.69;2.89;
1;4;622;628;9.42;0.78;0.82;
1;4;622;630;8.76;0.78;0.76;
1;4;622;644;9.86;0.78;1.47;
1;4;622;646;8.3;0.78;2.89;
1;4;624;627;9.46;1.06;0.83;
1;4;624;628;8.47;1.06;0.82;
1;4;626;623;7.93;1.06;0.95;
1;4;626;627;5.38;1.06;0.83;
1;4;626;628;6.49;1.06;0.82;
1;4;627;623;8.21;0.83;0.95;
1;4;627;627;4.45;0.83;0.83;
1;4;627;628;4.71;0.83;0.82;
1;4;628;627;7.21;0.82;0.83;
1;4;628;628;6.14;0.82;0.82;
1;4;628;630;8.97;0.82;0.76;
1;4;629;621;9.54;0.78;0.71;
1;4;629;627;8.95;0.78;0.83;
1;4;629;628;6.59;0.78;0.82;
1;4;629;630;6.19;0.78;0.76;
1;4;629;646;9.83;0.78;2.89;
1;4;631;630;8.47;0.77;0.76;
1;4;631;642;9.91;0.77;1.67;
1;4;631;644;6.23;0.77;1.47;
1;4;631;645;9.03;0.77;2.84;
1;4;631;646;9.89;0.77;2.89;
1;4;634;640;9.92;0.82;1.77;
1;4;634;641;9.74;0.82;1.54;
1;4;634;642;7.54;0.82;1.67;
1;4;635;640;8.19;0.84;1.77;
1;4;635;641;9.16;0.84;1.54;
1;4;635;642;8.46;0.84;1.67;
