517;518;3.77;0.03;0.02;
517;519;7.04;0.03;0.03;
517;634;9.24;0.03;0.02;
517;635;7.97;0.03;0.03;
517;640;6.21;0.03;0.06;
517;641;4.69;0.03;0.03;
517;642;6.34;0.03;0.02;
518;519;3.78;0.02;0.03;
518;633;8.48;0.02;0.03;
518;634;9.14;0.02;0.02;
518;635;9.39;0.02;0.03;
518;640;7.9;0.02;0.06;
518;641;4.65;0.02;0.03;
518;642;4.33;0.02;0.02;
518;644;7.34;0.02;0.03;
519;521;7.13;0.03;0.08;
519;606;7.12;0.03;0.03;
519;641;6.92;0.03;0.03;
519;642;6.45;0.03;0.02;
519;644;5.82;0.03;0.03;
519;646;9.8;0.03;0.01;
521;552;9.42;0.08;0.01;
521;604;6.79;0.08;0.02;
521;606;4.49;0.08;0.03;
521;622;9.56;0.08;0.02;
521;644;7.08;0.08;0.03;
521;646;4.62;0.08;0.01;
534;536;6.29;0.02;0.02;
534;562;9.63;0.02;0.02;
534;563;9.59;0.02;0.03;
534;579;8.42;0.02;0.03;
534;581;6.94;0.02;0.05;
534;582;5.84;0.02;0.03;
534;583;4.44;0.02;0.01;
534;585;8.92;0.02;0.05;
534;606;9.53;0.02;0.03;
534;617;5.13;0.02;0.02;
536;581;5.42;0.02;0.05;
536;582;7.93;0.02;0.03;
536;583;9.4;0.02;0.01;
536;617;7.12;0.02;0.02;
552;554;6.58;0.01;0.01;
552;564;9.66;0.01;0.04;
552;565;5.94;0.01;0.03;
552;581;9.02;0.01;0.05;
552;582;9.59;0.01;0.03;
552;604;8.63;0.01;0.02;
552;606;5.13;0.01;0.03;
554;557;8.21;0.01;0.02;
554;562;9.09;0.01;0.02;
554;563;5.8;0.01;0.03;
554;564;5.7;0.01;0.04;
554;565;4.28;0.01;0.03;
554;581;9.21;0.01;0.05;
554;582;7.05;0.01;0.03;
554;583;7.09;0.01;0.01;
554;604;5.53;0.01;0.02;
554;606;8.02;0.01;0.03;
557;559;6.9;0.02;0.04;
557;560;8.21;0.02;0.04;
557;561;5.49;0.02;0.03;
557;562;5.91;0.02;0.02;
557;563;5.89;0.02;0.03;
557;564;9.34;0.02;0.04;
557;583;8.84;0.02;0.01;
557;585;7.58;0.02;0.05;
557;604;9.17;0.02;0.02;
559;560;3.84;0.04;0.04;
559;561;5.49;0.04;0.03;
559;562;8.31;0.04;0.02;
559;585;5.01;0.04;0.05;
559;590;6.61;0.04;0.02;
560;561;3.86;0.04;0.03;
560;562;7.12;0.04;0.02;
560;576;6.82;0.04;0.02;
560;585;5.96;0.04;0.05;
560;590;5.14;0.04;0.02;
560;594;8.04;0.04;0.03;
561;562;3.81;0.03;0.02;
561;563;7.02;0.03;0.03;
561;576;6.35;0.03;0.02;
561;583;8.64;0.03;0.01;
561;585;6.21;0.03;0.05;
561;590;8.96;0.03;0.02;
562;563;3.81;0.02;0.03;
562;564;7.12;0.02;0.04;
562;576;6.74;0.02;0.02;
562;579;7.18;0.02;0.03;
562;582;7.18;0.02;0.03;
562;583;5.55;0.02;0.01;
562;585;6.61;0.02;0.05;
563;564;3.79;0.03;0.04;
563;565;6.59;0.03;0.03;
563;579;7.01;0.03;0.03;
563;581;9.09;0.03;0.05;
563;582;5.5;0.03;0.03;
563;583;5.26;0.03;0.01;
563;585;8.78;0.03;0.05;
563;604;9.73;0.03;0.02;
564;565;3.83;0.04;0.03;
564;579;6.25;0.04;0.03;
564;581;6.8;0.04;0.05;
564;582;4.46;0.04;0.03;
564;583;6.66;0.04;0.01;
565;579;8.88;0.03;0.03;
565;581;6.28;0.03;0.05;
565;582;5.5;0.03;0.03;
565;583;7.78;0.03;0.01;
565;604;9.47;0.03;0.02;
565;606;9.15;0.03;0.03;
576;579;9.37;0.02;0.03;
576;585;9.56;0.02;0.05;
576;594;8.21;0.02;0.03;
579;581;6.16;0.03;0.05;
579;582;4.49;0.03;0.03;
579;583;6.61;0.03;0.01;
581;582;3.84;0.05;0.03;
581;583;7.12;0.05;0.01;
582;583;3.79;0.03;0.01;
583;585;6.74;0.01;0.05;
583;604;9.22;0.01;0.02;
583;617;9.4;0.01;0.02;
585;590;9.43;0.05;0.02;
590;594;6.02;0.02;0.03;
604;606;6.96;0.02;0.03;
604;646;8.53;0.02;0.01;
606;644;9.89;0.03;0.03;
606;646;8.54;0.03;0.01;
617;644;9.14;0.02;0.03;
617;646;9.48;0.02;0.01;
622;624;7.1;0.02;0.02;
622;627;8.3;0.02;0.05;
622;628;5.7;0.02;0.04;
622;629;5.11;0.02;0.02;
622;630;8.81;0.02;0.02;
622;631;8.06;0.02;0.02;
622;644;9.69;0.02;0.03;
622;646;8.33;0.02;0.01;
623;626;7.94;0.01;0.05;
623;627;8.49;0.01;0.05;
623;628;4.55;0.01;0.04;
623;630;8.6;0.01;0.02;
624;626;5.46;0.02;0.05;
624;627;5.68;0.02;0.05;
624;628;6.74;0.02;0.04;
624;629;9.25;0.02;0.02;
626;627;3.82;0.05;0.05;
626;628;7.43;0.05;0.04;
627;628;3.79;0.05;0.04;
627;629;6.82;0.05;0.02;
628;629;3.81;0.04;0.02;
628;630;9.14;0.04;0.02;
629;630;6.38;0.02;0.02;
629;631;6.6;0.02;0.02;
630;631;8.55;0.02;0.02;
630;644;9.33;0.02;0.03;
630;646;7.48;0.02;0.01;
631;633;7.12;0.02;0.03;
631;642;9.9;0.02;0.02;
631;644;6.3;0.02;0.03;
633;634;3.77;0.03;0.02;
633;635;7.22;0.03;0.03;
633;641;9.73;0.03;0.03;
633;642;6.43;0.03;0.02;
633;644;8.83;0.03;0.03;
634;635;3.77;0.02;0.03;
634;640;9.87;0.02;0.06;
634;641;9.76;0.02;0.03;
634;642;7.62;0.02;0.02;
635;640;7.96;0.03;0.06;
635;641;9.05;0.03;0.03;
635;642;8.45;0.03;0.02;
640;641;3.88;0.06;0.03;
640;642;6.55;0.06;0.02;
641;642;3.82;0.03;0.02;
641;644;9.53;0.03;0.03;
642;644;6.72;0.02;0.03;
644;646;6.62;0.03;0.01;
