517;518;3.78;0.03;0.03;
517;519;7.07;0.03;0.01;
517;634;9.19;0.03;0.05;
517;635;8.05;0.03;0.04;
517;640;6.63;0.03;0.08;
517;641;4.82;0.03;0.05;
517;642;6.37;0.03;0.06;
518;519;3.8;0.03;0.01;
518;634;9.06;0.03;0.05;
518;635;9.46;0.03;0.04;
518;640;8.22;0.03;0.08;
518;641;4.85;0.03;0.05;
518;642;4.52;0.03;0.06;
518;644;7.17;0.03;0.06;
519;521;7.08;0.01;0.27;
519;606;7.35;0.01;0.03;
519;617;9.66;0.01;0.13;
519;641;6.68;0.01;0.05;
519;642;6.33;0.01;0.06;
519;644;5.64;0.01;0.06;
519;646;9.71;0.01;0.29;
521;523;6.52;0.27;0.08;
521;532;9.79;0.27;0.03;
521;604;7.16;0.27;0.03;
521;606;4.53;0.27;0.03;
521;617;9.81;0.27;0.13;
521;622;9.44;0.27;0.1;
521;644;6.82;0.27;0.06;
521;646;5.14;0.27;0.29;
523;604;4.61;0.08;0.03;
523;606;8.92;0.08;0.03;
523;622;8.62;0.08;0.1;
523;624;9.3;0.08;0.04;
523;646;7.52;0.08;0.29;
532;534;6.75;0.03;0.02;
532;559;9.16;0.03;0.03;
532;562;9.92;0.03;0.01;
532;583;7.01;0.03;0.04;
532;585;4.62;0.03;0.06;
532;604;9.99;0.03;0.03;
532;617;8.08;0.03;0.13;
532;621;8.13;0.03;0.1;
532;646;8.04;0.03;0.29;
534;536;6.46;0.02;0.17;
534;562;9.6;0.02;0.01;
534;563;9.57;0.02;0.02;
534;579;8.36;0.02;0.02;
534;581;6.88;0.02;0.02;
534;582;5.85;0.02;0.02;
534;583;4.48;0.02;0.04;
534;585;8.94;0.02;0.06;
534;606;9.55;0.02;0.03;
534;617;5.08;0.02;0.13;
536;579;9.97;0.17;0.02;
536;581;5.16;0.17;0.02;
536;582;7.87;0.17;0.02;
536;583;9.47;0.17;0.04;
536;617;7.38;0.17;0.13;
554;557;8.21;0.01;0.01;
554;562;9.2;0.01;0.01;
554;563;5.87;0.01;0.02;
554;564;5.71;0.01;0.02;
554;565;4.32;0.01;0.02;
554;581;9.34;0.01;0.02;
554;582;7.15;0.01;0.02;
554;583;7.11;0.01;0.04;
554;604;5.54;0.01;0.03;
554;606;8.08;0.01;0.03;
557;559;6.82;0.01;0.03;
557;560;8.2;0.01;0.02;
557;561;5.54;0.01;0.01;
557;562;6.11;0.01;0.01;
557;563;5.92;0.01;0.02;
557;564;9.31;0.01;0.02;
557;583;8.89;0.01;0.04;
557;585;7.62;0.01;0.06;
557;604;9.21;0.01;0.03;
559;560;3.84;0.03;0.02;
559;561;5.48;0.03;0.01;
559;562;8.28;0.03;0.01;
559;585;4.92;0.03;0.06;
559;590;6.6;0.03;0.04;
560;561;3.85;0.02;0.01;
560;562;7.09;0.02;0.01;
560;576;6.83;0.02;0.04;
560;585;5.96;0.02;0.06;
560;590;5.07;0.02;0.04;
560;594;7.93;0.02;0.05;
561;562;3.8;0.01;0.01;
561;563;6.92;0.01;0.02;
561;576;6.42;0.01;0.04;
561;583;8.59;0.01;0.04;
561;585;6.25;0.01;0.06;
561;590;8.89;0.01;0.04;
562;563;3.81;0.01;0.02;
562;564;7.09;0.01;0.02;
562;576;6.75;0.01;0.04;
562;579;7.11;0.01;0.02;
562;582;7.12;0.01;0.02;
562;583;5.56;0.01;0.04;
562;585;6.67;0.01;0.06;
563;564;3.78;0.02;0.02;
563;565;6.6;0.02;0.02;
563;579;7.08;0.02;0.02;
563;581;9.09;0.02;0.02;
563;582;5.47;0.02;0.02;
563;583;5.2;0.02;0.04;
563;585;8.7;0.02;0.06;
563;604;9.74;0.02;0.03;
564;565;3.82;0.02;0.02;
564;579;6.41;0.02;0.02;
564;581;6.85;0.02;0.02;
564;582;4.45;0.02;0.02;
564;583;6.61;0.02;0.04;
565;579;8.97;0.02;0.02;
565;581;6.31;0.02;0.02;
565;582;5.46;0.02;0.02;
565;583;7.68;0.02;0.04;
565;604;9.47;0.02;0.03;
565;606;9.12;0.02;0.03;
576;579;9.35;0.04;0.02;
576;585;9.59;0.04;0.06;
576;590;9.83;0.04;0.04;
576;594;7.88;0.04;0.05;
579;581;6.15;0.02;0.02;
579;582;4.52;0.02;0.02;
579;583;6.67;0.02;0.04;
581;582;3.84;0.02;0.02;
581;583;7.1;0.02;0.04;
582;583;3.79;0.02;0.04;
583;585;6.72;0.04;0.06;
583;604;9.13;0.04;0.03;
583;617;9.36;0.04;0.13;
585;590;9.27;0.06;0.04;
590;594;6.01;0.04;0.05;
604;606;7.0;0.03;0.03;
604;646;9.96;0.03;0.29;
606;644;9.98;0.03;0.06;
606;646;9.44;0.03;0.29;
617;644;9.39;0.13;0.06;
617;646;9.5;0.13;0.29;
621;623;6.48;0.1;0.06;
621;628;6.88;0.1;0.07;
621;629;9.44;0.1;0.21;
621;630;4.26;0.1;0.1;
621;646;7.37;0.1;0.29;
622;624;7.09;0.1;0.04;
622;627;8.39;0.1;0.04;
622;628;5.68;0.1;0.07;
622;629;5.29;0.1;0.21;
622;630;9.04;0.1;0.1;
622;631;8.15;0.1;0.1;
622;646;7.67;0.1;0.29;
623;626;7.94;0.06;0.03;
623;627;8.41;0.06;0.04;
623;628;4.49;0.06;0.07;
623;630;8.57;0.06;0.1;
624;626;5.41;0.04;0.03;
624;627;5.68;0.04;0.04;
624;628;6.72;0.04;0.07;
624;629;9.19;0.04;0.21;
626;627;3.82;0.03;0.04;
626;628;7.4;0.03;0.07;
627;628;3.77;0.04;0.07;
627;629;6.82;0.04;0.21;
628;629;3.8;0.07;0.21;
628;630;9.21;0.07;0.1;
629;630;6.4;0.21;0.1;
629;631;6.83;0.21;0.1;
629;646;8.95;0.21;0.29;
630;631;8.81;0.1;0.1;
630;644;9.78;0.1;0.06;
630;646;6.4;0.1;0.29;
631;644;6.2;0.1;0.06;
631;646;8.64;0.1;0.29;
634;635;3.77;0.05;0.04;
634;640;9.94;0.05;0.08;
634;641;9.56;0.05;0.05;
634;642;7.28;0.05;0.06;
635;640;8.19;0.04;0.08;
635;641;8.98;0.04;0.05;
635;642;8.23;0.04;0.06;
640;641;3.86;0.08;0.05;
640;642;6.5;0.08;0.06;
641;642;3.79;0.05;0.06;
641;644;9.43;0.05;0.06;
642;644;6.68;0.06;0.06;
644;646;5.96;0.06;0.29;
