1;2;532;521;9.57;0.8;1.53;
1;2;532;559;9.06;0.8;0.64;
1;2;532;562;9.91;0.8;0.51;
1;2;532;604;9.94;0.8;0.85;
1;2;534;562;9.57;0.75;0.51;
1;2;534;563;9.55;0.75;0.53;
1;2;534;565;9.98;0.75;0.57;
1;2;534;606;9.48;0.75;0.82;
1;2;576;560;6.82;0.5;0.56;
1;2;576;561;6.41;0.5;0.53;
1;2;576;562;6.72;0.5;0.51;
1;2;579;562;7.13;0.51;0.51;
1;2;579;563;7.07;0.51;0.53;
1;2;579;564;6.38;0.51;0.53;
1;2;579;565;8.91;0.51;0.57;
1;2;581;552;9.27;0.64;0.65;
1;2;581;554;9.35;0.64;0.61;
1;2;581;563;9.13;0.64;0.53;
1;2;581;564;6.9;0.64;0.53;
1;2;581;565;6.33;0.64;0.57;
1;2;582;552;9.73;0.58;0.65;
1;2;582;554;7.14;0.58;0.61;
1;2;582;562;7.14;0.58;0.51;
1;2;582;563;5.51;0.58;0.53;
1;2;582;564;4.48;0.58;0.53;
1;2;582;565;5.45;0.58;0.57;
1;2;583;554;7.06;0.6;0.61;
1;2;583;557;8.88;0.6;0.63;
1;2;583;561;8.6;0.6;0.53;
1;2;583;562;5.55;0.6;0.51;
1;2;583;563;5.21;0.6;0.53;
1;2;583;564;6.62;0.6;0.53;
1;2;583;565;7.63;0.6;0.57;
1;2;583;604;9.0;0.6;0.85;
1;2;585;557;7.57;0.64;0.63;
1;2;585;559;4.88;0.64;0.64;
1;2;585;560;5.97;0.64;0.56;
1;2;585;561;6.2;0.64;0.53;
1;2;585;562;6.62;0.64;0.51;
1;2;585;563;8.68;0.64;0.53;
1;2;590;559;6.53;0.61;0.64;
1;2;590;560;5.03;0.61;0.56;
1;2;590;561;8.85;0.61;0.53;
1;2;594;560;7.95;0.53;0.56;
1;2;617;519;9.78;0.99;1.41;
1;2;617;521;9.65;0.99;1.53;
1;2;621;629;9.48;0.96;1.18;
1;2;623;626;7.94;1.13;1.34;
1;2;623;627;8.45;1.13;1.14;
1;2;627;624;9.44;1.14;1.19;
1;2;627;626;5.34;1.14;1.34;
1;2;627;627;4.58;1.14;1.14;
1;2;627;628;7.37;1.14;1.19;
1;2;627;629;9.11;1.14;1.18;
1;2;628;622;9.44;1.19;1.0;
1;2;628;624;8.32;1.19;1.19;
1;2;628;626;6.3;1.19;1.34;
1;2;628;627;4.83;1.19;1.14;
1;2;628;628;6.28;1.19;1.19;
1;2;628;629;6.76;1.19;1.18;
1;2;630;622;8.57;1.16;1.0;
1;2;630;628;9.02;1.16;1.19;
1;2;630;629;6.22;1.16;1.18;
1;2;630;631;8.49;1.16;1.28;
1;2;632;521;9.48;1.29;1.53;
1;2;632;631;8.31;1.29;1.28;
1;2;638;517;9.45;3.76;1.46;
1;2;638;519;9.79;3.76;1.41;
2;3;532;559;9.15;0.8;0.64;
2;3;532;562;9.97;0.8;0.51;
2;3;532;604;9.91;0.8;0.85;
2;3;534;562;9.58;0.75;0.51;
2;3;534;563;9.56;0.75;0.53;
2;3;534;565;9.97;0.75;0.57;
2;3;534;606;9.55;0.75;0.82;
2;3;576;560;6.8;0.5;0.56;
2;3;576;561;6.4;0.5;0.53;
2;3;576;562;6.73;0.5;0.51;
2;3;579;562;7.14;0.51;0.51;
2;3;579;563;7.07;0.51;0.53;
2;3;579;564;6.38;0.51;0.53;
2;3;579;565;8.91;0.51;0.57;
2;3;581;552;9.25;0.64;0.65;
2;3;581;554;9.32;0.64;0.61;
2;3;581;563;9.12;0.64;0.53;
2;3;581;564;6.88;0.64;0.53;
2;3;581;565;6.32;0.64;0.57;
2;3;582;552;9.73;0.58;0.65;
2;3;582;554;7.12;0.58;0.61;
2;3;582;562;7.14;0.58;0.51;
2;3;582;563;5.51;0.58;0.53;
2;3;582;564;4.47;0.58;0.53;
2;3;582;565;5.45;0.58;0.57;
2;3;583;554;7.01;0.6;0.61;
2;3;583;557;8.84;0.6;0.63;
2;3;583;561;8.6;0.6;0.53;
2;3;583;562;5.55;0.6;0.51;
2;3;583;563;5.21;0.6;0.53;
2;3;583;564;6.61;0.6;0.53;
2;3;583;565;7.61;0.6;0.57;
2;3;583;604;9.03;0.6;0.85;
2;3;585;557;7.53;0.64;0.63;
2;3;585;559;4.89;0.64;0.64;
2;3;585;560;5.97;0.64;0.56;
2;3;585;561;6.21;0.64;0.53;
2;3;585;562;6.61;0.64;0.51;
2;3;585;563;8.69;0.64;0.53;
2;3;590;559;6.53;0.61;0.64;
2;3;590;560;5.04;0.61;0.56;
2;3;590;561;8.86;0.61;0.53;
2;3;594;560;7.96;0.53;0.56;
2;3;617;519;9.67;0.99;1.41;
2;3;617;521;9.88;0.99;1.53;
2;3;621;629;9.23;0.96;1.18;
2;3;623;626;7.98;1.13;1.34;
2;3;623;627;8.5;1.13;1.14;
2;3;627;624;9.32;1.14;1.19;
2;3;627;626;5.28;1.14;1.34;
2;3;627;627;4.52;1.14;1.14;
2;3;627;628;7.3;1.14;1.19;
2;3;627;629;8.74;1.14;1.18;
2;3;628;622;9.28;1.19;1.0;
2;3;628;624;8.31;1.19;1.19;
2;3;628;626;6.38;1.19;1.34;
2;3;628;627;4.92;1.19;1.14;
2;3;628;628;6.35;1.19;1.19;
2;3;628;629;6.38;1.19;1.18;
2;3;630;622;8.59;1.16;1.0;
2;3;630;628;9.22;1.16;1.19;
2;3;630;629;6.17;1.16;1.18;
2;3;630;631;7.82;1.16;1.28;
2;3;640;517;6.54;6.46;1.46;
2;3;640;518;7.94;6.46;1.48;
2;3;640;633;9.93;6.46;1.55;
2;3;640;634;9.05;6.46;1.63;
2;3;640;635;7.85;6.46;1.77;
2;3;641;517;4.85;7.74;1.46;
2;3;641;518;4.69;7.74;1.48;
2;3;641;519;6.47;7.74;1.41;
2;3;641;633;8.82;7.74;1.55;
2;3;641;634;9.22;7.74;1.63;
2;3;641;635;9.12;7.74;1.77;
2;3;642;517;6.66;7.03;1.46;
2;3;642;518;4.72;7.03;1.48;
2;3;642;519;6.33;7.03;1.41;
2;3;642;631;9.91;7.03;1.28;
2;3;642;633;5.48;7.03;1.55;
2;3;642;634;7.18;7.03;1.63;
2;3;642;635;8.57;7.03;1.77;
2;3;644;518;7.2;7.96;1.48;
2;3;644;519;5.63;7.96;1.41;
2;3;644;521;6.99;7.96;1.53;
2;3;644;631;5.96;7.96;1.28;
2;3;644;633;8.06;7.96;1.55;
2;3;646;519;9.59;11.26;1.41;
2;3;646;521;4.85;11.26;1.53;
2;3;646;523;7.59;11.26;2.29;
2;3;646;604;9.01;11.26;0.85;
2;3;646;606;8.56;11.26;0.82;
2;3;646;622;8.32;11.26;1.0;
2;3;646;629;10.0;11.26;1.18;
2;3;646;631;9.2;11.26;1.28;
3;4;532;521;9.77;0.8;1.53;
3;4;532;559;8.94;0.8;0.64;
3;4;532;562;9.67;0.8;0.51;
3;4;532;604;9.85;0.8;0.85;
3;4;534;562;9.53;0.75;0.51;
3;4;534;563;9.5;0.75;0.53;
3;4;534;564;9.95;0.75;0.53;
3;4;534;565;9.92;0.75;0.57;
3;4;534;606;9.54;0.75;0.82;
3;4;576;560;6.86;0.5;0.56;
3;4;576;561;6.44;0.5;0.53;
3;4;576;562;6.74;0.5;0.51;
3;4;579;562;7.14;0.51;0.51;
3;4;579;563;7.09;0.51;0.53;
3;4;579;564;6.41;0.51;0.53;
3;4;579;565;8.95;0.51;0.57;
3;4;581;554;9.31;0.64;0.61;
3;4;581;563;9.11;0.64;0.53;
3;4;581;564;6.87;0.64;0.53;
3;4;581;565;6.31;0.64;0.57;
3;4;582;554;7.12;0.58;0.61;
3;4;582;562;7.14;0.58;0.51;
3;4;582;563;5.49;0.58;0.53;
3;4;582;564;4.46;0.58;0.53;
3;4;582;565;5.43;0.58;0.57;
3;4;583;554;7.02;0.6;0.61;
3;4;583;557;8.84;0.6;0.63;
3;4;583;561;8.57;0.6;0.53;
3;4;583;562;5.53;0.6;0.51;
3;4;583;563;5.19;0.6;0.53;
3;4;583;564;6.59;0.6;0.53;
3;4;583;565;7.6;0.6;0.57;
3;4;583;604;9.09;0.6;0.85;
3;4;585;557;7.49;0.64;0.63;
3;4;585;559;4.84;0.64;0.64;
3;4;585;560;5.93;0.64;0.56;
3;4;585;561;6.13;0.64;0.53;
3;4;585;562;6.58;0.64;0.51;
3;4;585;563;8.66;0.64;0.53;
3;4;590;559;6.52;0.61;0.64;
3;4;590;560;5.0;0.61;0.56;
3;4;590;561;8.83;0.61;0.53;
3;4;594;560;7.96;0.53;0.56;
3;4;617;519;9.88;0.99;1.41;
3;4;617;521;9.68;0.99;1.53;
3;4;621;629;9.84;0.96;1.18;
3;4;623;626;7.87;1.13;1.34;
3;4;623;627;8.45;1.13;1.14;
3;4;627;624;9.37;1.14;1.19;
3;4;627;626;5.3;1.14;1.34;
3;4;627;627;4.53;1.14;1.14;
3;4;627;628;7.31;1.14;1.19;
3;4;627;629;9.0;1.14;1.18;
3;4;628;622;9.38;1.19;1.0;
3;4;628;624;8.25;1.19;1.19;
3;4;628;626;6.25;1.19;1.34;
3;4;628;627;4.82;1.19;1.14;
3;4;628;628;6.28;1.19;1.19;
3;4;628;629;6.73;1.19;1.18;
3;4;630;622;8.72;1.16;1.0;
3;4;630;628;8.97;1.16;1.19;
3;4;630;629;6.23;1.16;1.18;
3;4;630;631;8.61;1.16;1.28;
3;4;630;646;8.09;1.16;11.26;
3;4;632;631;8.94;1.29;1.28;
3;4;632;645;6.96;1.29;10.09;
3;4;632;646;4.88;1.29;11.26;
3;4;638;517;9.15;3.76;1.46;
3;4;639;641;8.31;4.63;7.74;
3;4;639;643;9.79;4.63;7.83;
3;4;641;517;9.36;7.74;1.46;
3;4;641;519;8.91;7.74;1.41;
3;4;641;641;7.98;7.74;7.74;
3;4;641;643;6.05;7.74;7.83;
3;4;641;645;6.93;7.74;10.09;
3;4;641;646;9.81;7.74;11.26;
3;4;642;519;9.18;7.03;1.41;
3;4;642;641;9.31;7.03;7.74;
3;4;642;643;5.11;7.03;7.83;
3;4;642;645;4.33;7.03;10.09;
3;4;642;646;6.36;7.03;11.26;
3;4;644;519;7.22;7.96;1.41;
3;4;644;521;7.1;7.96;1.53;
3;4;644;631;7.61;7.96;1.28;
3;4;644;643;9.5;7.96;7.83;
3;4;644;645;4.37;7.96;10.09;
3;4;644;646;4.64;7.96;11.26;
3;4;646;521;8.13;11.26;1.53;
3;4;646;622;9.98;11.26;1.0;
3;4;646;629;9.95;11.26;1.18;
3;4;646;631;9.83;11.26;1.28;
3;4;646;645;9.67;11.26;10.09;
3;4;646;646;7.85;11.26;11.26;
1;4;517;638;8.97;1.46;3.76;
1;4;519;617;9.83;1.41;0.99;
1;4;519;633;9.86;1.41;1.55;
1;4;519;634;9.44;1.41;1.63;
1;4;519;638;9.7;1.41;3.76;
1;4;521;532;9.62;1.53;0.8;
1;4;521;617;9.44;1.53;0.99;
1;4;521;619;8.54;1.53;1.05;
1;4;554;534;9.97;0.61;0.75;
1;4;554;581;9.32;0.61;0.64;
1;4;554;582;7.13;0.61;0.58;
1;4;554;583;7.01;0.61;0.6;
1;4;557;583;8.84;0.63;0.6;
1;4;557;585;7.53;0.63;0.64;
1;4;559;532;9.08;0.64;0.8;
1;4;559;585;4.9;0.64;0.64;
1;4;559;590;6.52;0.64;0.61;
1;4;560;576;6.81;0.56;0.5;
1;4;560;585;5.98;0.56;0.64;
1;4;560;590;5.04;0.56;0.61;
1;4;560;594;7.95;0.56;0.53;
1;4;561;576;6.42;0.53;0.5;
1;4;561;583;8.58;0.53;0.6;
1;4;561;585;6.2;0.53;0.64;
1;4;561;590;8.86;0.53;0.61;
1;4;562;532;9.86;0.51;0.8;
1;4;562;534;9.46;0.51;0.75;
1;4;562;576;6.75;0.51;0.5;
1;4;562;579;7.15;0.51;0.51;
1;4;562;582;7.13;0.51;0.58;
1;4;562;583;5.53;0.51;0.6;
1;4;562;585;6.62;0.51;0.64;
1;4;563;534;9.44;0.53;0.75;
1;4;563;579;7.11;0.53;0.51;
1;4;563;581;9.12;0.53;0.64;
1;4;563;582;5.5;0.53;0.58;
1;4;563;583;5.2;0.53;0.6;
1;4;563;585;8.69;0.53;0.64;
1;4;564;534;9.91;0.53;0.75;
1;4;564;579;6.43;0.53;0.51;
1;4;564;581;6.88;0.53;0.64;
1;4;564;582;4.48;0.53;0.58;
1;4;564;583;6.6;0.53;0.6;
1;4;565;534;9.89;0.57;0.75;
1;4;565;579;8.95;0.57;0.51;
1;4;565;581;6.31;0.57;0.64;
1;4;565;582;5.46;0.57;0.58;
1;4;565;583;7.61;0.57;0.6;
1;4;604;532;9.87;0.85;0.8;
1;4;604;583;9.08;0.85;0.6;
1;4;606;534;9.56;0.82;0.75;
1;4;622;628;9.38;1.0;1.19;
1;4;622;630;8.44;1.0;1.16;
1;4;624;627;9.39;1.19;1.14;
1;4;624;628;8.32;1.19;1.19;
1;4;626;623;8.01;1.34;1.13;
1;4;626;627;5.31;1.34;1.14;
1;4;626;628;6.33;1.34;1.19;
1;4;627;623;8.46;1.14;1.13;
1;4;627;627;4.53;1.14;1.14;
1;4;627;628;4.83;1.14;1.19;
1;4;628;627;7.35;1.19;1.14;
1;4;628;628;6.33;1.19;1.19;
1;4;628;630;8.96;1.19;1.16;
1;4;629;621;9.7;1.18;0.96;
1;4;629;627;9.07;1.18;1.14;
1;4;629;628;6.8;1.18;1.19;
1;4;629;630;6.27;1.18;1.16;
1;4;641;638;7.77;7.74;3.76;
1;4;641;639;8.75;7.74;4.63;
1;4;643;633;8.11;7.83;1.55;
1;4;643;634;9.47;7.83;1.63;
1;4;643;638;7.61;7.83;3.76;
1;4;643;639;8.45;7.83;4.63;
1;4;645;617;8.12;10.09;0.99;
1;4;645;619;9.39;10.09;1.05;
1;4;645;632;6.68;10.09;1.29;
1;4;645;633;4.82;10.09;1.55;
1;4;645;634;6.03;10.09;1.63;
1;4;645;638;8.6;10.09;3.76;
1;4;645;639;9.78;10.09;4.63;
1;4;646;617;8.37;11.26;0.99;
1;4;646;619;7.33;11.26;1.05;
1;4;646;630;8.82;11.26;1.16;
1;4;646;632;5.67;11.26;1.29;
1;4;646;633;6.13;11.26;1.55;
1;4;646;634;7.97;11.26;1.63;
