1;2;532;521;9.79;0.66;1.1;
1;2;532;559;9.16;0.66;0.63;
1;2;532;562;9.92;0.66;0.49;
1;2;532;604;9.99;0.66;0.74;
1;2;534;562;9.6;0.62;0.49;
1;2;534;563;9.57;0.62;0.51;
1;2;534;606;9.55;0.62;0.72;
1;2;576;560;6.83;0.48;0.55;
1;2;576;561;6.42;0.48;0.51;
1;2;576;562;6.75;0.48;0.49;
1;2;579;562;7.11;0.49;0.49;
1;2;579;563;7.08;0.49;0.51;
1;2;579;564;6.41;0.49;0.51;
1;2;579;565;8.97;0.49;0.55;
1;2;581;554;9.34;0.56;0.58;
1;2;581;563;9.09;0.56;0.51;
1;2;581;564;6.85;0.56;0.51;
1;2;581;565;6.31;0.56;0.55;
1;2;582;554;7.15;0.52;0.58;
1;2;582;562;7.12;0.52;0.49;
1;2;582;563;5.47;0.52;0.51;
1;2;582;564;4.45;0.52;0.51;
1;2;582;565;5.46;0.52;0.55;
1;2;583;554;7.11;0.53;0.58;
1;2;583;557;8.89;0.53;0.61;
1;2;583;561;8.59;0.53;0.51;
1;2;583;562;5.56;0.53;0.49;
1;2;583;563;5.2;0.53;0.51;
1;2;583;564;6.61;0.53;0.51;
1;2;583;565;7.68;0.53;0.55;
1;2;583;604;9.13;0.53;0.74;
1;2;585;557;7.62;0.58;0.61;
1;2;585;559;4.92;0.58;0.63;
1;2;585;560;5.96;0.58;0.55;
1;2;585;561;6.25;0.58;0.51;
1;2;585;562;6.67;0.58;0.49;
1;2;585;563;8.7;0.58;0.51;
1;2;590;559;6.6;0.59;0.63;
1;2;590;560;5.07;0.59;0.55;
1;2;590;561;8.89;0.59;0.51;
1;2;594;560;7.93;0.53;0.55;
1;2;617;519;9.66;0.73;0.78;
1;2;617;521;9.81;0.73;1.1;
1;2;621;629;9.44;0.81;0.9;
1;2;623;626;7.94;0.96;1.18;
1;2;623;627;8.41;0.96;0.96;
1;2;627;624;9.26;0.96;1.11;
1;2;627;626;5.22;0.96;1.18;
1;2;627;627;4.42;0.96;0.96;
1;2;627;628;7.21;0.96;0.91;
1;2;627;629;8.86;0.96;0.9;
1;2;628;622;9.46;0.91;0.82;
1;2;628;624;8.24;0.91;1.11;
1;2;628;626;6.35;0.91;1.18;
1;2;628;627;4.82;0.91;0.96;
1;2;628;628;6.23;0.91;0.91;
1;2;628;629;6.57;0.91;0.9;
1;2;630;622;9.04;0.91;0.82;
1;2;630;628;9.21;0.91;0.91;
1;2;630;629;6.4;0.91;0.9;
1;2;630;631;8.81;0.91;0.87;
1;2;640;517;6.63;3.31;0.71;
1;2;640;518;8.22;3.31;0.78;
1;2;640;634;9.94;3.31;1.32;
1;2;640;635;8.19;3.31;1.32;
1;2;641;517;4.82;3.86;0.71;
1;2;641;518;4.85;3.86;0.78;
1;2;641;519;6.68;3.86;0.78;
1;2;641;634;9.56;3.86;1.32;
1;2;641;635;8.98;3.86;1.32;
1;2;642;517;6.37;4.03;0.71;
1;2;642;518;4.52;4.03;0.78;
1;2;642;519;6.33;4.03;0.78;
1;2;642;634;7.28;4.03;1.32;
1;2;642;635;8.23;4.03;1.32;
1;2;644;518;7.17;4.88;0.78;
1;2;644;519;5.64;4.88;0.78;
1;2;644;521;6.82;4.88;1.1;
1;2;644;606;9.98;4.88;0.72;
1;2;644;631;6.2;4.88;0.87;
1;2;646;519;9.71;6.47;0.78;
1;2;646;521;5.14;6.47;1.1;
1;2;646;523;7.52;6.47;1.98;
1;2;646;604;9.96;6.47;0.74;
1;2;646;606;9.44;6.47;0.72;
1;2;646;622;7.67;6.47;0.82;
1;2;646;629;8.95;6.47;0.9;
1;2;646;631;8.64;6.47;0.87;
2;3;532;521;9.81;0.66;1.1;
2;3;532;559;9.17;0.66;0.63;
2;3;532;562;9.92;0.66;0.49;
2;3;532;604;10.0;0.66;0.74;
2;3;534;562;9.6;0.62;0.49;
2;3;534;563;9.56;0.62;0.51;
2;3;534;606;9.54;0.62;0.72;
2;3;576;560;6.87;0.48;0.55;
2;3;576;561;6.43;0.48;0.51;
2;3;576;562;6.75;0.48;0.49;
2;3;579;562;7.13;0.49;0.49;
2;3;579;563;7.08;0.49;0.51;
2;3;579;564;6.4;0.49;0.51;
2;3;579;565;8.95;0.49;0.55;
2;3;581;552;9.22;0.56;0.6;
2;3;581;554;9.36;0.56;0.58;
2;3;581;563;9.11;0.56;0.51;
2;3;581;564;6.87;0.56;0.51;
2;3;581;565;6.33;0.56;0.55;
2;3;582;552;9.7;0.52;0.6;
2;3;582;554;7.17;0.52;0.58;
2;3;582;562;7.13;0.52;0.49;
2;3;582;563;5.49;0.52;0.51;
2;3;582;564;4.47;0.52;0.51;
2;3;582;565;5.48;0.52;0.55;
2;3;583;554;7.11;0.53;0.58;
2;3;583;557;8.87;0.53;0.61;
2;3;583;561;8.6;0.53;0.51;
2;3;583;562;5.56;0.53;0.49;
2;3;583;563;5.2;0.53;0.51;
2;3;583;564;6.61;0.53;0.51;
2;3;583;565;7.68;0.53;0.55;
2;3;583;604;9.13;0.53;0.74;
2;3;585;557;7.58;0.58;0.61;
2;3;585;559;4.92;0.58;0.63;
2;3;585;560;5.95;0.58;0.55;
2;3;585;561;6.24;0.58;0.51;
2;3;585;562;6.67;0.58;0.49;
2;3;585;563;8.7;0.58;0.51;
2;3;587;559;6.13;0.65;0.63;
2;3;587;560;7.12;0.65;0.55;
2;3;590;559;6.59;0.59;0.63;
2;3;590;560;5.05;0.59;0.55;
2;3;590;561;8.86;0.59;0.51;
2;3;594;560;7.95;0.53;0.55;
2;3;617;519;9.73;0.73;0.78;
2;3;617;521;9.87;0.73;1.1;
2;3;621;629;9.59;0.81;0.9;
2;3;623;626;7.93;0.96;1.18;
2;3;623;627;8.4;0.96;0.96;
2;3;627;624;9.26;0.96;1.11;
2;3;627;626;5.22;0.96;1.18;
2;3;627;627;4.42;0.96;0.96;
2;3;627;628;7.24;0.96;0.91;
2;3;627;629;8.96;0.96;0.9;
2;3;628;622;9.42;0.91;0.82;
2;3;628;624;8.22;0.91;1.11;
2;3;628;626;6.34;0.91;1.18;
2;3;628;627;4.8;0.91;0.96;
2;3;628;628;6.24;0.91;0.91;
2;3;628;629;6.69;0.91;0.9;
2;3;630;622;8.98;0.91;0.82;
2;3;630;628;9.16;0.91;0.91;
2;3;630;629;6.49;0.91;0.9;
2;3;630;631;9.01;0.91;0.87;
2;3;640;517;6.71;3.31;0.71;
2;3;640;518;8.27;3.31;0.78;
2;3;640;634;9.98;3.31;1.32;
2;3;640;635;8.25;3.31;1.32;
2;3;641;517;4.86;3.86;0.71;
2;3;641;518;4.88;3.86;0.78;
2;3;641;519;6.71;3.86;0.78;
2;3;641;633;9.6;3.86;1.08;
2;3;641;634;9.55;3.86;1.32;
2;3;641;635;8.98;3.86;1.32;
2;3;642;517;6.4;4.03;0.71;
2;3;642;518;4.52;4.03;0.78;
2;3;642;519;6.29;4.03;0.78;
2;3;642;633;6.27;4.03;1.08;
2;3;642;634;7.33;4.03;1.32;
2;3;642;635;8.3;4.03;1.32;
2;3;644;518;7.21;4.88;0.78;
2;3;644;519;5.65;4.88;0.78;
2;3;644;521;6.76;4.88;1.1;
2;3;644;606;9.94;4.88;0.72;
2;3;644;631;6.32;4.88;0.87;
2;3;644;633;8.54;4.88;1.08;
2;3;645;518;9.75;6.09;0.78;
2;3;645;519;6.85;6.09;0.78;
2;3;645;521;5.19;6.09;1.1;
2;3;645;606;8.39;6.09;0.72;
2;3;645;631;9.16;6.09;0.87;
2;3;646;519;9.71;6.47;0.78;
2;3;646;521;5.26;6.47;1.1;
2;3;646;523;7.75;6.47;1.98;
2;3;646;606;9.61;6.47;0.72;
2;3;646;622;7.34;6.47;0.82;
2;3;646;629;8.67;6.47;0.9;
2;3;646;631;8.41;6.47;0.87;
3;4;532;521;9.94;0.66;1.1;
3;4;532;523;9.99;0.66;1.98;
3;4;532;559;9.18;0.66;0.63;
3;4;532;562;9.94;0.66;0.49;
3;4;532;604;9.92;0.66;0.74;
3;4;534;562;9.58;0.62;0.49;
3;4;534;563;9.56;0.62;0.51;
3;4;534;606;9.57;0.62;0.72;
3;4;576;560;6.84;0.48;0.55;
3;4;576;561;6.43;0.48;0.51;
3;4;576;562;6.74;0.48;0.49;
3;4;579;562;7.14;0.49;0.49;
3;4;579;563;7.09;0.49;0.51;
3;4;579;564;6.4;0.49;0.51;
3;4;579;565;8.94;0.49;0.55;
3;4;581;552;9.21;0.56;0.6;
3;4;581;554;9.36;0.56;0.58;
3;4;581;563;9.11;0.56;0.51;
3;4;581;564;6.87;0.56;0.51;
3;4;581;565;6.32;0.56;0.55;
3;4;582;552;9.7;0.52;0.6;
3;4;582;554;7.16;0.52;0.58;
3;4;582;562;7.13;0.52;0.49;
3;4;582;563;5.49;0.52;0.51;
3;4;582;564;4.46;0.52;0.51;
3;4;582;565;5.47;0.52;0.55;
3;4;583;554;7.09;0.53;0.58;
3;4;583;557;8.89;0.53;0.61;
3;4;583;561;8.6;0.53;0.51;
3;4;583;562;5.56;0.53;0.49;
3;4;583;563;5.2;0.53;0.51;
3;4;583;564;6.6;0.53;0.51;
3;4;583;565;7.67;0.53;0.55;
3;4;583;604;9.11;0.53;0.74;
3;4;585;557;7.57;0.58;0.61;
3;4;585;559;4.91;0.58;0.63;
3;4;585;560;5.93;0.58;0.55;
3;4;585;561;6.18;0.58;0.51;
3;4;585;562;6.62;0.58;0.49;
3;4;585;563;8.66;0.58;0.51;
3;4;587;559;6.14;0.65;0.63;
3;4;587;560;7.14;0.65;0.55;
3;4;590;559;6.59;0.59;0.63;
3;4;590;560;5.06;0.59;0.55;
3;4;590;561;8.88;0.59;0.51;
3;4;594;560;7.95;0.53;0.55;
3;4;617;519;9.69;0.73;0.78;
3;4;617;521;9.93;0.73;1.1;
3;4;621;629;9.3;0.81;0.9;
3;4;623;626;7.93;0.96;1.18;
3;4;623;627;8.39;0.96;0.96;
3;4;627;624;9.27;0.96;1.11;
3;4;627;626;5.22;0.96;1.18;
3;4;627;627;4.42;0.96;0.96;
3;4;627;628;7.23;0.96;0.91;
3;4;627;629;8.91;0.96;0.9;
3;4;628;622;9.49;0.91;0.82;
3;4;628;624;8.23;0.91;1.11;
3;4;628;626;6.34;0.91;1.18;
3;4;628;627;4.8;0.91;0.96;
3;4;628;628;6.22;0.91;0.91;
3;4;628;629;6.58;0.91;0.9;
3;4;630;622;8.76;0.91;0.82;
3;4;630;628;8.98;0.91;0.91;
3;4;630;629;6.1;0.91;0.9;
3;4;630;631;8.61;0.91;0.87;
3;4;640;517;6.62;3.31;0.71;
3;4;640;518;8.2;3.31;0.78;
3;4;640;634;9.96;3.31;1.32;
3;4;640;635;8.21;3.31;1.32;
3;4;641;517;4.8;3.86;0.71;
3;4;641;518;4.82;3.86;0.78;
3;4;641;519;6.66;3.86;0.78;
3;4;641;634;9.55;3.86;1.32;
3;4;641;635;8.97;3.86;1.32;
3;4;642;517;6.35;4.03;0.71;
3;4;642;518;4.49;4.03;0.78;
3;4;642;519;6.29;4.03;0.78;
3;4;642;634;7.26;4.03;1.32;
3;4;642;635;8.21;4.03;1.32;
3;4;644;518;7.13;4.88;0.78;
3;4;644;519;5.63;4.88;0.78;
3;4;644;521;6.88;4.88;1.1;
3;4;644;622;9.96;4.88;0.82;
3;4;644;631;6.14;4.88;0.87;
3;4;646;519;9.73;6.47;0.78;
3;4;646;521;4.85;6.47;1.1;
3;4;646;523;6.92;6.47;1.98;
3;4;646;604;9.32;6.47;0.74;
3;4;646;606;8.99;6.47;0.72;
3;4;646;622;7.64;6.47;0.82;
3;4;646;629;9.13;6.47;0.9;
3;4;646;631;9.11;6.47;0.87;
1;4;517;640;6.66;0.71;3.31;
1;4;517;641;4.84;0.71;3.86;
1;4;517;642;6.4;0.71;4.03;
1;4;518;640;8.22;0.78;3.31;
1;4;518;641;4.84;0.78;3.86;
1;4;518;642;4.53;0.78;4.03;
1;4;518;644;7.2;0.78;4.88;
1;4;519;617;9.72;0.78;0.73;
1;4;519;641;6.7;0.78;3.86;
1;4;519;642;6.33;0.78;4.03;
1;4;519;644;5.64;0.78;4.88;
1;4;519;646;9.64;0.78;6.47;
1;4;521;532;9.72;1.1;0.66;
1;4;521;617;9.74;1.1;0.73;
1;4;521;644;6.77;1.1;4.88;
1;4;521;646;5.2;1.1;6.47;
1;4;523;646;7.57;1.98;6.47;
1;4;552;581;9.16;0.6;0.56;
1;4;552;582;9.66;0.6;0.52;
1;4;554;581;9.32;0.58;0.56;
1;4;554;582;7.13;0.58;0.52;
1;4;554;583;7.1;0.58;0.53;
1;4;557;583;8.89;0.61;0.53;
1;4;557;585;7.54;0.61;0.58;
1;4;559;532;9.17;0.63;0.66;
1;4;559;585;4.91;0.63;0.58;
1;4;559;587;6.11;0.63;0.65;
1;4;559;590;6.58;0.63;0.59;
1;4;560;576;6.85;0.55;0.48;
1;4;560;585;5.94;0.55;0.58;
1;4;560;587;7.12;0.55;0.65;
1;4;560;590;5.06;0.55;0.59;
1;4;560;594;7.94;0.55;0.53;
1;4;561;576;6.44;0.51;0.48;
1;4;561;583;8.59;0.51;0.53;
1;4;561;585;6.17;0.51;0.58;
1;4;561;590;8.88;0.51;0.59;
1;4;562;532;9.93;0.49;0.66;
1;4;562;534;9.6;0.49;0.62;
1;4;562;576;6.76;0.49;0.48;
1;4;562;579;7.12;0.49;0.49;
1;4;562;582;7.14;0.49;0.52;
1;4;562;583;5.56;0.49;0.53;
1;4;562;585;6.62;0.49;0.58;
1;4;563;534;9.56;0.51;0.62;
1;4;563;579;7.07;0.51;0.49;
1;4;563;581;9.1;0.51;0.56;
1;4;563;582;5.48;0.51;0.52;
1;4;563;583;5.2;0.51;0.53;
1;4;563;585;8.66;0.51;0.58;
1;4;564;579;6.39;0.51;0.49;
1;4;564;581;6.84;0.51;0.56;
1;4;564;582;4.44;0.51;0.52;
1;4;564;583;6.6;0.51;0.53;
1;4;565;579;8.96;0.55;0.49;
1;4;565;581;6.3;0.55;0.56;
1;4;565;582;5.46;0.55;0.52;
1;4;565;583;7.69;0.55;0.53;
1;4;604;532;9.95;0.74;0.66;
1;4;604;583;9.13;0.74;0.53;
1;4;606;534;9.51;0.72;0.62;
1;4;606;644;9.97;0.72;4.88;
1;4;606;646;9.55;0.72;6.47;
1;4;622;628;9.47;0.82;0.91;
1;4;622;630;8.88;0.82;0.91;
1;4;622;644;10.0;0.82;4.88;
1;4;622;646;7.39;0.82;6.47;
1;4;624;627;9.29;1.11;0.96;
1;4;624;628;8.27;1.11;0.91;
1;4;626;623;7.96;1.18;0.96;
1;4;626;627;5.23;1.18;0.96;
1;4;626;628;6.37;1.18;0.91;
1;4;627;623;8.43;0.96;0.96;
1;4;627;627;4.45;0.96;0.96;
1;4;627;628;4.84;0.96;0.91;
1;4;628;627;7.25;0.91;0.96;
1;4;628;628;6.26;0.91;0.91;
1;4;628;630;9.08;0.91;0.91;
1;4;629;621;9.54;0.9;0.81;
1;4;629;627;8.94;0.9;0.96;
1;4;629;628;6.66;0.9;0.91;
1;4;629;630;6.36;0.9;0.91;
1;4;629;646;8.77;0.9;6.47;
1;4;631;630;8.83;0.87;0.91;
1;4;631;642;9.97;0.87;4.03;
1;4;631;644;6.23;0.87;4.88;
1;4;631;646;8.42;0.87;6.47;
1;4;634;640;9.96;1.32;3.31;
1;4;634;641;9.56;1.32;3.86;
1;4;634;642;7.31;1.32;4.03;
1;4;635;640;8.22;1.32;3.31;
1;4;635;641;8.99;1.32;3.86;
1;4;635;642;8.27;1.32;4.03;
