20;22;6.43;0.59;0.24;
20;393;7.91;0.59;0.32;
20;439;7.4;0.59;0.48;
22;67;6.0;0.24;0.08;
22;324;8.57;0.24;0.2;
22;326;6.67;0.24;0.21;
22;391;9.89;0.24;0.23;
22;439;8.34;0.24;0.48;
50;51;3.85;0.16;0.06;
50;54;8.05;0.16;0.24;
50;163;7.58;0.16;0.18;
50;321;8.21;0.16;0.62;
50;322;9.28;0.16;0.37;
50;496;8.48;0.16;0.19;
50;497;8.2;0.16;0.12;
51;54;5.69;0.06;0.24;
51;300;9.68;0.06;0.26;
51;318;7.93;0.06;0.22;
51;319;8.64;0.06;0.31;
51;320;8.02;0.06;0.49;
51;321;4.45;0.06;0.62;
51;322;5.66;0.06;0.37;
51;323;7.6;0.06;0.26;
51;496;8.0;0.06;0.19;
51;497;6.35;0.06;0.12;
54;56;6.94;0.24;0.22;
54;91;8.82;0.24;0.19;
54;299;7.91;0.24;0.32;
54;300;4.25;0.24;0.26;
54;318;8.53;0.24;0.22;
54;319;7.33;0.24;0.31;
54;320;5.71;0.24;0.49;
54;321;4.57;0.24;0.62;
54;322;7.97;0.24;0.37;
56;297;7.67;0.22;0.21;
56;299;5.07;0.22;0.32;
56;300;4.78;0.22;0.26;
56;319;8.81;0.22;0.31;
56;320;5.48;0.22;0.49;
56;321;7.63;0.22;0.62;
56;387;8.06;0.22;0.14;
56;388;9.47;0.22;0.1;
67;324;9.19;0.08;0.2;
67;439;8.64;0.08;0.48;
67;441;9.68;0.08;0.24;
72;74;6.4;0.19;0.07;
72;76;7.76;0.19;0.16;
72;174;8.61;0.19;0.18;
72;318;7.99;0.19;0.22;
72;319;6.78;0.19;0.31;
72;320;9.74;0.19;0.49;
72;324;7.4;0.19;0.2;
74;76;6.95;0.07;0.16;
74;91;9.5;0.07;0.19;
74;94;9.1;0.07;0.21;
74;147;7.84;0.07;0.19;
74;174;4.37;0.07;0.18;
74;176;8.34;0.07;0.23;
74;297;8.73;0.07;0.21;
74;299;6.77;0.07;0.32;
74;300;8.9;0.07;0.26;
74;318;9.6;0.07;0.22;
74;319;7.64;0.07;0.31;
74;320;9.53;0.07;0.49;
76;147;9.69;0.16;0.19;
76;158;9.89;0.16;0.16;
76;160;9.98;0.16;0.09;
76;169;5.75;0.16;0.1;
76;300;9.88;0.16;0.26;
76;318;5.06;0.16;0.22;
76;319;6.43;0.16;0.31;
76;320;9.75;0.16;0.49;
76;323;9.19;0.16;0.26;
76;324;9.48;0.16;0.2;
90;91;3.86;0.23;0.19;
90;94;6.29;0.23;0.21;
90;158;8.73;0.23;0.16;
90;160;6.46;0.23;0.09;
90;169;9.94;0.23;0.1;
90;300;9.58;0.23;0.26;
91;94;4.94;0.19;0.21;
91;158;9.9;0.19;0.16;
91;160;8.99;0.19;0.09;
91;299;6.97;0.19;0.32;
91;300;6.26;0.19;0.26;
94;147;8.89;0.21;0.19;
94;148;9.79;0.21;0.19;
94;149;9.93;0.21;0.44;
94;158;8.34;0.21;0.16;
94;174;9.78;0.21;0.18;
94;299;8.78;0.21;0.32;
94;300;10.0;0.21;0.26;
114;297;6.4;0.24;0.21;
147;148;3.84;0.19;0.19;
147;149;7.29;0.19;0.44;
147;158;5.57;0.19;0.16;
147;174;7.07;0.19;0.18;
148;149;3.84;0.19;0.44;
148;150;6.88;0.19;0.3;
148;153;9.59;0.19;0.27;
148;154;9.37;0.19;0.19;
148;158;4.91;0.19;0.16;
149;150;3.86;0.44;0.3;
149;151;7.99;0.44;0.21;
149;152;8.07;0.44;0.44;
149;153;7.05;0.44;0.27;
149;154;6.73;0.44;0.19;
149;158;6.55;0.44;0.16;
150;151;6.68;0.3;0.21;
150;152;5.33;0.3;0.44;
150;153;5.66;0.3;0.27;
150;154;7.15;0.3;0.19;
151;152;3.83;0.21;0.44;
151;153;5.62;0.21;0.27;
151;154;5.03;0.21;0.19;
152;153;3.77;0.44;0.27;
152;154;5.98;0.44;0.19;
153;154;3.84;0.27;0.19;
158;160;7.27;0.16;0.09;
158;169;8.55;0.16;0.1;
160;167;8.38;0.09;0.13;
160;169;5.36;0.09;0.1;
163;167;5.64;0.18;0.13;
167;169;6.44;0.13;0.1;
169;318;8.79;0.1;0.22;
174;176;6.08;0.18;0.23;
174;297;9.34;0.18;0.21;
174;299;9.63;0.18;0.32;
176;297;7.77;0.23;0.21;
202;457;7.34;0.11;0.26;
297;299;5.26;0.21;0.32;
297;300;8.86;0.21;0.26;
299;300;3.79;0.32;0.26;
299;319;7.9;0.32;0.31;
299;320;6.7;0.32;0.49;
299;321;9.67;0.32;0.62;
300;318;9.64;0.26;0.22;
300;319;7.21;0.26;0.31;
300;320;5.57;0.26;0.49;
300;321;7.13;0.26;0.62;
318;319;3.82;0.22;0.31;
318;320;7.06;0.22;0.49;
318;321;7.09;0.22;0.62;
318;322;5.76;0.22;0.37;
318;323;4.23;0.22;0.26;
318;324;5.58;0.22;0.2;
318;326;8.09;0.22;0.21;
318;497;9.73;0.22;0.12;
319;320;3.85;0.31;0.49;
319;321;5.76;0.31;0.62;
319;322;5.57;0.31;0.37;
319;323;6.14;0.31;0.26;
319;324;6.4;0.31;0.2;
319;387;9.67;0.31;0.14;
319;388;8.56;0.31;0.1;
319;389;8.77;0.31;0.16;
320;321;3.82;0.49;0.62;
320;322;5.59;0.49;0.37;
320;323;8.17;0.49;0.26;
320;324;8.99;0.49;0.2;
320;387;7.04;0.49;0.14;
320;388;6.48;0.49;0.1;
320;389;8.34;0.49;0.16;
321;322;3.82;0.62;0.37;
321;323;7.1;0.62;0.26;
321;324;9.43;0.62;0.2;
321;387;8.81;0.62;0.14;
321;388;6.72;0.62;0.1;
321;389;8.5;0.62;0.16;
321;497;7.76;0.62;0.12;
322;323;3.78;0.37;0.26;
322;324;6.23;0.37;0.2;
322;326;8.61;0.37;0.21;
322;387;9.17;0.37;0.14;
322;388;6.07;0.37;0.1;
322;389;5.98;0.37;0.16;
322;391;9.79;0.37;0.23;
322;443;9.94;0.37;0.13;
322;496;8.18;0.37;0.19;
322;497;5.54;0.37;0.12;
323;324;3.83;0.26;0.2;
323;326;5.21;0.26;0.21;
323;388;9.03;0.26;0.1;
323;389;7.4;0.26;0.16;
323;391;9.02;0.26;0.23;
323;496;7.28;0.26;0.19;
323;497;6.39;0.26;0.12;
324;326;6.43;0.2;0.21;
324;388;9.3;0.2;0.1;
324;389;6.78;0.2;0.16;
324;391;8.12;0.2;0.23;
324;441;7.97;0.2;0.24;
324;443;9.56;0.2;0.13;
324;497;9.55;0.2;0.12;
326;391;9.01;0.21;0.23;
326;496;6.49;0.21;0.19;
326;497;8.05;0.21;0.12;
387;388;3.86;0.14;0.1;
387;389;6.69;0.14;0.16;
387;443;5.92;0.14;0.13;
388;389;3.8;0.1;0.16;
388;391;9.89;0.1;0.23;
388;441;9.74;0.1;0.24;
388;443;5.65;0.1;0.13;
388;497;9.36;0.1;0.12;
389;391;6.35;0.16;0.23;
389;441;6.17;0.16;0.24;
389;443;4.37;0.16;0.13;
389;497;8.7;0.16;0.12;
391;393;5.61;0.23;0.32;
391;439;6.45;0.23;0.48;
391;441;4.59;0.23;0.24;
391;443;8.56;0.23;0.13;
391;497;9.47;0.23;0.12;
393;439;4.81;0.32;0.48;
393;441;8.45;0.32;0.24;
439;441;6.56;0.48;0.24;
441;443;6.02;0.24;0.13;
496;497;3.87;0.19;0.12;
