19;20;3.82;1.34;0.91;
19;22;8.91;1.34;0.46;
19;394;9.63;1.34;0.22;
19;494;7.77;1.34;0.47;
20;22;6.19;0.91;0.46;
20;393;8.23;0.91;0.26;
20;394;8.89;0.91;0.22;
20;439;9.56;0.91;0.39;
20;494;9.9;0.91;0.47;
22;67;5.87;0.46;0.28;
22;68;9.45;0.46;0.19;
22;324;8.81;0.46;0.26;
22;326;6.81;0.46;0.18;
22;391;9.19;0.46;0.27;
22;393;9.38;0.46;0.26;
22;439;8.87;0.46;0.39;
50;51;3.86;0.22;0.16;
50;53;6.76;0.22;0.09;
50;54;9.61;0.22;0.22;
50;163;8.85;0.22;0.18;
50;321;8.45;0.22;0.62;
50;322;9.37;0.22;0.42;
50;496;8.33;0.22;0.15;
50;497;8.01;0.22;0.31;
51;53;5.47;0.16;0.09;
51;54;6.9;0.16;0.22;
51;318;8.08;0.16;0.24;
51;319;9.01;0.16;0.19;
51;320;8.38;0.16;0.45;
51;321;4.71;0.16;0.62;
51;322;5.73;0.16;0.42;
51;323;7.37;0.16;0.29;
51;496;7.85;0.16;0.15;
51;497;6.26;0.16;0.31;
53;54;3.87;0.09;0.22;
53;163;9.15;0.09;0.18;
53;300;8.16;0.09;0.08;
53;320;8.49;0.09;0.45;
53;321;6.12;0.09;0.62;
53;322;9.35;0.09;0.42;
54;56;7.08;0.22;0.18;
54;76;9.8;0.22;0.22;
54;91;9.01;0.22;0.14;
54;299;8.31;0.22;0.04;
54;300;4.56;0.22;0.08;
54;318;8.33;0.22;0.24;
54;319;7.0;0.22;0.19;
54;320;5.39;0.22;0.45;
54;321;4.78;0.22;0.62;
54;322;8.17;0.22;0.42;
56;297;7.74;0.18;0.18;
56;299;5.15;0.18;0.04;
56;300;4.67;0.18;0.08;
56;319;8.92;0.18;0.19;
56;320;5.8;0.18;0.45;
56;321;8.31;0.18;0.62;
56;387;7.92;0.18;0.18;
56;388;9.66;0.18;0.16;
67;68;3.82;0.28;0.19;
67;324;9.17;0.28;0.26;
67;391;9.63;0.28;0.27;
67;439;6.95;0.28;0.39;
67;440;6.84;0.28;0.4;
67;441;8.04;0.28;0.36;
68;72;9.29;0.19;0.23;
68;129;8.42;0.19;0.21;
68;180;9.21;0.19;0.18;
68;324;9.72;0.19;0.26;
68;439;8.38;0.19;0.39;
68;440;6.63;0.19;0.4;
68;441;7.52;0.19;0.36;
72;74;6.26;0.23;0.13;
72;76;7.76;0.23;0.22;
72;174;8.7;0.23;0.18;
72;180;8.08;0.23;0.18;
72;181;5.63;0.23;0.13;
72;318;8.03;0.23;0.24;
72;319;6.9;0.23;0.19;
72;320;9.93;0.23;0.45;
72;323;9.93;0.23;0.29;
72;324;7.31;0.23;0.26;
74;76;6.93;0.13;0.22;
74;147;7.82;0.13;0.1;
74;174;4.37;0.13;0.18;
74;181;8.51;0.13;0.13;
74;297;9.82;0.13;0.18;
74;299;7.23;0.13;0.04;
74;300;8.71;0.13;0.08;
74;318;9.57;0.13;0.24;
74;319;7.43;0.13;0.19;
74;320;9.42;0.13;0.45;
76;147;9.52;0.22;0.1;
76;158;9.77;0.22;0.19;
76;160;9.95;0.22;0.14;
76;169;5.75;0.22;0.17;
76;300;9.86;0.22;0.08;
76;318;5.09;0.22;0.24;
76;319;6.26;0.22;0.19;
76;320;9.58;0.22;0.45;
76;323;9.21;0.22;0.29;
76;324;9.46;0.22;0.26;
90;91;3.86;0.12;0.14;
90;94;6.32;0.12;0.23;
90;158;9.0;0.12;0.19;
90;160;6.5;0.12;0.14;
90;300;9.61;0.12;0.08;
91;94;5.01;0.14;0.23;
91;158;9.8;0.14;0.19;
91;160;8.79;0.14;0.14;
91;299;6.79;0.14;0.04;
91;300;6.29;0.14;0.08;
94;149;9.45;0.23;0.22;
94;158;9.0;0.23;0.19;
94;299;8.7;0.23;0.04;
128;129;3.83;0.23;0.21;
128;180;8.59;0.23;0.18;
128;270;8.66;0.23;0.23;
128;454;8.2;0.23;0.52;
128;455;6.34;0.23;0.5;
128;456;5.44;0.23;0.6;
128;457;7.31;0.23;0.62;
129;180;8.75;0.21;0.18;
129;440;9.94;0.21;0.4;
129;455;8.01;0.21;0.5;
129;456;6.16;0.21;0.6;
129;457;7.91;0.21;0.62;
147;149;7.21;0.1;0.22;
147;158;5.63;0.1;0.19;
147;174;6.89;0.1;0.18;
149;150;3.79;0.22;0.39;
149;151;6.76;0.22;0.44;
149;153;8.31;0.22;0.56;
149;154;8.17;0.22;0.39;
149;158;6.23;0.22;0.19;
150;151;9.41;0.39;0.44;
150;152;8.17;0.39;0.58;
150;153;6.15;0.39;0.56;
150;154;7.74;0.39;0.39;
150;158;9.67;0.39;0.19;
151;152;3.82;0.44;0.58;
151;153;5.62;0.44;0.56;
151;154;5.05;0.44;0.39;
152;153;3.81;0.58;0.56;
152;154;6.0;0.58;0.39;
153;154;3.86;0.56;0.39;
158;160;7.23;0.19;0.14;
158;169;8.51;0.19;0.17;
160;167;8.43;0.14;0.2;
160;169;5.37;0.14;0.17;
163;167;5.73;0.18;0.2;
167;169;6.42;0.2;0.17;
169;318;8.75;0.17;0.24;
174;181;9.35;0.18;0.13;
174;299;9.56;0.18;0.04;
180;181;3.87;0.18;0.13;
180;389;9.98;0.18;0.16;
180;440;9.95;0.18;0.4;
180;441;8.19;0.18;0.36;
180;443;6.83;0.18;0.28;
180;455;8.33;0.18;0.5;
181;443;8.14;0.13;0.28;
202;270;6.56;0.31;0.23;
202;456;9.09;0.31;0.6;
202;457;5.56;0.31;0.62;
202;460;7.1;0.31;0.43;
202;461;6.59;0.31;0.46;
270;454;7.22;0.23;0.52;
270;455;9.49;0.23;0.5;
270;456;8.64;0.23;0.6;
270;457;7.53;0.23;0.62;
270;460;8.16;0.23;0.43;
297;299;5.25;0.18;0.04;
297;300;8.84;0.18;0.08;
299;300;3.82;0.04;0.08;
299;319;8.98;0.04;0.19;
299;320;7.87;0.04;0.45;
300;319;7.45;0.08;0.19;
300;320;5.92;0.08;0.45;
300;321;7.91;0.08;0.62;
318;319;3.84;0.24;0.19;
318;320;7.02;0.24;0.45;
318;321;6.93;0.24;0.62;
318;322;5.67;0.24;0.42;
318;323;4.23;0.24;0.29;
318;324;5.6;0.24;0.26;
318;326;8.06;0.24;0.18;
318;389;9.31;0.24;0.16;
318;497;9.6;0.24;0.31;
319;320;3.84;0.19;0.45;
319;321;5.73;0.19;0.62;
319;322;5.52;0.19;0.42;
319;323;6.27;0.19;0.29;
319;324;6.64;0.19;0.26;
319;387;8.98;0.19;0.18;
319;388;7.84;0.19;0.16;
319;389;7.99;0.19;0.16;
320;321;3.82;0.45;0.62;
320;322;5.54;0.45;0.42;
320;323;8.23;0.45;0.29;
320;324;9.23;0.45;0.26;
320;387;6.63;0.45;0.18;
320;388;6.03;0.45;0.16;
320;389;8.01;0.45;0.16;
320;443;9.76;0.45;0.28;
321;322;3.81;0.62;0.42;
321;323;7.02;0.62;0.29;
321;324;9.47;0.62;0.26;
321;387;8.85;0.62;0.18;
321;388;6.75;0.62;0.16;
321;389;8.54;0.62;0.16;
321;497;7.88;0.62;0.31;
322;323;3.78;0.42;0.29;
322;324;6.17;0.42;0.26;
322;326;8.77;0.42;0.18;
322;387;8.97;0.42;0.18;
322;388;5.77;0.42;0.16;
322;389;5.81;0.42;0.16;
322;391;9.68;0.42;0.27;
322;443;9.63;0.42;0.28;
322;496;8.21;0.42;0.15;
322;497;5.49;0.42;0.31;
323;324;3.82;0.29;0.26;
323;326;5.3;0.29;0.18;
323;388;8.68;0.29;0.16;
323;389;7.04;0.29;0.16;
323;391;8.56;0.29;0.27;
323;441;9.95;0.29;0.36;
323;496;6.96;0.29;0.15;
323;497;6.02;0.29;0.31;
324;326;6.55;0.26;0.18;
324;388;8.79;0.26;0.16;
324;389;5.98;0.26;0.16;
324;391;6.94;0.26;0.27;
324;440;9.81;0.26;0.4;
324;441;6.83;0.26;0.36;
324;443;8.86;0.26;0.28;
324;496;9.91;0.26;0.15;
324;497;8.95;0.26;0.31;
326;391;8.98;0.18;0.27;
326;494;9.67;0.18;0.47;
326;496;5.86;0.18;0.15;
326;497;7.75;0.18;0.31;
387;388;3.86;0.18;0.16;
387;389;6.69;0.18;0.16;
387;443;5.75;0.18;0.28;
388;389;3.81;0.16;0.16;
388;391;9.96;0.16;0.27;
388;441;9.86;0.16;0.36;
388;443;5.53;0.16;0.28;
388;497;9.33;0.16;0.31;
389;391;6.42;0.16;0.27;
389;441;6.22;0.16;0.36;
389;443;4.3;0.16;0.28;
389;497;8.7;0.16;0.31;
391;393;5.63;0.27;0.26;
391;394;5.57;0.27;0.22;
391;439;7.26;0.27;0.39;
391;440;6.32;0.27;0.4;
391;441;4.58;0.27;0.36;
391;443;8.78;0.27;0.28;
391;497;9.36;0.27;0.31;
393;394;3.9;0.26;0.22;
393;439;4.75;0.26;0.39;
393;440;6.9;0.26;0.4;
393;441;8.26;0.26;0.36;
394;439;8.45;0.22;0.39;
394;440;9.79;0.22;0.4;
394;441;9.75;0.22;0.36;
394;494;7.5;0.22;0.47;
439;440;3.82;0.39;0.4;
439;441;7.03;0.39;0.36;
440;441;3.86;0.4;0.36;
440;443;9.76;0.4;0.28;
440;455;8.07;0.4;0.5;
440;456;8.12;0.4;0.6;
441;443;6.38;0.36;0.28;
441;455;8.76;0.36;0.5;
443;455;9.56;0.28;0.5;
454;455;3.86;0.52;0.5;
454;456;5.81;0.52;0.6;
454;457;7.67;0.52;0.62;
454;460;6.18;0.52;0.43;
455;456;3.84;0.5;0.6;
455;457;7.3;0.5;0.62;
455;460;7.6;0.5;0.43;
456;457;3.82;0.6;0.62;
456;460;6.22;0.6;0.43;
456;461;8.69;0.6;0.46;
457;460;5.14;0.62;0.43;
457;461;6.26;0.62;0.46;
460;461;3.85;0.43;0.46;
494;496;7.26;0.47;0.15;
494;497;9.46;0.47;0.31;
496;497;3.86;0.15;0.31;
