20;22;6.3;1.2;0.42;
20;393;9.04;1.2;0.26;
20;439;8.54;1.2;0.34;
22;67;5.98;0.42;0.06;
22;324;8.47;0.42;0.17;
22;326;6.7;0.42;0.14;
22;439;8.81;0.42;0.34;
50;51;3.86;0.14;0.18;
50;54;8.07;0.14;0.31;
50;163;7.59;0.14;0.2;
50;321;8.15;0.14;0.6;
50;322;9.28;0.14;0.37;
50;496;8.47;0.14;0.22;
50;497;8.14;0.14;0.07;
51;54;5.73;0.18;0.31;
51;300;9.83;0.18;0.28;
51;318;7.93;0.18;0.19;
51;320;7.92;0.18;0.32;
51;321;4.36;0.18;0.6;
51;322;5.71;0.18;0.37;
51;323;7.63;0.18;0.26;
51;496;8.01;0.18;0.22;
51;497;6.27;0.18;0.07;
54;56;6.97;0.31;0.2;
54;91;8.83;0.31;0.22;
54;299;8.03;0.31;0.3;
54;300;4.36;0.31;0.28;
54;318;8.54;0.31;0.19;
54;320;5.69;0.31;0.32;
54;321;4.75;0.31;0.6;
54;322;8.14;0.31;0.37;
56;297;7.67;0.2;0.14;
56;299;5.12;0.2;0.3;
56;300;4.75;0.2;0.28;
56;320;5.61;0.2;0.32;
56;321;7.82;0.2;0.6;
56;387;8.16;0.2;0.14;
56;388;9.64;0.2;0.11;
67;324;9.24;0.06;0.17;
67;439;8.5;0.06;0.34;
67;441;9.83;0.06;0.14;
72;74;6.42;0.22;0.15;
72;76;7.82;0.22;0.16;
72;174;8.71;0.22;0.17;
72;318;8.07;0.22;0.19;
72;320;9.9;0.22;0.32;
72;323;9.95;0.22;0.26;
72;324;7.34;0.22;0.17;
74;76;6.93;0.15;0.16;
74;91;9.87;0.15;0.22;
74;94;9.71;0.15;0.22;
74;147;7.62;0.15;0.15;
74;174;4.36;0.15;0.17;
74;297;9.15;0.15;0.14;
74;299;7.02;0.15;0.3;
74;300;8.99;0.15;0.28;
74;318;9.61;0.15;0.19;
74;320;9.53;0.15;0.32;
76;147;9.47;0.16;0.15;
76;158;9.73;0.16;0.15;
76;160;9.97;0.16;0.13;
76;169;5.76;0.16;0.08;
76;300;9.95;0.16;0.28;
76;318;5.09;0.16;0.19;
76;320;9.75;0.16;0.32;
76;323;9.21;0.16;0.26;
76;324;9.52;0.16;0.17;
90;91;3.86;0.17;0.22;
90;94;6.27;0.17;0.22;
90;158;8.68;0.17;0.15;
90;160;6.27;0.17;0.13;
90;169;9.97;0.17;0.08;
90;300;9.54;0.17;0.28;
91;94;4.96;0.22;0.22;
91;158;9.71;0.22;0.15;
91;160;8.79;0.22;0.13;
91;299;6.91;0.22;0.3;
91;300;6.23;0.22;0.28;
94;147;9.24;0.22;0.15;
94;149;8.97;0.22;0.17;
94;158;8.2;0.22;0.15;
94;299;8.8;0.22;0.3;
114;297;6.39;0.19;0.14;
147;149;7.16;0.15;0.17;
147;158;5.71;0.15;0.15;
147;174;6.85;0.15;0.17;
149;150;3.78;0.17;0.63;
149;151;9.32;0.17;0.66;
149;152;9.81;0.17;1.03;
149;153;7.18;0.17;0.68;
149;154;6.55;0.17;0.3;
149;158;6.14;0.17;0.15;
150;151;7.59;0.63;0.66;
150;152;6.94;0.63;1.03;
150;153;4.92;0.63;0.68;
150;154;6.26;0.63;0.3;
150;158;9.5;0.63;0.15;
151;152;3.92;0.66;1.03;
151;153;5.66;0.66;0.68;
151;154;5.22;0.66;0.3;
152;153;3.77;1.03;0.68;
152;154;6.01;1.03;0.3;
153;154;3.82;0.68;0.3;
158;160;7.25;0.15;0.13;
158;169;8.5;0.15;0.08;
160;167;8.4;0.13;0.13;
160;169;5.39;0.13;0.08;
163;167;5.62;0.2;0.13;
167;169;6.45;0.13;0.08;
169;318;8.74;0.08;0.19;
174;297;9.66;0.17;0.14;
174;299;9.7;0.17;0.3;
202;457;7.4;0.13;0.15;
297;299;5.25;0.14;0.3;
297;300;8.84;0.14;0.28;
299;300;3.8;0.3;0.28;
299;320;7.03;0.3;0.32;
300;318;9.85;0.28;0.19;
300;320;5.72;0.28;0.32;
300;321;7.43;0.28;0.6;
318;320;7.13;0.19;0.32;
318;321;7.13;0.19;0.6;
318;322;5.81;0.19;0.37;
318;323;4.23;0.19;0.26;
318;324;5.66;0.19;0.17;
318;326;8.02;0.19;0.14;
318;497;9.48;0.19;0.07;
320;321;3.83;0.32;0.6;
320;322;5.63;0.32;0.37;
320;323;8.22;0.32;0.26;
320;324;9.16;0.32;0.17;
320;387;7.04;0.32;0.14;
320;388;6.48;0.32;0.11;
320;389;8.34;0.32;0.21;
321;322;3.83;0.6;0.37;
321;323;7.1;0.6;0.26;
321;324;9.5;0.6;0.17;
321;387;8.77;0.6;0.14;
321;388;6.68;0.6;0.11;
321;389;8.49;0.6;0.21;
321;497;7.55;0.6;0.07;
322;323;3.8;0.37;0.26;
322;324;6.24;0.37;0.17;
322;326;8.67;0.37;0.14;
322;387;9.15;0.37;0.14;
322;388;6.03;0.37;0.11;
322;389;5.98;0.37;0.21;
322;391;9.76;0.37;0.17;
322;443;10.0;0.37;0.12;
322;496;8.0;0.37;0.22;
322;497;5.33;0.37;0.07;
323;324;3.83;0.26;0.17;
323;326;5.24;0.26;0.14;
323;388;9.08;0.26;0.11;
323;389;7.5;0.26;0.21;
323;391;9.08;0.26;0.17;
323;496;6.97;0.26;0.22;
323;497;6.16;0.26;0.07;
324;326;6.48;0.17;0.14;
324;388;9.41;0.17;0.11;
324;389;6.85;0.17;0.21;
324;391;8.01;0.17;0.17;
324;441;8.07;0.17;0.14;
324;443;9.81;0.17;0.12;
324;497;9.31;0.17;0.07;
326;391;9.42;0.14;0.17;
326;496;6.13;0.14;0.22;
326;497;7.94;0.14;0.07;
387;388;3.86;0.14;0.11;
387;389;6.68;0.14;0.21;
387;443;5.98;0.14;0.12;
388;389;3.81;0.11;0.21;
388;391;9.88;0.11;0.17;
388;441;9.78;0.11;0.14;
388;443;5.7;0.11;0.12;
388;497;9.29;0.11;0.07;
389;391;6.35;0.21;0.17;
389;441;6.19;0.21;0.14;
389;443;4.39;0.21;0.12;
389;497;8.73;0.21;0.07;
391;393;5.6;0.17;0.26;
391;394;5.62;0.17;0.17;
391;439;6.45;0.17;0.34;
391;441;4.58;0.17;0.14;
391;443;8.53;0.17;0.12;
391;497;9.61;0.17;0.07;
393;394;3.89;0.26;0.17;
393;439;4.7;0.26;0.34;
393;441;8.42;0.26;0.14;
394;439;8.15;0.17;0.34;
394;441;9.85;0.17;0.14;
439;441;6.59;0.34;0.14;
441;443;6.04;0.14;0.12;
496;497;3.87;0.22;0.07;
