19;20;3.83;0.86;0.36;
19;22;8.72;0.86;0.19;
19;393;8.23;0.86;0.22;
19;394;7.9;0.86;0.2;
20;22;6.13;0.36;0.19;
20;393;8.3;0.36;0.22;
20;394;9.41;0.36;0.2;
20;439;9.3;0.36;0.35;
22;67;5.9;0.19;0.24;
22;68;9.47;0.19;0.22;
22;324;8.72;0.19;0.2;
22;326;6.64;0.19;0.18;
22;391;9.1;0.19;0.26;
22;393;9.29;0.19;0.22;
22;439;8.84;0.19;0.35;
22;440;9.99;0.19;0.36;
50;51;3.86;0.35;0.3;
50;54;9.1;0.35;0.16;
50;163;8.92;0.35;0.14;
50;321;8.3;0.35;0.57;
50;322;9.38;0.35;0.34;
50;496;8.42;0.35;0.17;
50;497;8.11;0.35;0.32;
51;54;6.48;0.3;0.16;
51;318;8.19;0.3;0.21;
51;319;8.9;0.3;0.12;
51;320;8.2;0.3;0.34;
51;321;4.53;0.3;0.57;
51;322;5.76;0.3;0.34;
51;323;7.55;0.3;0.19;
51;496;7.87;0.3;0.17;
51;497;6.28;0.3;0.32;
54;56;7.02;0.16;0.22;
54;91;8.95;0.16;0.16;
54;299;8.22;0.16;0.27;
54;300;4.49;0.16;0.17;
54;318;8.49;0.16;0.21;
54;319;7.11;0.16;0.12;
54;320;5.44;0.16;0.34;
54;321;4.73;0.16;0.57;
54;322;8.15;0.16;0.34;
56;297;7.69;0.22;0.12;
56;299;5.04;0.22;0.27;
56;300;4.66;0.22;0.17;
56;319;8.97;0.22;0.12;
56;320;5.79;0.22;0.34;
56;321;8.21;0.22;0.57;
56;387;7.97;0.22;0.2;
56;388;9.64;0.22;0.22;
67;68;3.82;0.24;0.22;
67;324;9.16;0.24;0.2;
67;391;9.49;0.24;0.26;
67;439;6.87;0.24;0.35;
67;440;6.67;0.24;0.36;
67;441;7.87;0.24;0.38;
68;72;9.4;0.22;0.25;
68;129;8.41;0.22;0.3;
68;180;9.18;0.22;0.25;
68;324;9.74;0.22;0.2;
68;439;8.37;0.22;0.35;
68;440;6.5;0.22;0.36;
68;441;7.37;0.22;0.38;
72;74;6.27;0.25;0.08;
72;76;7.73;0.25;0.19;
72;174;8.81;0.25;0.17;
72;180;8.02;0.25;0.25;
72;181;5.62;0.25;0.19;
72;318;7.97;0.25;0.21;
72;319;6.84;0.25;0.12;
72;320;9.81;0.25;0.34;
72;323;9.89;0.25;0.19;
72;324;7.26;0.25;0.2;
72;389;9.99;0.25;0.15;
74;76;6.9;0.08;0.19;
74;147;7.79;0.08;0.22;
74;174;4.45;0.08;0.17;
74;176;8.11;0.08;0.2;
74;181;8.52;0.08;0.19;
74;297;9.55;0.08;0.12;
74;299;7.39;0.08;0.27;
74;300;8.98;0.08;0.17;
74;318;9.58;0.08;0.21;
74;319;7.47;0.08;0.12;
74;320;9.41;0.08;0.34;
76;147;9.58;0.19;0.22;
76;158;9.82;0.19;0.13;
76;160;9.97;0.19;0.11;
76;169;5.77;0.19;0.15;
76;318;5.11;0.19;0.21;
76;319;6.29;0.19;0.12;
76;320;9.63;0.19;0.34;
76;323;9.22;0.19;0.19;
76;324;9.45;0.19;0.2;
90;91;3.86;0.18;0.16;
90;94;6.29;0.18;0.1;
90;158;9.58;0.18;0.13;
90;160;6.7;0.18;0.11;
90;300;9.59;0.18;0.17;
91;94;5.0;0.16;0.1;
91;160;8.93;0.16;0.11;
91;299;6.91;0.16;0.27;
91;300;6.27;0.16;0.17;
94;149;9.66;0.1;0.14;
94;158;8.9;0.1;0.13;
94;299;8.86;0.1;0.27;
114;297;6.3;0.21;0.12;
128;129;3.83;0.32;0.3;
128;180;8.47;0.32;0.25;
128;270;7.89;0.32;1.15;
128;454;8.18;0.32;0.49;
128;455;6.29;0.32;0.43;
128;456;5.67;0.32;0.53;
128;457;7.74;0.32;0.49;
129;180;8.6;0.3;0.25;
129;440;9.93;0.3;0.36;
129;455;7.68;0.3;0.43;
129;456;6.05;0.3;0.53;
129;457;8.11;0.3;0.49;
147;149;7.19;0.22;0.14;
147;158;5.64;0.22;0.13;
147;174;6.91;0.22;0.17;
149;150;3.78;0.14;0.2;
149;151;6.66;0.14;0.29;
149;153;8.02;0.14;0.51;
149;154;7.88;0.14;0.22;
149;158;6.23;0.14;0.13;
150;151;9.79;0.2;0.29;
150;152;8.35;0.2;0.71;
150;153;5.87;0.2;0.51;
150;154;7.57;0.2;0.22;
150;158;9.69;0.2;0.13;
151;152;3.83;0.29;0.71;
151;153;5.61;0.29;0.51;
151;154;5.01;0.29;0.22;
152;153;3.82;0.71;0.51;
152;154;6.02;0.71;0.22;
153;154;3.87;0.51;0.22;
158;160;7.26;0.13;0.11;
158;169;8.54;0.13;0.15;
160;167;8.45;0.11;0.16;
160;169;5.34;0.11;0.15;
163;167;5.67;0.14;0.16;
167;169;6.45;0.16;0.15;
169;318;8.82;0.15;0.21;
174;176;6.0;0.17;0.2;
174;181;9.34;0.17;0.19;
174;297;9.78;0.17;0.12;
174;299;9.77;0.17;0.27;
176;181;6.87;0.2;0.19;
176;297;8.78;0.2;0.12;
180;181;3.86;0.25;0.19;
180;389;9.84;0.25;0.15;
180;441;8.2;0.25;0.38;
180;443;6.72;0.25;0.27;
180;455;8.32;0.25;0.43;
181;319;10.0;0.19;0.12;
181;443;8.19;0.19;0.27;
202;270;9.01;0.21;1.15;
202;456;9.9;0.21;0.53;
202;457;6.48;0.21;0.49;
202;460;7.68;0.21;0.34;
270;454;4.55;1.15;0.49;
270;455;7.15;1.15;0.43;
270;456;7.68;1.15;0.53;
270;457;8.05;1.15;0.49;
270;460;7.81;1.15;0.34;
297;299;5.16;0.12;0.27;
297;300;8.81;0.12;0.17;
299;300;3.82;0.27;0.17;
299;319;8.91;0.27;0.12;
299;320;7.67;0.27;0.34;
300;319;7.56;0.17;0.12;
300;320;5.91;0.17;0.34;
300;321;7.8;0.17;0.57;
318;319;3.84;0.21;0.12;
318;320;7.05;0.21;0.34;
318;321;7.0;0.21;0.57;
318;322;5.71;0.21;0.34;
318;323;4.22;0.21;0.19;
318;324;5.57;0.21;0.2;
318;326;8.1;0.21;0.18;
318;389;9.34;0.21;0.15;
318;497;9.58;0.21;0.32;
319;320;3.84;0.12;0.34;
319;321;5.71;0.12;0.57;
319;322;5.52;0.12;0.34;
319;323;6.24;0.12;0.19;
319;324;6.59;0.12;0.2;
319;387;9.07;0.12;0.2;
319;388;7.92;0.12;0.22;
319;389;8.0;0.12;0.15;
320;321;3.82;0.34;0.57;
320;322;5.57;0.34;0.34;
320;323;8.24;0.34;0.19;
320;324;9.18;0.34;0.2;
320;387;6.7;0.34;0.2;
320;388;6.09;0.34;0.22;
320;389;7.99;0.34;0.15;
320;443;9.81;0.34;0.27;
321;322;3.81;0.57;0.34;
321;323;7.03;0.57;0.19;
321;324;9.43;0.57;0.2;
321;387;8.85;0.57;0.2;
321;388;6.74;0.57;0.22;
321;389;8.48;0.57;0.15;
321;497;7.68;0.57;0.32;
322;323;3.78;0.34;0.19;
322;324;6.13;0.34;0.2;
322;326;8.81;0.34;0.18;
322;387;9.04;0.34;0.2;
322;388;5.84;0.34;0.22;
322;389;5.79;0.34;0.15;
322;391;9.61;0.34;0.26;
322;443;9.65;0.34;0.27;
322;496;8.0;0.34;0.17;
322;497;5.37;0.34;0.32;
323;324;3.82;0.19;0.2;
323;326;5.34;0.19;0.18;
323;388;8.77;0.19;0.22;
323;389;7.07;0.19;0.15;
323;391;8.55;0.19;0.26;
323;441;9.99;0.19;0.38;
323;496;6.85;0.19;0.17;
323;497;6.07;0.19;0.32;
324;326;6.55;0.2;0.18;
324;388;8.83;0.2;0.22;
324;389;5.99;0.2;0.15;
324;391;6.93;0.2;0.26;
324;440;9.88;0.2;0.36;
324;441;6.88;0.2;0.38;
324;443;8.89;0.2;0.27;
324;496;9.9;0.2;0.17;
324;497;9.02;0.2;0.32;
326;391;8.91;0.18;0.26;
326;496;6.04;0.18;0.17;
326;497;7.99;0.18;0.32;
387;388;3.87;0.2;0.22;
387;389;6.69;0.2;0.15;
387;443;5.75;0.2;0.27;
388;389;3.81;0.22;0.15;
388;391;9.92;0.22;0.26;
388;441;9.87;0.22;0.38;
388;443;5.52;0.22;0.27;
388;497;9.25;0.22;0.32;
389;391;6.38;0.15;0.26;
389;441;6.25;0.15;0.38;
389;443;4.3;0.15;0.27;
389;497;8.67;0.15;0.32;
391;393;5.61;0.26;0.22;
391;394;5.62;0.26;0.2;
391;439;7.23;0.26;0.35;
391;440;6.32;0.26;0.36;
391;441;4.55;0.26;0.38;
391;443;8.71;0.26;0.27;
391;497;9.48;0.26;0.32;
393;394;3.9;0.22;0.2;
393;439;4.77;0.22;0.35;
393;440;6.96;0.22;0.36;
393;441;8.26;0.22;0.38;
394;439;8.5;0.2;0.35;
394;440;9.88;0.2;0.36;
394;441;9.78;0.2;0.38;
439;440;3.82;0.35;0.36;
439;441;7.0;0.35;0.38;
440;441;3.87;0.36;0.38;
440;443;9.75;0.36;0.27;
440;455;7.95;0.36;0.43;
440;456;8.15;0.36;0.53;
441;443;6.38;0.38;0.27;
441;455;8.59;0.38;0.43;
443;455;9.36;0.27;0.43;
454;455;3.79;0.49;0.43;
454;456;5.87;0.49;0.53;
454;457;7.75;0.49;0.49;
454;460;6.41;0.49;0.34;
455;456;3.84;0.43;0.53;
455;457;7.28;0.43;0.49;
455;460;7.72;0.43;0.34;
456;457;3.83;0.53;0.49;
456;460;6.29;0.53;0.34;
457;460;4.99;0.49;0.34;
496;497;3.87;0.17;0.32;
