19;20;3.84;1.0;0.63;
19;22;9.14;1.0;0.89;
19;393;7.56;1.0;0.23;
19;394;8.17;1.0;0.25;
19;439;9.96;1.0;0.27;
20;22;6.31;0.63;0.89;
20;393;7.25;0.63;0.23;
20;394;9.13;0.63;0.25;
20;439;7.7;0.63;0.27;
22;67;6.03;0.89;0.68;
22;324;8.71;0.89;0.72;
22;326;6.63;0.89;0.92;
22;391;8.44;0.89;0.22;
22;393;8.49;0.89;0.23;
22;394;9.82;0.89;0.25;
22;439;7.4;0.89;0.27;
22;440;9.07;0.89;0.33;
22;441;9.7;0.89;0.4;
50;51;3.86;0.47;0.4;
50;54;8.49;0.47;0.22;
50;162;9.58;0.47;0.55;
50;163;7.54;0.47;0.79;
50;321;8.26;0.47;0.99;
50;322;9.32;0.47;0.94;
50;496;8.19;0.47;0.32;
50;497;8.04;0.47;0.28;
51;54;5.98;0.4;0.22;
51;318;7.76;0.4;0.58;
51;319;8.43;0.4;0.45;
51;320;7.93;0.4;0.73;
51;321;4.47;0.4;0.99;
51;322;5.76;0.4;0.94;
51;323;7.58;0.4;0.84;
51;496;7.97;0.4;0.32;
51;497;6.37;0.4;0.28;
54;56;7.03;0.22;0.46;
54;76;9.9;0.22;0.34;
54;91;8.99;0.22;0.08;
54;299;8.16;0.22;0.47;
54;300;4.48;0.22;0.3;
54;318;8.5;0.22;0.58;
54;319;7.14;0.22;0.45;
54;320;5.74;0.22;0.73;
54;321;5.09;0.22;0.99;
54;322;8.32;0.22;0.94;
56;297;7.76;0.46;0.47;
56;299;5.1;0.46;0.47;
56;300;4.69;0.46;0.3;
56;319;8.71;0.46;0.45;
56;320;5.61;0.46;0.73;
56;321;8.03;0.46;0.99;
56;387;8.02;0.46;0.43;
56;388;9.65;0.46;0.36;
67;324;9.07;0.68;0.72;
67;391;9.4;0.68;0.22;
67;439;6.49;0.68;0.27;
67;440;6.22;0.68;0.33;
67;441;7.56;0.68;0.4;
72;74;6.34;0.29;0.18;
72;76;7.67;0.29;0.34;
72;174;8.69;0.29;0.26;
72;180;7.9;0.29;0.13;
72;181;5.45;0.29;0.12;
72;318;7.92;0.29;0.58;
72;319;6.84;0.29;0.45;
72;320;9.79;0.29;0.73;
72;323;9.87;0.29;0.84;
72;324;7.42;0.29;0.72;
74;76;6.95;0.18;0.34;
74;147;7.61;0.18;0.18;
74;174;4.23;0.18;0.26;
74;181;8.71;0.18;0.12;
74;297;9.06;0.18;0.47;
74;299;6.95;0.18;0.47;
74;300;8.8;0.18;0.3;
74;318;9.67;0.18;0.58;
74;319;7.68;0.18;0.45;
74;320;9.66;0.18;0.73;
76;147;9.53;0.34;0.18;
76;158;9.79;0.34;0.1;
76;160;9.97;0.34;0.33;
76;169;5.78;0.34;0.37;
76;300;9.9;0.34;0.3;
76;318;5.06;0.34;0.58;
76;319;6.33;0.34;0.45;
76;320;9.72;0.34;0.73;
76;323;9.14;0.34;0.84;
76;324;9.57;0.34;0.72;
90;91;3.86;0.1;0.08;
90;94;6.32;0.1;0.14;
90;158;9.35;0.1;0.1;
90;160;7.18;0.1;0.33;
90;300;9.58;0.1;0.3;
91;94;4.99;0.08;0.14;
91;160;9.27;0.08;0.33;
91;299;6.89;0.08;0.47;
91;300;6.28;0.08;0.3;
94;149;9.44;0.14;0.28;
94;158;9.04;0.14;0.1;
94;299;8.81;0.14;0.47;
114;297;6.4;0.5;0.47;
128;129;3.83;0.12;0.17;
128;180;8.87;0.12;0.13;
128;270;6.22;0.12;0.35;
128;454;8.02;0.12;0.44;
128;455;6.33;0.12;0.47;
128;456;6.21;0.12;0.54;
128;457;8.58;0.12;0.63;
129;180;9.07;0.17;0.13;
129;270;9.85;0.17;0.35;
129;455;7.57;0.17;0.47;
129;456;6.58;0.17;0.54;
129;457;9.01;0.17;0.63;
147;149;7.24;0.18;0.28;
147;158;5.63;0.18;0.1;
147;174;6.93;0.18;0.26;
149;150;3.79;0.28;0.58;
149;151;6.74;0.28;0.66;
149;153;8.15;0.28;0.7;
149;154;8.02;0.28;0.47;
149;158;6.22;0.28;0.1;
150;151;9.01;0.58;0.66;
150;152;7.62;0.58;1.36;
150;153;5.77;0.58;0.7;
150;154;7.36;0.58;0.47;
150;158;9.73;0.58;0.1;
151;152;3.83;0.66;1.36;
151;153;5.68;0.66;0.7;
151;154;5.08;0.66;0.47;
152;153;3.8;1.36;0.7;
152;154;5.99;1.36;0.47;
153;154;3.86;0.7;0.47;
158;160;7.24;0.1;0.33;
158;169;8.54;0.1;0.37;
160;162;6.76;0.33;0.55;
160;167;8.48;0.33;0.63;
160;169;5.36;0.33;0.37;
162;163;3.87;0.55;0.79;
162;167;5.28;0.55;0.63;
162;169;7.71;0.55;0.37;
163;167;5.67;0.79;0.63;
167;169;6.43;0.63;0.37;
169;318;8.78;0.37;0.58;
174;181;9.6;0.26;0.12;
174;297;9.2;0.26;0.47;
174;299;9.28;0.26;0.47;
180;181;3.87;0.13;0.12;
180;387;9.99;0.13;0.43;
180;389;9.56;0.13;0.2;
180;441;8.12;0.13;0.4;
180;443;6.55;0.13;0.38;
180;455;8.77;0.13;0.47;
181;319;9.66;0.12;0.45;
181;387;9.66;0.12;0.43;
181;443;8.32;0.12;0.38;
201;202;3.86;0.26;0.33;
201;457;7.28;0.26;0.63;
202;454;9.73;0.33;0.44;
202;456;8.66;0.33;0.54;
202;457;5.75;0.33;0.63;
202;460;7.64;0.33;0.52;
270;454;5.58;0.35;0.44;
270;455;6.84;0.35;0.47;
270;456;8.73;0.35;0.54;
297;299;5.22;0.47;0.47;
297;300;8.84;0.47;0.3;
299;300;3.8;0.47;0.3;
299;319;8.61;0.47;0.45;
299;320;7.61;0.47;0.73;
300;319;7.49;0.3;0.45;
300;320;6.1;0.3;0.73;
300;321;7.96;0.3;0.99;
318;319;3.83;0.58;0.45;
318;320;7.11;0.58;0.73;
318;321;7.18;0.58;0.99;
318;322;5.7;0.58;0.94;
318;323;4.19;0.58;0.84;
318;324;5.68;0.58;0.72;
318;326;8.05;0.58;0.92;
318;388;9.86;0.58;0.36;
318;389;9.01;0.58;0.2;
318;497;9.17;0.58;0.28;
319;320;3.85;0.45;0.73;
319;321;5.79;0.45;0.99;
319;322;5.51;0.45;0.94;
319;323;6.19;0.45;0.84;
319;324;6.67;0.45;0.72;
319;387;8.77;0.45;0.43;
319;388;7.62;0.45;0.36;
319;389;7.87;0.45;0.2;
320;321;3.84;0.73;0.99;
320;322;5.57;0.73;0.94;
320;323;8.22;0.73;0.84;
320;324;9.18;0.73;0.72;
320;387;6.37;0.73;0.43;
320;388;5.82;0.73;0.36;
320;389;7.93;0.73;0.2;
320;443;9.83;0.73;0.38;
321;322;3.82;0.99;0.94;
321;323;7.14;0.99;0.84;
321;324;9.53;0.99;0.72;
321;387;8.48;0.99;0.43;
321;388;6.36;0.99;0.36;
321;389;8.3;0.99;0.2;
321;497;7.57;0.99;0.28;
322;323;3.78;0.94;0.84;
322;324;6.19;0.94;0.72;
322;326;8.73;0.94;0.92;
322;387;8.75;0.94;0.43;
322;388;5.5;0.94;0.36;
322;389;5.57;0.94;0.2;
322;391;9.51;0.94;0.22;
322;443;9.47;0.94;0.38;
322;496;8.2;0.94;0.32;
322;497;5.3;0.94;0.28;
323;324;3.81;0.84;0.72;
323;326;5.3;0.84;0.92;
323;388;8.32;0.84;0.36;
323;389;6.57;0.84;0.2;
323;391;8.17;0.84;0.22;
323;441;9.64;0.84;0.4;
323;496;7.08;0.84;0.32;
323;497;5.85;0.84;0.28;
324;326;6.52;0.72;0.92;
324;388;8.38;0.72;0.36;
324;389;5.48;0.72;0.2;
324;391;6.62;0.72;0.22;
324;440;9.43;0.72;0.33;
324;441;6.48;0.72;0.4;
324;443;8.38;0.72;0.38;
324;497;8.99;0.72;0.28;
326;391;8.19;0.92;0.22;
326;394;9.53;0.92;0.25;
326;496;6.15;0.92;0.32;
326;497;7.59;0.92;0.28;
387;388;3.86;0.43;0.36;
387;389;6.72;0.43;0.2;
387;443;5.9;0.43;0.38;
388;389;3.81;0.36;0.2;
388;391;9.93;0.36;0.22;
388;441;9.76;0.36;0.4;
388;443;5.55;0.36;0.38;
388;497;9.35;0.36;0.28;
389;391;6.37;0.2;0.22;
389;440;9.91;0.2;0.33;
389;441;6.17;0.2;0.4;
389;443;4.29;0.2;0.38;
389;497;8.73;0.2;0.28;
391;393;5.63;0.22;0.23;
391;394;5.56;0.22;0.25;
391;439;6.82;0.22;0.27;
391;440;6.15;0.22;0.33;
391;441;4.65;0.22;0.4;
391;443;8.58;0.22;0.38;
391;497;9.54;0.22;0.28;
393;394;3.88;0.23;0.25;
393;439;4.74;0.23;0.27;
393;440;7.08;0.23;0.33;
393;441;8.56;0.23;0.4;
394;439;8.3;0.25;0.27;
394;440;9.83;0.25;0.33;
394;441;9.9;0.25;0.4;
439;440;3.81;0.27;0.33;
439;441;6.93;0.27;0.4;
440;441;3.86;0.33;0.4;
440;443;9.6;0.33;0.38;
440;455;7.92;0.33;0.47;
440;456;8.76;0.33;0.54;
441;443;6.13;0.4;0.38;
441;455;8.5;0.4;0.47;
443;455;9.54;0.38;0.47;
454;455;3.87;0.44;0.47;
454;456;5.76;0.44;0.54;
454;457;7.68;0.44;0.63;
454;460;6.48;0.44;0.52;
455;456;3.82;0.47;0.54;
455;457;7.3;0.47;0.63;
455;460;7.72;0.47;0.52;
456;457;3.82;0.54;0.63;
456;460;6.31;0.54;0.52;
457;460;5.1;0.63;0.52;
496;497;3.87;0.32;0.28;
