1;2;19;394;9.63;7.79;0.95;
1;2;19;494;7.77;7.79;1.21;
1;2;20;393;8.23;6.66;1.02;
1;2;20;394;8.89;6.66;0.95;
1;2;20;439;9.56;6.66;1.34;
1;2;20;494;9.9;6.66;1.21;
1;2;22;391;9.19;1.89;1.01;
1;2;22;393;9.38;1.89;1.02;
1;2;22;439;8.87;1.89;1.34;
1;2;67;391;9.63;1.13;1.01;
1;2;67;439;6.95;1.13;1.34;
1;2;67;440;6.84;1.13;1.39;
1;2;67;441;8.04;1.13;1.2;
1;2;68;439;8.38;1.08;1.34;
1;2;68;440;6.63;1.08;1.39;
1;2;68;441;7.52;1.08;1.2;
1;2;74;297;9.82;1.03;0.99;
1;2;74;299;7.23;1.03;1.07;
1;2;74;300;8.71;1.03;0.93;
1;2;76;54;9.8;0.74;0.98;
1;2;76;300;9.86;0.74;0.93;
1;2;128;454;8.2;1.28;1.21;
1;2;128;455;6.34;1.28;1.51;
1;2;128;456;5.44;1.28;1.47;
1;2;128;457;7.31;1.28;1.51;
1;2;129;440;9.94;1.23;1.39;
1;2;129;455;8.01;1.23;1.51;
1;2;129;456;6.16;1.23;1.47;
1;2;129;457;7.91;1.23;1.51;
1;2;149;94;9.45;1.18;0.87;
1;2;149;153;8.31;1.18;1.91;
1;2;149;154;8.17;1.18;1.32;
1;2;150;151;9.41;1.43;1.78;
1;2;150;152;8.17;1.43;2.52;
1;2;150;153;6.15;1.43;1.91;
1;2;150;154;7.74;1.43;1.32;
1;2;151;151;7.05;1.78;1.78;
1;2;151;152;5.6;1.78;2.52;
1;2;151;153;5.55;1.78;1.91;
1;2;151;154;7.6;1.78;1.32;
1;2;152;151;8.44;2.52;1.78;
1;2;152;152;5.47;2.52;2.52;
1;2;152;153;6.63;2.52;1.91;
1;2;152;154;9.83;2.52;1.32;
1;2;158;90;9.0;0.85;1.04;
1;2;158;91;9.8;0.85;0.86;
1;2;158;94;9.0;0.85;0.87;
1;2;160;90;6.5;0.83;1.04;
1;2;160;91;8.79;0.83;0.86;
1;2;163;50;8.85;1.12;1.4;
1;2;163;53;9.15;1.12;0.99;
1;2;174;299;9.56;0.94;1.07;
1;2;180;389;9.98;1.34;1.04;
1;2;180;440;9.95;1.34;1.39;
1;2;180;441;8.19;1.34;1.2;
1;2;180;443;6.83;1.34;0.95;
1;2;180;455;8.33;1.34;1.51;
1;2;181;443;8.14;1.11;0.95;
1;2;202;456;9.09;1.26;1.47;
1;2;202;457;5.56;1.26;1.51;
1;2;202;460;7.1;1.26;1.1;
1;2;202;461;6.59;1.26;1.15;
1;2;270;454;7.22;1.36;1.21;
1;2;270;455;9.49;1.36;1.51;
1;2;270;456;8.64;1.36;1.47;
1;2;270;457;7.53;1.36;1.51;
1;2;270;460;8.16;1.36;1.1;
1;2;318;51;8.08;1.13;1.2;
1;2;318;54;8.33;1.13;0.98;
1;2;318;389;9.31;1.13;1.04;
1;2;318;497;9.6;1.13;0.99;
1;2;319;51;9.01;1.43;1.2;
1;2;319;54;7.0;1.43;0.98;
1;2;319;56;8.92;1.43;0.83;
1;2;319;299;8.98;1.43;1.07;
1;2;319;300;7.45;1.43;0.93;
1;2;319;387;8.98;1.43;0.84;
1;2;319;388;7.84;1.43;0.8;
1;2;319;389;7.99;1.43;1.04;
1;2;320;51;8.38;2.22;1.2;
1;2;320;53;8.49;2.22;0.99;
1;2;320;54;5.39;2.22;0.98;
1;2;320;56;5.8;2.22;0.83;
1;2;320;299;7.87;2.22;1.07;
1;2;320;300;5.92;2.22;0.93;
1;2;320;387;6.63;2.22;0.84;
1;2;320;388;6.03;2.22;0.8;
1;2;320;389;8.01;2.22;1.04;
1;2;320;443;9.76;2.22;0.95;
1;2;321;50;8.45;2.13;1.4;
1;2;321;51;4.71;2.13;1.2;
1;2;321;53;6.12;2.13;0.99;
1;2;321;54;4.78;2.13;0.98;
1;2;321;56;8.31;2.13;0.83;
1;2;321;300;7.91;2.13;0.93;
1;2;321;387;8.85;2.13;0.84;
1;2;321;388;6.75;2.13;0.8;
1;2;321;389;8.54;2.13;1.04;
1;2;321;497;7.88;2.13;0.99;
1;2;322;50;9.37;1.6;1.4;
1;2;322;51;5.73;1.6;1.2;
1;2;322;53;9.35;1.6;0.99;
1;2;322;54;8.17;1.6;0.98;
1;2;322;387;8.97;1.6;0.84;
1;2;322;388;5.77;1.6;0.8;
1;2;322;389;5.81;1.6;1.04;
1;2;322;391;9.68;1.6;1.01;
1;2;322;443;9.63;1.6;0.95;
1;2;322;496;8.21;1.6;1.28;
1;2;322;497;5.49;1.6;0.99;
1;2;323;51;7.37;1.51;1.2;
1;2;323;388;8.68;1.51;0.8;
1;2;323;389;7.04;1.51;1.04;
1;2;323;391;8.56;1.51;1.01;
1;2;323;441;9.95;1.51;1.2;
1;2;323;496;6.96;1.51;1.28;
1;2;323;497;6.02;1.51;0.99;
1;2;324;388;8.79;1.15;0.8;
1;2;324;389;5.98;1.15;1.04;
1;2;324;391;6.94;1.15;1.01;
1;2;324;440;9.81;1.15;1.39;
1;2;324;441;6.83;1.15;1.2;
1;2;324;443;8.86;1.15;0.95;
1;2;324;496;9.91;1.15;1.28;
1;2;324;497;8.95;1.15;0.99;
1;2;326;391;8.98;1.16;1.01;
1;2;326;494;9.67;1.16;1.21;
1;2;326;496;5.86;1.16;1.28;
1;2;326;497;7.75;1.16;0.99;
2;3;19;393;9.62;7.79;1.02;
2;3;19;394;9.2;7.79;0.95;
2;3;19;494;8.44;7.79;1.21;
2;3;20;393;7.85;6.66;1.02;
2;3;20;394;8.92;6.66;0.95;
2;3;20;439;8.97;6.66;1.34;
2;3;22;391;9.07;1.89;1.01;
2;3;22;393;8.81;1.89;1.02;
2;3;22;439;8.09;1.89;1.34;
2;3;22;440;9.5;1.89;1.39;
2;3;67;391;9.73;1.13;1.01;
2;3;67;393;9.89;1.13;1.02;
2;3;67;439;6.35;1.13;1.34;
2;3;67;440;6.36;1.13;1.39;
2;3;67;441;8.03;1.13;1.2;
2;3;68;439;7.89;1.08;1.34;
2;3;68;440;6.13;1.08;1.39;
2;3;68;441;7.47;1.08;1.2;
2;3;72;389;9.61;0.88;1.04;
2;3;72;441;9.19;0.88;1.2;
2;3;72;443;9.32;0.88;0.95;
2;3;74;299;7.9;1.03;1.07;
2;3;74;300;9.37;1.03;0.93;
2;3;127;454;8.39;1.24;1.21;
2;3;127;455;7.18;1.24;1.51;
2;3;127;456;7.93;1.24;1.47;
2;3;128;454;7.7;1.28;1.21;
2;3;128;455;6.23;1.28;1.51;
2;3;128;456;5.04;1.28;1.47;
2;3;128;457;6.72;1.28;1.51;
2;3;129;455;7.72;1.23;1.51;
2;3;129;456;5.51;1.23;1.47;
2;3;129;457;7.16;1.23;1.51;
2;3;150;152;9.84;1.43;2.52;
2;3;150;153;6.93;1.43;1.91;
2;3;150;154;8.33;1.43;1.32;
2;3;151;152;7.02;1.78;2.52;
2;3;151;153;5.41;1.78;1.91;
2;3;151;154;7.38;1.78;1.32;
2;3;152;152;6.17;2.52;2.52;
2;3;152;153;5.82;2.52;1.91;
2;3;152;154;9.13;2.52;1.32;
2;3;158;90;9.63;0.85;1.04;
2;3;158;91;9.81;0.85;0.86;
2;3;158;94;9.23;0.85;0.87;
2;3;160;90;6.98;0.83;1.04;
2;3;160;91;8.52;0.83;0.86;
2;3;162;50;9.84;1.12;1.4;
2;3;162;53;8.19;1.12;0.99;
2;3;162;54;9.61;1.12;0.98;
2;3;163;50;7.37;1.12;1.4;
2;3;163;51;9.24;1.12;1.2;
2;3;163;53;8.2;1.12;0.99;
2;3;174;299;9.92;0.94;1.07;
2;3;180;440;9.56;1.34;1.39;
2;3;180;441;8.03;1.34;1.2;
2;3;180;443;6.96;1.34;0.95;
2;3;180;455;7.3;1.34;1.51;
2;3;180;456;9.36;1.34;1.47;
2;3;202;456;9.88;1.26;1.47;
2;3;202;457;6.32;1.26;1.51;
2;3;202;460;7.48;1.26;1.1;
2;3;270;454;7.74;1.36;1.21;
2;3;270;456;9.32;1.36;1.47;
2;3;270;457;7.92;1.36;1.51;
2;3;270;460;8.18;1.36;1.1;
2;3;318;51;8.36;1.13;1.2;
2;3;318;54;9.07;1.13;0.98;
2;3;318;388;9.56;1.13;0.8;
2;3;318;389;8.52;1.13;1.04;
2;3;318;497;9.22;1.13;0.99;
2;3;319;51;9.18;1.43;1.2;
2;3;319;54;7.77;1.43;0.98;
2;3;319;56;9.23;1.43;0.83;
2;3;319;299;9.65;1.43;1.07;
2;3;319;300;8.36;1.43;0.93;
2;3;319;387;8.47;1.43;0.84;
2;3;319;388;7.23;1.43;0.8;
2;3;319;389;7.23;1.43;1.04;
2;3;319;443;9.09;1.43;0.95;
2;3;320;51;8.34;2.22;1.2;
2;3;320;53;9.07;2.22;0.99;
2;3;320;54;6.01;2.22;0.98;
2;3;320;56;6.17;2.22;0.83;
2;3;320;299;8.46;2.22;1.07;
2;3;320;300;6.71;2.22;0.93;
2;3;320;387;6.16;2.22;0.84;
2;3;320;388;5.45;2.22;0.8;
2;3;320;389;7.47;2.22;1.04;
2;3;320;443;9.1;2.22;0.95;
2;3;321;50;8.52;2.13;1.4;
2;3;321;51;4.72;2.13;1.2;
2;3;321;53;6.88;2.13;0.99;
2;3;321;54;5.46;2.13;0.98;
2;3;321;56;8.6;2.13;0.83;
2;3;321;300;8.56;2.13;0.93;
2;3;321;387;8.52;2.13;0.84;
2;3;321;388;6.24;2.13;0.8;
2;3;321;389;8.06;2.13;1.04;
2;3;321;497;7.4;2.13;0.99;
2;3;322;50;9.75;1.6;1.4;
2;3;322;51;6.21;1.6;1.2;
2;3;322;54;8.87;1.6;0.98;
2;3;322;387;8.88;1.6;0.84;
2;3;322;388;5.52;1.6;0.8;
2;3;322;389;5.39;1.6;1.04;
2;3;322;391;9.05;1.6;1.01;
2;3;322;443;9.17;1.6;0.95;
2;3;322;496;8.01;1.6;1.28;
2;3;322;497;5.24;1.6;0.99;
2;3;323;51;8.13;1.51;1.2;
2;3;323;388;8.41;1.51;0.8;
2;3;323;389;6.49;1.51;1.04;
2;3;323;391;7.6;1.51;1.01;
2;3;323;441;9.11;1.51;1.2;
2;3;323;496;7.0;1.51;1.28;
2;3;323;497;6.02;1.51;0.99;
2;3;324;388;8.83;1.15;0.8;
2;3;324;389;5.73;1.15;1.04;
2;3;324;391;6.06;1.15;1.01;
2;3;324;440;8.85;1.15;1.39;
2;3;324;441;5.91;1.15;1.2;
2;3;324;443;8.39;1.15;0.95;
2;3;324;497;9.21;1.15;0.99;
2;3;326;391;8.15;1.16;1.01;
2;3;326;394;9.54;1.16;0.95;
2;3;326;494;9.13;1.16;1.21;
2;3;326;496;6.22;1.16;1.28;
2;3;326;497;8.03;1.16;0.99;
