1;2;20;393;7.91;5.54;1.04;
1;2;20;439;7.4;5.54;1.86;
1;2;22;391;9.89;1.59;1.1;
1;2;22;439;8.34;1.59;1.86;
1;2;67;439;8.64;1.18;1.86;
1;2;67;441;9.68;1.18;1.49;
1;2;74;91;9.5;1.21;0.87;
1;2;74;94;9.1;1.21;1.09;
1;2;74;297;8.73;1.21;1.08;
1;2;74;299;6.77;1.21;1.07;
1;2;74;300;8.9;1.21;0.99;
1;2;76;300;9.88;0.79;0.99;
1;2;147;94;8.89;0.94;1.09;
1;2;148;94;9.79;1.0;1.09;
1;2;148;153;9.59;1.0;1.92;
1;2;148;154;9.37;1.0;1.46;
1;2;149;94;9.93;1.34;1.09;
1;2;149;151;7.99;1.34;1.93;
1;2;149;152;8.07;1.34;2.32;
1;2;149;153;7.05;1.34;1.92;
1;2;149;154;6.73;1.34;1.46;
1;2;150;151;6.68;1.7;1.93;
1;2;150;152;5.33;1.7;2.32;
1;2;150;153;5.66;1.7;1.92;
1;2;150;154;7.15;1.7;1.46;
1;2;151;151;5.69;1.93;1.93;
1;2;151;152;5.02;1.93;2.32;
1;2;151;153;7.45;1.93;1.92;
1;2;151;154;8.64;1.93;1.46;
1;2;152;151;7.45;2.32;1.93;
1;2;152;152;5.43;2.32;2.32;
1;2;152;153;8.72;2.32;1.92;
1;2;158;90;8.73;1.07;1.11;
1;2;158;91;9.9;1.07;0.87;
1;2;158;94;8.34;1.07;1.09;
1;2;160;90;6.46;0.94;1.11;
1;2;160;91;8.99;0.94;0.87;
1;2;163;50;7.58;1.1;1.17;
1;2;169;90;9.94;0.74;1.11;
1;2;174;94;9.78;1.16;1.09;
1;2;174;297;9.34;1.16;1.08;
1;2;174;299;9.63;1.16;1.07;
1;2;176;297;7.77;1.65;1.08;
1;2;202;457;7.34;1.21;1.8;
1;2;318;51;7.93;1.37;0.98;
1;2;318;54;8.53;1.37;0.85;
1;2;318;300;9.64;1.37;0.99;
1;2;318;497;9.73;1.37;0.97;
1;2;319;51;8.64;1.88;0.98;
1;2;319;54;7.33;1.88;0.85;
1;2;319;56;8.81;1.88;0.74;
1;2;319;299;7.9;1.88;1.07;
1;2;319;300;7.21;1.88;0.99;
1;2;319;387;9.67;1.88;0.78;
1;2;319;388;8.56;1.88;0.84;
1;2;319;389;8.77;1.88;1.16;
1;2;320;51;8.02;3.19;0.98;
1;2;320;54;5.71;3.19;0.85;
1;2;320;56;5.48;3.19;0.74;
1;2;320;299;6.7;3.19;1.07;
1;2;320;300;5.57;3.19;0.99;
1;2;320;387;7.04;3.19;0.78;
1;2;320;388;6.48;3.19;0.84;
1;2;320;389;8.34;3.19;1.16;
1;2;321;50;8.21;3.47;1.17;
1;2;321;51;4.45;3.47;0.98;
1;2;321;54;4.57;3.47;0.85;
1;2;321;56;7.63;3.47;0.74;
1;2;321;299;9.67;3.47;1.07;
1;2;321;300;7.13;3.47;0.99;
1;2;321;387;8.81;3.47;0.78;
1;2;321;388;6.72;3.47;0.84;
1;2;321;389;8.5;3.47;1.16;
1;2;321;497;7.76;3.47;0.97;
1;2;322;50;9.28;2.11;1.17;
1;2;322;51;5.66;2.11;0.98;
1;2;322;54;7.97;2.11;0.85;
1;2;322;387;9.17;2.11;0.78;
1;2;322;388;6.07;2.11;0.84;
1;2;322;389;5.98;2.11;1.16;
1;2;322;391;9.79;2.11;1.1;
1;2;322;443;9.94;2.11;1.01;
1;2;322;496;8.18;2.11;1.37;
1;2;322;497;5.54;2.11;0.97;
1;2;323;51;7.6;1.62;0.98;
1;2;323;388;9.03;1.62;0.84;
1;2;323;389;7.4;1.62;1.16;
1;2;323;391;9.02;1.62;1.1;
1;2;323;496;7.28;1.62;1.37;
1;2;323;497;6.39;1.62;0.97;
1;2;324;388;9.3;1.28;0.84;
1;2;324;389;6.78;1.28;1.16;
1;2;324;391;8.12;1.28;1.1;
1;2;324;441;7.97;1.28;1.49;
1;2;324;443;9.56;1.28;1.01;
1;2;324;497;9.55;1.28;0.97;
1;2;326;391;9.01;1.07;1.1;
1;2;326;496;6.49;1.07;1.37;
1;2;326;497;8.05;1.07;0.97;
2;3;20;393;8.14;5.54;1.04;
2;3;20;439;7.65;5.54;1.86;
2;3;22;391;9.92;1.59;1.1;
2;3;22;393;9.73;1.59;1.04;
2;3;22;439;7.52;1.59;1.86;
2;3;67;439;7.93;1.18;1.86;
2;3;67;441;9.7;1.18;1.49;
2;3;74;297;8.97;1.21;1.08;
2;3;74;299;7.31;1.21;1.07;
2;3;74;300;9.49;1.21;0.99;
2;3;147;94;9.68;0.94;1.09;
2;3;148;94;9.94;1.0;1.09;
2;3;148;99;9.14;1.0;2.41;
2;3;149;94;9.23;1.34;1.09;
2;3;149;99;7.71;1.34;2.41;
2;3;149;151;9.46;1.34;1.93;
2;3;149;152;9.65;1.34;2.32;
2;3;149;153;7.62;1.34;1.92;
2;3;149;154;7.26;1.34;1.46;
2;3;150;99;8.27;1.7;2.41;
2;3;150;151;7.83;1.7;1.93;
2;3;150;152;6.8;1.7;2.32;
2;3;150;153;5.5;1.7;1.92;
2;3;150;154;6.95;1.7;1.46;
2;3;151;151;6.02;1.93;1.93;
2;3;151;152;5.16;1.93;2.32;
2;3;151;153;6.27;1.93;1.92;
2;3;151;154;7.81;1.93;1.46;
2;3;152;151;7.48;2.32;1.93;
2;3;152;152;5.14;2.32;2.32;
2;3;152;153;7.56;2.32;1.92;
2;3;158;90;9.14;1.07;1.11;
2;3;158;91;9.72;1.07;0.87;
2;3;158;94;8.37;1.07;1.09;
2;3;160;90;6.53;0.94;1.11;
2;3;160;91;8.5;0.94;0.87;
2;3;162;50;8.77;1.22;1.17;
2;3;163;50;6.71;1.1;1.17;
2;3;163;51;9.58;1.1;0.98;
2;3;167;50;9.8;0.73;1.17;
2;3;174;297;9.53;1.16;1.08;
2;3;174;299;9.99;1.16;1.07;
2;3;202;457;7.7;1.21;1.8;
2;3;318;51;8.31;1.37;0.98;
2;3;318;54;9.22;1.37;0.85;
2;3;318;389;9.22;1.37;1.16;
2;3;318;497;9.33;1.37;0.97;
2;3;319;51;8.95;1.88;0.98;
2;3;319;54;8.14;1.88;0.85;
2;3;319;56;9.27;1.88;0.74;
2;3;319;299;8.78;1.88;1.07;
2;3;319;300;8.26;1.88;0.99;
2;3;319;387;9.09;1.88;0.78;
2;3;319;388;7.86;1.88;0.84;
2;3;319;389;7.79;1.88;1.16;
2;3;320;51;8.22;3.19;0.98;
2;3;320;54;6.59;3.19;0.85;
2;3;320;56;6.13;3.19;0.74;
2;3;320;299;7.61;3.19;1.07;
2;3;320;300;6.7;3.19;0.99;
2;3;320;387;6.23;3.19;0.78;
2;3;320;388;5.5;3.19;0.84;
2;3;320;389;7.29;3.19;1.16;
2;3;320;443;9.24;3.19;1.01;
2;3;321;50;8.52;3.47;1.17;
2;3;321;51;4.67;3.47;0.98;
2;3;321;54;5.31;3.47;0.85;
2;3;321;56;8.0;3.47;0.74;
2;3;321;300;7.83;3.47;0.99;
2;3;321;387;8.3;3.47;0.78;
2;3;321;388;5.97;3.47;0.84;
2;3;321;389;7.72;3.47;1.16;
2;3;321;497;7.3;3.47;0.97;
2;3;322;50;9.8;2.11;1.17;
2;3;322;51;6.3;2.11;0.98;
2;3;322;54;8.73;2.11;0.85;
2;3;322;387;9.03;2.11;0.78;
2;3;322;388;5.74;2.11;0.84;
2;3;322;389;5.33;2.11;1.16;
2;3;322;391;8.82;2.11;1.1;
2;3;322;443;9.31;2.11;1.01;
2;3;322;496;8.04;2.11;1.37;
2;3;322;497;5.32;2.11;0.97;
2;3;323;51;8.43;1.62;0.98;
2;3;323;388;8.8;1.62;0.84;
2;3;323;389;6.82;1.62;1.16;
2;3;323;391;7.83;1.62;1.1;
2;3;323;441;9.32;1.62;1.49;
2;3;323;496;7.37;1.62;1.37;
2;3;323;497;6.41;1.62;0.97;
2;3;324;388;9.44;1.28;0.84;
2;3;324;389;6.55;1.28;1.16;
2;3;324;391;7.07;1.28;1.1;
2;3;324;439;9.97;1.28;1.86;
2;3;324;441;6.79;1.28;1.49;
2;3;324;443;9.08;1.28;1.01;
2;3;324;497;9.82;1.28;0.97;
2;3;326;391;8.3;1.07;1.1;
2;3;326;394;9.7;1.07;0.97;
2;3;326;496;6.98;1.07;1.37;
2;3;326;497;8.45;1.07;0.97;
