1;2;19;393;7.56;6.87;0.76;
1;2;19;394;8.17;6.87;0.69;
1;2;19;439;9.96;6.87;1.06;
1;2;20;393;7.25;5.44;0.76;
1;2;20;394;9.13;5.44;0.69;
1;2;20;439;7.7;5.44;1.06;
1;2;22;391;8.44;1.3;0.69;
1;2;22;393;8.49;1.3;0.76;
1;2;22;394;9.82;1.3;0.69;
1;2;22;439;7.4;1.3;1.06;
1;2;22;440;9.07;1.3;0.96;
1;2;22;441;9.7;1.3;0.84;
1;2;67;391;9.4;0.82;0.69;
1;2;67;439;6.49;0.82;1.06;
1;2;67;440;6.22;0.82;0.96;
1;2;67;441;7.56;0.82;0.84;
1;2;74;297;9.06;0.85;0.79;
1;2;74;299;6.95;0.85;0.77;
1;2;74;300;8.8;0.85;0.65;
1;2;76;54;9.9;0.61;0.65;
1;2;76;300;9.9;0.61;0.65;
1;2;128;454;8.02;0.85;1.14;
1;2;128;455;6.33;0.85;1.24;
1;2;128;456;6.21;0.85;1.37;
1;2;128;457;8.58;0.85;1.43;
1;2;129;455;7.57;0.8;1.24;
1;2;129;456;6.58;0.8;1.37;
1;2;129;457;9.01;0.8;1.43;
1;2;149;94;9.44;0.98;0.75;
1;2;149;153;8.15;0.98;1.47;
1;2;149;154;8.02;0.98;1.11;
1;2;150;151;9.01;1.29;1.64;
1;2;150;152;7.62;1.29;2.16;
1;2;150;153;5.77;1.29;1.47;
1;2;150;154;7.36;1.29;1.11;
1;2;151;151;7.02;1.64;1.64;
1;2;151;152;5.56;1.64;2.16;
1;2;151;153;5.91;1.64;1.47;
1;2;151;154;7.78;1.64;1.11;
1;2;152;151;8.06;2.16;1.64;
1;2;152;152;5.32;2.16;2.16;
1;2;152;153;7.17;2.16;1.47;
1;2;158;90;9.35;0.69;0.75;
1;2;158;94;9.04;0.69;0.75;
1;2;160;90;7.18;0.65;0.75;
1;2;160;91;9.27;0.65;0.65;
1;2;162;50;9.58;0.74;0.86;
1;2;163;50;7.54;0.76;0.86;
1;2;174;297;9.2;0.76;0.79;
1;2;174;299;9.28;0.76;0.77;
1;2;180;387;9.99;1.07;0.64;
1;2;180;389;9.56;1.07;0.71;
1;2;180;441;8.12;1.07;0.84;
1;2;180;443;6.55;1.07;0.76;
1;2;180;455;8.77;1.07;1.24;
1;2;181;387;9.66;0.83;0.64;
1;2;181;443;8.32;0.83;0.76;
1;2;201;457;7.28;0.67;1.43;
1;2;202;454;9.73;0.82;1.14;
1;2;202;456;8.66;0.82;1.37;
1;2;202;457;5.75;0.82;1.43;
1;2;202;460;7.64;0.82;1.01;
1;2;270;454;5.58;1.35;1.14;
1;2;270;455;6.84;1.35;1.24;
1;2;270;456;8.73;1.35;1.37;
1;2;318;51;7.76;0.83;0.75;
1;2;318;54;8.5;0.83;0.65;
1;2;318;388;9.86;0.83;0.63;
1;2;318;389;9.01;0.83;0.71;
1;2;318;497;9.17;0.83;0.69;
1;2;319;51;8.43;0.9;0.75;
1;2;319;54;7.14;0.9;0.65;
1;2;319;56;8.71;0.9;0.61;
1;2;319;299;8.61;0.9;0.77;
1;2;319;300;7.49;0.9;0.65;
1;2;319;387;8.77;0.9;0.64;
1;2;319;388;7.62;0.9;0.63;
1;2;319;389;7.87;0.9;0.71;
1;2;320;51;7.93;1.59;0.75;
1;2;320;54;5.74;1.59;0.65;
1;2;320;56;5.61;1.59;0.61;
1;2;320;299;7.61;1.59;0.77;
1;2;320;300;6.1;1.59;0.65;
1;2;320;387;6.37;1.59;0.64;
1;2;320;388;5.82;1.59;0.63;
1;2;320;389;7.93;1.59;0.71;
1;2;320;443;9.83;1.59;0.76;
1;2;321;50;8.26;1.2;0.86;
1;2;321;51;4.47;1.2;0.75;
1;2;321;54;5.09;1.2;0.65;
1;2;321;56;8.03;1.2;0.61;
1;2;321;300;7.96;1.2;0.65;
1;2;321;387;8.48;1.2;0.64;
1;2;321;388;6.36;1.2;0.63;
1;2;321;389;8.3;1.2;0.71;
1;2;321;497;7.57;1.2;0.69;
1;2;322;50;9.32;1.12;0.86;
1;2;322;51;5.76;1.12;0.75;
1;2;322;54;8.32;1.12;0.65;
1;2;322;387;8.75;1.12;0.64;
1;2;322;388;5.5;1.12;0.63;
1;2;322;389;5.57;1.12;0.71;
1;2;322;391;9.51;1.12;0.69;
1;2;322;443;9.47;1.12;0.76;
1;2;322;496;8.2;1.12;0.72;
1;2;322;497;5.3;1.12;0.69;
1;2;323;51;7.58;0.96;0.75;
1;2;323;388;8.32;0.96;0.63;
1;2;323;389;6.57;0.96;0.71;
1;2;323;391;8.17;0.96;0.69;
1;2;323;441;9.64;0.96;0.84;
1;2;323;496;7.08;0.96;0.72;
1;2;323;497;5.85;0.96;0.69;
1;2;324;388;8.38;0.92;0.63;
1;2;324;389;5.48;0.92;0.71;
1;2;324;391;6.62;0.92;0.69;
1;2;324;440;9.43;0.92;0.96;
1;2;324;441;6.48;0.92;0.84;
1;2;324;443;8.38;0.92;0.76;
1;2;324;497;8.99;0.92;0.69;
1;2;326;391;8.19;0.86;0.69;
1;2;326;394;9.53;0.86;0.69;
1;2;326;496;6.15;0.86;0.72;
1;2;326;497;7.59;0.86;0.69;
2;3;19;393;7.58;6.87;0.76;
2;3;19;394;8.31;6.87;0.69;
2;3;19;439;9.89;6.87;1.06;
2;3;20;393;7.34;5.44;0.76;
2;3;20;394;9.3;5.44;0.69;
2;3;20;439;7.68;5.44;1.06;
2;3;22;391;8.52;1.3;0.69;
2;3;22;393;8.48;1.3;0.76;
2;3;22;394;9.85;1.3;0.69;
2;3;22;439;7.37;1.3;1.06;
2;3;22;440;9.06;1.3;0.96;
2;3;22;441;9.73;1.3;0.84;
2;3;67;391;9.48;0.82;0.69;
2;3;67;439;6.45;0.82;1.06;
2;3;67;440;6.23;0.82;0.96;
2;3;67;441;7.61;0.82;0.84;
2;3;68;439;8.6;0.83;1.06;
2;3;68;440;6.64;0.83;0.96;
2;3;68;441;7.34;0.83;0.84;
2;3;74;297;9.08;0.85;0.79;
2;3;74;299;6.93;0.85;0.77;
2;3;74;300;8.78;0.85;0.65;
2;3;76;54;9.95;0.61;0.65;
2;3;76;300;9.95;0.61;0.65;
2;3;128;454;7.89;0.85;1.14;
2;3;128;455;6.23;0.85;1.24;
2;3;128;456;6.06;0.85;1.37;
2;3;128;457;8.37;0.85;1.43;
2;3;129;455;7.5;0.8;1.24;
2;3;129;456;6.44;0.8;1.37;
2;3;129;457;8.8;0.8;1.43;
2;3;149;94;9.22;0.98;0.75;
2;3;149;153;8.25;0.98;1.47;
2;3;149;154;8.06;0.98;1.11;
2;3;150;151;9.15;1.29;1.64;
2;3;150;152;8.03;1.29;2.16;
2;3;150;153;5.71;1.29;1.47;
2;3;150;154;7.23;1.29;1.11;
2;3;151;151;7.05;1.64;1.64;
2;3;151;152;5.96;1.64;2.16;
2;3;151;153;5.69;1.64;1.47;
2;3;151;154;7.51;1.64;1.11;
2;3;152;151;7.87;2.16;1.64;
2;3;152;152;5.26;2.16;2.16;
2;3;152;153;6.51;2.16;1.47;
2;3;152;154;9.49;2.16;1.11;
2;3;158;90;9.35;0.69;0.75;
2;3;158;91;9.92;0.69;0.65;
2;3;158;94;8.95;0.69;0.75;
2;3;160;90;7.18;0.65;0.75;
2;3;160;91;9.14;0.65;0.65;
2;3;162;50;9.38;0.74;0.86;
2;3;163;50;7.31;0.76;0.86;
2;3;174;297;9.17;0.76;0.79;
2;3;174;299;9.25;0.76;0.77;
2;3;180;389;9.62;1.07;0.71;
2;3;180;441;8.08;1.07;0.84;
2;3;180;443;6.59;1.07;0.76;
2;3;180;455;8.56;1.07;1.24;
2;3;181;387;9.73;0.83;0.64;
2;3;181;443;8.31;0.83;0.76;
2;3;202;454;9.83;0.82;1.14;
2;3;202;456;8.81;0.82;1.37;
2;3;202;457;5.85;0.82;1.43;
2;3;202;460;7.6;0.82;1.01;
2;3;270;454;5.45;1.35;1.14;
2;3;270;455;6.8;1.35;1.24;
2;3;270;456;8.67;1.35;1.37;
2;3;318;51;7.85;0.83;0.75;
2;3;318;54;8.65;0.83;0.65;
2;3;318;388;9.79;0.83;0.63;
2;3;318;389;8.9;0.83;0.71;
2;3;318;496;9.93;0.83;0.72;
2;3;318;497;9.14;0.83;0.69;
2;3;319;51;8.47;0.9;0.75;
2;3;319;54;7.28;0.9;0.65;
2;3;319;56;8.79;0.9;0.61;
2;3;319;299;8.73;0.9;0.77;
2;3;319;300;7.66;0.9;0.65;
2;3;319;387;8.68;0.9;0.64;
2;3;319;388;7.51;0.9;0.63;
2;3;319;389;7.72;0.9;0.71;
2;3;319;443;9.96;0.9;0.76;
2;3;320;51;7.88;1.59;0.75;
2;3;320;54;5.78;1.59;0.65;
2;3;320;56;5.7;1.59;0.61;
2;3;320;299;7.69;1.59;0.77;
2;3;320;300;6.2;1.59;0.65;
2;3;320;387;6.32;1.59;0.64;
2;3;320;388;5.72;1.59;0.63;
2;3;320;389;7.82;1.59;0.71;
2;3;320;443;9.72;1.59;0.76;
2;3;321;50;8.26;1.2;0.86;
2;3;321;51;4.46;1.2;0.75;
2;3;321;54;5.18;1.2;0.65;
2;3;321;56;8.11;1.2;0.61;
2;3;321;300;8.07;1.2;0.65;
2;3;321;387;8.45;1.2;0.64;
2;3;321;388;6.27;1.2;0.63;
2;3;321;389;8.23;1.2;0.71;
2;3;321;497;7.49;1.2;0.69;
2;3;322;50;9.36;1.12;0.86;
2;3;322;51;5.83;1.12;0.75;
2;3;322;54;8.42;1.12;0.65;
2;3;322;387;8.76;1.12;0.64;
2;3;322;388;5.47;1.12;0.63;
2;3;322;389;5.52;1.12;0.71;
2;3;322;391;9.43;1.12;0.69;
2;3;322;443;9.42;1.12;0.76;
2;3;322;496;8.12;1.12;0.72;
2;3;322;497;5.25;1.12;0.69;
2;3;323;51;7.72;0.96;0.75;
2;3;323;388;8.27;0.96;0.63;
2;3;323;389;6.49;0.96;0.71;
2;3;323;391;8.03;0.96;0.69;
2;3;323;441;9.52;0.96;0.84;
2;3;323;496;7.04;0.96;0.72;
2;3;323;497;5.87;0.96;0.69;
2;3;324;388;8.42;0.92;0.63;
2;3;324;389;5.48;0.92;0.71;
2;3;324;391;6.5;0.92;0.69;
2;3;324;440;9.3;0.92;0.96;
2;3;324;441;6.36;0.92;0.84;
2;3;324;443;8.34;0.92;0.76;
2;3;324;497;9.06;0.92;0.69;
2;3;326;391;8.13;0.86;0.69;
2;3;326;394;9.45;0.86;0.69;
2;3;326;496;6.22;0.86;0.72;
2;3;326;497;7.71;0.86;0.69;
