1;2;19;393;8.23;7.93;1.19;
1;2;19;394;7.9;7.93;1.01;
1;2;20;393;8.3;6.49;1.19;
1;2;20;394;9.41;6.49;1.01;
1;2;20;439;9.3;6.49;1.66;
1;2;22;391;9.1;1.77;1.17;
1;2;22;393;9.29;1.77;1.19;
1;2;22;439;8.84;1.77;1.66;
1;2;22;440;9.99;1.77;1.8;
1;2;67;391;9.49;1.07;1.17;
1;2;67;439;6.87;1.07;1.66;
1;2;67;440;6.67;1.07;1.8;
1;2;67;441;7.87;1.07;1.53;
1;2;68;439;8.37;0.95;1.66;
1;2;68;440;6.5;0.95;1.8;
1;2;68;441;7.37;0.95;1.53;
1;2;72;389;9.99;0.82;1.08;
1;2;74;297;9.55;0.95;1.01;
1;2;74;299;7.39;0.95;1.06;
1;2;74;300;8.98;0.95;0.98;
1;2;128;454;8.18;1.48;1.45;
1;2;128;455;6.29;1.48;2.0;
1;2;128;456;5.67;1.48;2.06;
1;2;128;457;7.74;1.48;1.9;
1;2;129;440;9.93;1.3;1.8;
1;2;129;455;7.68;1.3;2.0;
1;2;129;456;6.05;1.3;2.06;
1;2;129;457;8.11;1.3;1.9;
1;2;149;94;9.66;1.3;0.95;
1;2;149;153;8.02;1.3;2.02;
1;2;149;154;7.88;1.3;1.36;
1;2;150;151;9.79;1.66;2.01;
1;2;150;152;8.35;1.66;2.73;
1;2;150;153;5.87;1.66;2.02;
1;2;150;154;7.57;1.66;1.36;
1;2;151;151;7.32;2.01;2.01;
1;2;151;152;5.44;2.01;2.73;
1;2;151;153;4.84;2.01;2.02;
1;2;151;154;7.24;2.01;1.36;
1;2;152;151;8.59;2.73;2.01;
1;2;152;152;5.29;2.73;2.73;
1;2;152;153;6.16;2.73;2.02;
1;2;152;154;9.6;2.73;1.36;
1;2;158;90;9.58;0.95;1.17;
1;2;158;94;8.9;0.95;0.95;
1;2;160;90;6.7;0.85;1.17;
1;2;160;91;8.93;0.85;0.89;
1;2;163;50;8.92;1.09;1.62;
1;2;174;297;9.78;0.89;1.01;
1;2;174;299;9.77;0.89;1.06;
1;2;176;297;8.78;1.33;1.01;
1;2;180;389;9.84;1.15;1.08;
1;2;180;441;8.2;1.15;1.53;
1;2;180;443;6.72;1.15;1.11;
1;2;180;455;8.32;1.15;2.0;
1;2;181;443;8.19;0.99;1.11;
1;2;202;456;9.9;1.64;2.06;
1;2;202;457;6.48;1.64;1.9;
1;2;202;460;7.68;1.64;1.26;
1;2;270;454;4.55;3.6;1.45;
1;2;270;455;7.15;3.6;2.0;
1;2;270;456;7.68;3.6;2.06;
1;2;270;457;8.05;3.6;1.9;
1;2;270;460;7.81;3.6;1.26;
1;2;318;51;8.19;1.02;1.26;
1;2;318;54;8.49;1.02;1.05;
1;2;318;389;9.34;1.02;1.08;
1;2;318;497;9.58;1.02;1.1;
1;2;319;51;8.9;1.3;1.26;
1;2;319;54;7.11;1.3;1.05;
1;2;319;56;8.97;1.3;0.76;
1;2;319;299;8.91;1.3;1.06;
1;2;319;300;7.56;1.3;0.98;
1;2;319;387;9.07;1.3;0.84;
1;2;319;388;7.92;1.3;0.82;
1;2;319;389;8.0;1.3;1.08;
1;2;320;51;8.2;2.22;1.26;
1;2;320;54;5.44;2.22;1.05;
1;2;320;56;5.79;2.22;0.76;
1;2;320;299;7.67;2.22;1.06;
1;2;320;300;5.91;2.22;0.98;
1;2;320;387;6.7;2.22;0.84;
1;2;320;388;6.09;2.22;0.82;
1;2;320;389;7.99;2.22;1.08;
1;2;320;443;9.81;2.22;1.11;
1;2;321;50;8.3;2.02;1.62;
1;2;321;51;4.53;2.02;1.26;
1;2;321;54;4.73;2.02;1.05;
1;2;321;56;8.21;2.02;0.76;
1;2;321;300;7.8;2.02;0.98;
1;2;321;387;8.85;2.02;0.84;
1;2;321;388;6.74;2.02;0.82;
1;2;321;389;8.48;2.02;1.08;
1;2;321;497;7.68;2.02;1.1;
1;2;322;50;9.38;1.7;1.62;
1;2;322;51;5.76;1.7;1.26;
1;2;322;54;8.15;1.7;1.05;
1;2;322;387;9.04;1.7;0.84;
1;2;322;388;5.84;1.7;0.82;
1;2;322;389;5.79;1.7;1.08;
1;2;322;391;9.61;1.7;1.17;
1;2;322;443;9.65;1.7;1.11;
1;2;322;496;8.0;1.7;1.54;
1;2;322;497;5.37;1.7;1.1;
1;2;323;51;7.55;1.46;1.26;
1;2;323;388;8.77;1.46;0.82;
1;2;323;389;7.07;1.46;1.08;
1;2;323;391;8.55;1.46;1.17;
1;2;323;441;9.99;1.46;1.53;
1;2;323;496;6.85;1.46;1.54;
1;2;323;497;6.07;1.46;1.1;
1;2;324;388;8.83;1.13;0.82;
1;2;324;389;5.99;1.13;1.08;
1;2;324;391;6.93;1.13;1.17;
1;2;324;440;9.88;1.13;1.8;
1;2;324;441;6.88;1.13;1.53;
1;2;324;443;8.89;1.13;1.11;
1;2;324;496;9.9;1.13;1.54;
1;2;324;497;9.02;1.13;1.1;
1;2;326;391;8.91;1.18;1.17;
1;2;326;496;6.04;1.18;1.54;
1;2;326;497;7.99;1.18;1.1;
2;3;19;393;7.96;7.93;1.19;
2;3;19;394;7.84;7.93;1.01;
2;3;20;393;8.18;6.49;1.19;
2;3;20;394;9.49;6.49;1.01;
2;3;20;439;9.11;6.49;1.66;
2;3;22;391;9.13;1.77;1.17;
2;3;22;393;8.82;1.77;1.19;
2;3;22;439;8.26;1.77;1.66;
2;3;22;440;9.68;1.77;1.8;
2;3;67;391;9.78;1.07;1.17;
2;3;67;393;9.89;1.07;1.19;
2;3;67;439;6.41;1.07;1.66;
2;3;67;440;6.46;1.07;1.8;
2;3;67;441;8.1;1.07;1.53;
2;3;68;439;7.96;0.95;1.66;
2;3;68;440;6.24;0.95;1.8;
2;3;68;441;7.54;0.95;1.53;
2;3;72;389;9.74;0.82;1.08;
2;3;72;441;9.39;0.82;1.53;
2;3;72;443;9.64;0.82;1.11;
2;3;74;297;9.98;0.95;1.01;
2;3;74;299;7.92;0.95;1.06;
2;3;74;300;9.49;0.95;0.98;
2;3;128;454;8.2;1.48;1.45;
2;3;128;455;6.52;1.48;2.0;
2;3;128;456;5.41;1.48;2.06;
2;3;128;457;7.1;1.48;1.9;
2;3;129;455;7.94;1.3;2.0;
2;3;129;456;5.86;1.3;2.06;
2;3;129;457;7.51;1.3;1.9;
2;3;150;152;9.67;1.66;2.73;
2;3;150;153;6.77;1.66;2.02;
2;3;150;154;8.26;1.66;1.36;
2;3;151;151;8.26;2.01;2.01;
2;3;151;152;6.74;2.01;2.73;
2;3;151;153;5.2;2.01;2.02;
2;3;151;154;7.34;2.01;1.36;
2;3;152;151;8.92;2.73;2.01;
2;3;152;152;5.89;2.73;2.73;
2;3;152;153;5.63;2.73;2.02;
2;3;152;154;9.09;2.73;1.36;
2;3;158;90;9.99;0.95;1.17;
2;3;158;94;9.22;0.95;0.95;
2;3;160;90;7.11;0.85;1.17;
2;3;160;91;8.83;0.85;0.89;
2;3;163;50;7.77;1.09;1.62;
2;3;163;51;9.85;1.09;1.26;
2;3;180;440;9.62;1.15;1.8;
2;3;180;441;8.03;1.15;1.53;
2;3;180;443;7.04;1.15;1.11;
2;3;180;455;7.54;1.15;2.0;
2;3;180;456;9.55;1.15;2.06;
2;3;202;457;7.24;1.64;1.9;
2;3;202;460;8.38;1.64;1.26;
2;3;270;454;4.79;3.6;1.45;
2;3;270;455;7.53;3.6;2.0;
2;3;270;456;7.71;3.6;2.06;
2;3;270;457;7.65;3.6;1.9;
2;3;270;460;7.27;3.6;1.26;
2;3;271;454;5.58;3.36;1.45;
2;3;271;455;8.08;3.36;2.0;
2;3;271;456;9.66;3.36;2.06;
2;3;318;51;8.45;1.02;1.26;
2;3;318;54;9.15;1.02;1.05;
2;3;318;388;9.82;1.02;0.82;
2;3;318;389;8.73;1.02;1.08;
2;3;318;496;9.95;1.02;1.54;
2;3;318;497;9.28;1.02;1.1;
2;3;319;51;9.17;1.3;1.26;
2;3;319;54;7.86;1.3;1.05;
2;3;319;56;9.39;1.3;0.76;
2;3;319;299;9.58;1.3;1.06;
2;3;319;300;8.42;1.3;0.98;
2;3;319;387;8.7;1.3;0.84;
2;3;319;388;7.44;1.3;0.82;
2;3;319;389;7.33;1.3;1.08;
2;3;319;443;9.3;1.3;1.11;
2;3;320;51;8.29;2.22;1.26;
2;3;320;54;6.05;2.22;1.05;
2;3;320;56;6.25;2.22;0.76;
2;3;320;299;8.24;2.22;1.06;
2;3;320;300;6.67;2.22;0.98;
2;3;320;387;6.24;2.22;0.84;
2;3;320;388;5.51;2.22;0.82;
2;3;320;389;7.39;2.22;1.08;
2;3;320;443;9.1;2.22;1.11;
2;3;321;50;8.49;2.02;1.62;
2;3;321;51;4.65;2.02;1.26;
2;3;321;54;5.33;2.02;1.05;
2;3;321;56;8.5;2.02;0.76;
2;3;321;300;8.35;2.02;0.98;
2;3;321;387;8.52;2.02;0.84;
2;3;321;388;6.24;2.02;0.82;
2;3;321;389;7.99;2.02;1.08;
2;3;321;497;7.32;2.02;1.1;
2;3;322;50;9.76;1.7;1.62;
2;3;322;51;6.24;1.7;1.26;
2;3;322;54;8.79;1.7;1.05;
2;3;322;387;8.97;1.7;0.84;
2;3;322;388;5.64;1.7;0.82;
2;3;322;389;5.39;1.7;1.08;
2;3;322;391;8.99;1.7;1.17;
2;3;322;443;9.23;1.7;1.11;
2;3;322;496;7.88;1.7;1.54;
2;3;322;497;5.21;1.7;1.1;
2;3;323;51;8.24;1.46;1.26;
2;3;323;388;8.6;1.46;0.82;
2;3;323;389;6.64;1.46;1.08;
2;3;323;391;7.68;1.46;1.17;
2;3;323;441;9.21;1.46;1.53;
2;3;323;496;6.94;1.46;1.54;
2;3;323;497;6.11;1.46;1.1;
2;3;324;388;8.99;1.13;0.82;
2;3;324;389;5.9;1.13;1.08;
2;3;324;391;6.18;1.13;1.17;
2;3;324;440;8.96;1.13;1.8;
2;3;324;441;6.06;1.13;1.53;
2;3;324;443;8.59;1.13;1.11;
2;3;324;497;9.3;1.13;1.1;
2;3;326;391;8.24;1.18;1.17;
2;3;326;394;9.6;1.18;1.01;
2;3;326;496;6.38;1.18;1.54;
2;3;326;497;8.22;1.18;1.1;
