1;2;20;393;9.04;6.37;1.07;
1;2;20;439;8.54;6.37;1.84;
1;2;22;439;8.81;1.82;1.84;
1;2;67;439;8.5;1.13;1.84;
1;2;67;441;9.83;1.13;1.52;
1;2;74;91;9.87;1.09;0.95;
1;2;74;94;9.71;1.09;1.06;
1;2;74;297;9.15;1.09;1.05;
1;2;74;299;7.02;1.09;1.12;
1;2;74;300;8.99;1.09;1.03;
1;2;76;300;9.95;0.75;1.03;
1;2;147;94;9.24;0.77;1.06;
1;2;149;94;8.97;1.19;1.06;
1;2;149;151;9.32;1.19;1.93;
1;2;149;152;9.81;1.19;2.32;
1;2;149;153;7.18;1.19;1.8;
1;2;149;154;6.55;1.19;1.36;
1;2;150;151;7.59;1.64;1.93;
1;2;150;152;6.94;1.64;2.32;
1;2;150;153;4.92;1.64;1.8;
1;2;150;154;6.26;1.64;1.36;
1;2;151;151;5.43;1.93;1.93;
1;2;151;152;4.96;1.93;2.32;
1;2;151;153;5.42;1.93;1.8;
1;2;151;154;7.05;1.93;1.36;
1;2;152;151;7.22;2.32;1.93;
1;2;152;152;5.03;2.32;2.32;
1;2;152;153;7.03;2.32;1.8;
1;2;152;154;9.79;2.32;1.36;
1;2;158;90;8.68;0.94;1.18;
1;2;158;91;9.71;0.94;0.95;
1;2;158;94;8.2;0.94;1.06;
1;2;160;90;6.27;0.83;1.18;
1;2;160;91;8.79;0.83;0.95;
1;2;163;50;7.59;0.98;1.28;
1;2;169;90;9.97;0.66;1.18;
1;2;174;297;9.66;1.0;1.05;
1;2;174;299;9.7;1.0;1.12;
1;2;202;457;7.4;1.1;1.71;
1;2;318;51;7.93;1.17;1.05;
1;2;318;54;8.54;1.17;0.85;
1;2;318;300;9.85;1.17;1.03;
1;2;318;497;9.48;1.17;1.03;
1;2;320;51;7.92;2.73;1.05;
1;2;320;54;5.69;2.73;0.85;
1;2;320;56;5.61;2.73;0.78;
1;2;320;299;7.03;2.73;1.12;
1;2;320;300;5.72;2.73;1.03;
1;2;320;387;7.04;2.73;0.86;
1;2;320;388;6.48;2.73;0.83;
1;2;320;389;8.34;2.73;1.19;
1;2;321;50;8.15;2.33;1.28;
1;2;321;51;4.36;2.33;1.05;
1;2;321;54;4.75;2.33;0.85;
1;2;321;56;7.82;2.33;0.78;
1;2;321;300;7.43;2.33;1.03;
1;2;321;387;8.77;2.33;0.86;
1;2;321;388;6.68;2.33;0.83;
1;2;321;389;8.49;2.33;1.19;
1;2;321;497;7.55;2.33;1.03;
1;2;322;50;9.28;1.8;1.28;
1;2;322;51;5.71;1.8;1.05;
1;2;322;54;8.14;1.8;0.85;
1;2;322;387;9.15;1.8;0.86;
1;2;322;388;6.03;1.8;0.83;
1;2;322;389;5.98;1.8;1.19;
1;2;322;391;9.76;1.8;1.18;
1;2;322;443;10.0;1.8;1.09;
1;2;322;496;8.0;1.8;1.36;
1;2;322;497;5.33;1.8;1.03;
1;2;323;51;7.63;1.53;1.05;
1;2;323;388;9.08;1.53;0.83;
1;2;323;389;7.5;1.53;1.19;
1;2;323;391;9.08;1.53;1.18;
1;2;323;496;6.97;1.53;1.36;
1;2;323;497;6.16;1.53;1.03;
1;2;324;388;9.41;1.25;0.83;
1;2;324;389;6.85;1.25;1.19;
1;2;324;391;8.01;1.25;1.18;
1;2;324;441;8.07;1.25;1.52;
1;2;324;443;9.81;1.25;1.09;
1;2;324;497;9.31;1.25;1.03;
1;2;326;391;9.42;1.14;1.18;
1;2;326;496;6.13;1.14;1.36;
1;2;326;497;7.94;1.14;1.03;
2;3;20;393;8.88;6.37;1.07;
2;3;20;439;8.36;6.37;1.84;
2;3;22;391;9.81;1.82;1.18;
2;3;22;393;9.73;1.82;1.07;
2;3;22;439;7.85;1.82;1.84;
2;3;67;439;7.86;1.13;1.84;
2;3;67;441;9.6;1.13;1.52;
2;3;74;297;9.22;1.09;1.05;
2;3;74;299;7.33;1.09;1.12;
2;3;74;300;9.35;1.09;1.03;
2;3;147;94;9.95;0.77;1.06;
2;3;149;94;8.46;1.19;1.06;
2;3;149;153;7.93;1.19;1.8;
2;3;149;154;7.28;1.19;1.36;
2;3;150;151;8.77;1.64;1.93;
2;3;150;152;7.52;1.64;2.32;
2;3;150;153;5.05;1.64;1.8;
2;3;150;154;6.25;1.64;1.36;
2;3;151;151;6.02;1.93;1.93;
2;3;151;152;4.59;1.93;2.32;
2;3;151;153;4.21;1.93;1.8;
2;3;151;154;5.96;1.93;1.36;
2;3;152;151;7.59;2.32;1.93;
2;3;152;152;4.48;2.32;2.32;
2;3;152;153;4.97;2.32;1.8;
2;3;152;154;8.33;2.32;1.36;
2;3;158;90;9.06;0.94;1.18;
2;3;158;91;9.47;0.94;0.95;
2;3;158;94;8.19;0.94;1.06;
2;3;160;90;6.4;0.83;1.18;
2;3;160;91;8.34;0.83;0.95;
2;3;162;50;8.8;1.01;1.28;
2;3;163;50;6.73;0.98;1.28;
2;3;163;51;9.62;0.98;1.05;
2;3;167;50;9.86;0.71;1.28;
2;3;174;297;9.72;1.0;1.05;
2;3;174;299;9.91;1.0;1.12;
2;3;181;443;9.96;1.18;1.09;
2;3;202;457;7.55;1.1;1.71;
2;3;318;51;8.22;1.17;1.05;
2;3;318;54;9.06;1.17;0.85;
2;3;318;389;9.3;1.17;1.19;
2;3;318;496;9.81;1.17;1.36;
2;3;318;497;9.15;1.17;1.03;
2;3;320;51;8.11;2.73;1.05;
2;3;320;54;6.4;2.73;0.85;
2;3;320;56;6.04;2.73;0.78;
2;3;320;299;7.81;2.73;1.12;
2;3;320;300;6.64;2.73;1.03;
2;3;320;387;6.26;2.73;0.86;
2;3;320;388;5.62;2.73;0.83;
2;3;320;389;7.51;2.73;1.19;
2;3;320;443;9.49;2.73;1.09;
2;3;321;50;8.45;2.33;1.28;
2;3;321;51;4.6;2.33;1.05;
2;3;321;54;5.35;2.33;0.85;
2;3;321;56;8.06;2.33;0.78;
2;3;321;300;8.01;2.33;1.03;
2;3;321;387;8.26;2.33;0.86;
2;3;321;388;6.01;2.33;0.83;
2;3;321;389;7.85;2.33;1.19;
2;3;321;497;7.25;2.33;1.03;
2;3;322;50;9.74;1.8;1.28;
2;3;322;51;6.26;1.8;1.05;
2;3;322;54;8.73;1.8;0.85;
2;3;322;387;8.91;1.8;0.86;
2;3;322;388;5.64;1.8;0.83;
2;3;322;389;5.38;1.8;1.19;
2;3;322;391;8.99;1.8;1.18;
2;3;322;443;9.36;1.8;1.09;
2;3;322;496;7.99;1.8;1.36;
2;3;322;497;5.24;1.8;1.03;
2;3;323;51;8.3;1.53;1.05;
2;3;323;388;8.74;1.53;0.83;
2;3;323;389;6.87;1.53;1.19;
2;3;323;391;8.03;1.53;1.18;
2;3;323;441;9.59;1.53;1.52;
2;3;323;496;7.12;1.53;1.36;
2;3;323;497;6.2;1.53;1.03;
2;3;324;388;9.34;1.25;0.83;
2;3;324;389;6.47;1.25;1.19;
2;3;324;391;7.05;1.25;1.18;
2;3;324;441;6.95;1.25;1.52;
2;3;324;443;9.2;1.25;1.09;
2;3;324;497;9.58;1.25;1.03;
2;3;326;391;8.55;1.14;1.18;
2;3;326;496;6.59;1.14;1.36;
2;3;326;497;8.23;1.14;1.03;
