1;2;74;91;9.01;1.0;1.01;
1;2;74;94;8.82;1.0;0.99;
1;2;74;299;7.88;1.0;1.11;
1;2;74;300;9.04;1.0;1.17;
1;2;149;152;8.74;1.25;2.66;
1;2;149;153;7.7;1.25;2.0;
1;2;150;152;6.58;1.59;2.66;
1;2;150;153;6.86;1.59;2.0;
1;2;160;90;6.51;0.89;1.28;
1;2;160;91;9.7;0.89;1.01;
1;2;169;90;9.3;0.74;1.28;
1;2;174;94;9.51;0.98;0.99;
1;2;318;50;9.03;0.99;2.78;
1;2;318;51;7.87;0.99;2.33;
1;2;318;54;8.25;0.99;1.19;
1;2;318;300;9.65;0.99;1.17;
1;2;320;51;7.83;2.06;2.33;
1;2;320;54;4.97;2.06;1.19;
1;2;320;56;5.84;2.06;0.94;
1;2;320;299;6.26;2.06;1.11;
1;2;320;300;4.73;2.06;1.17;
1;2;321;48;9.24;2.06;3.19;
1;2;321;50;7.13;2.06;2.78;
1;2;321;51;4.3;2.06;2.33;
1;2;321;54;3.54;2.06;1.19;
1;2;321;56;7.41;2.06;0.94;
1;2;321;299;9.27;2.06;1.11;
1;2;321;300;6.43;2.06;1.17;
1;2;323;48;9.7;1.16;3.19;
1;2;323;50;7.8;1.16;2.78;
1;2;323;51;5.99;1.16;2.33;
1;2;323;54;9.54;1.16;1.19;
1;2;326;51;9.7;0.99;2.33;
2;3;74;299;7.84;1.0;1.11;
2;3;74;300;9.74;1.0;1.17;
2;3;76;54;9.79;0.73;1.19;
2;3;149;94;9.27;1.25;0.99;
2;3;149;153;8.63;1.25;2.0;
2;3;149;154;8.48;1.25;1.54;
2;3;150;151;9.31;1.59;1.9;
2;3;150;152;8.18;1.59;2.66;
2;3;150;153;6.6;1.59;2.0;
2;3;150;154;8.02;1.59;1.54;
2;3;151;151;7.14;1.9;1.9;
2;3;151;152;6.31;1.9;2.66;
2;3;151;153;6.71;1.9;2.0;
2;3;151;154;8.13;1.9;1.54;
2;3;152;151;7.9;2.66;1.9;
2;3;152;152;5.81;2.66;2.66;
2;3;152;153;7.78;2.66;2.0;
2;3;158;90;8.44;0.9;1.28;
2;3;158;91;9.34;0.9;1.01;
2;3;158;94;8.77;0.9;0.99;
2;3;160;90;5.99;0.89;1.28;
2;3;160;91;7.99;0.89;1.01;
2;3;162;50;8.08;1.4;2.78;
2;3;162;53;7.41;1.4;1.22;
2;3;162;54;9.08;1.4;1.19;
2;3;163;50;6.16;1.14;2.78;
2;3;163;51;9.54;1.14;2.33;
2;3;163;53;7.13;1.14;1.22;
2;3;167;50;7.99;0.7;2.78;
2;3;169;54;9.89;0.74;1.19;
2;3;318;50;9.78;0.99;2.78;
2;3;318;51;7.51;0.99;2.33;
2;3;318;54;8.62;0.99;1.19;
2;3;320;51;8.31;2.06;2.33;
2;3;320;54;6.75;2.06;1.19;
2;3;320;56;5.76;2.06;0.94;
2;3;320;299;7.36;2.06;1.11;
2;3;320;300;6.66;2.06;1.17;
2;3;321;43;7.92;2.06;2.17;
2;3;321;48;9.32;2.06;3.19;
2;3;321;50;8.57;2.06;2.78;
2;3;321;51;4.86;2.06;2.33;
2;3;321;53;7.67;2.06;1.22;
2;3;321;54;5.68;2.06;1.19;
2;3;321;56;7.37;2.06;0.94;
2;3;321;300;7.93;2.06;1.17;
2;3;323;50;9.92;1.16;2.78;
2;3;323;51;7.26;1.16;2.33;
