50;51;3.86;0.23;0.4;
50;54;7.71;0.23;0.22;
50;163;7.3;0.23;0.25;
50;167;9.09;0.23;0.13;
50;318;9.83;0.23;0.17;
50;321;8.18;0.23;0.55;
50;323;9.75;0.23;0.19;
51;54;6.14;0.4;0.22;
51;318;7.83;0.4;0.17;
51;320;8.34;0.4;0.35;
51;321;4.72;0.4;0.55;
51;323;7.03;0.4;0.19;
54;56;6.88;0.22;0.16;
54;76;9.92;0.22;0.15;
54;91;8.76;0.22;0.12;
54;299;8.0;0.22;0.18;
54;300;4.32;0.22;0.13;
54;318;8.17;0.22;0.17;
54;320;5.46;0.22;0.35;
54;321;4.48;0.22;0.55;
54;323;9.89;0.22;0.19;
56;299;5.3;0.16;0.18;
56;300;4.94;0.16;0.13;
56;320;5.12;0.16;0.35;
56;321;7.0;0.16;0.55;
74;76;7.06;0.22;0.15;
74;91;9.43;0.22;0.12;
74;94;9.06;0.22;0.15;
74;147;7.96;0.22;0.13;
74;174;4.4;0.22;0.17;
74;299;7.41;0.22;0.18;
74;300;9.08;0.22;0.13;
74;318;9.53;0.22;0.17;
74;320;9.34;0.22;0.35;
76;147;9.53;0.15;0.13;
76;160;9.83;0.15;0.13;
76;169;5.76;0.15;0.12;
76;300;9.84;0.15;0.13;
76;318;5.11;0.15;0.17;
76;320;9.6;0.15;0.35;
76;323;9.22;0.15;0.19;
90;91;3.86;0.12;0.12;
90;94;6.16;0.12;0.15;
90;160;6.96;0.12;0.13;
90;300;9.39;0.12;0.13;
91;94;4.85;0.12;0.15;
91;160;9.57;0.12;0.13;
91;299;6.97;0.12;0.18;
91;300;6.1;0.12;0.13;
94;147;9.91;0.15;0.13;
94;174;9.59;0.15;0.17;
94;299;8.78;0.15;0.18;
94;300;9.82;0.15;0.13;
114;299;9.91;0.13;0.18;
147;174;6.85;0.13;0.17;
150;151;3.78;0.21;0.09;
150;152;7.18;0.21;0.1;
150;153;6.7;0.21;0.06;
151;152;6.7;0.09;0.1;
151;153;8.15;0.09;0.06;
152;153;3.82;0.1;0.06;
160;167;8.35;0.13;0.13;
160;169;5.31;0.13;0.12;
163;167;5.75;0.25;0.13;
167;169;6.46;0.13;0.12;
169;318;8.94;0.12;0.17;
299;300;3.83;0.18;0.13;
299;320;5.93;0.18;0.35;
299;321;9.26;0.18;0.55;
300;318;9.41;0.13;0.17;
300;320;4.86;0.13;0.35;
300;321;6.82;0.13;0.55;
318;320;6.98;0.17;0.35;
318;321;6.89;0.17;0.55;
318;323;4.19;0.17;0.19;
320;321;3.85;0.35;0.55;
320;323;8.18;0.35;0.19;
321;323;6.8;0.55;0.19;
