1;2;74;91;8.15;1.24;1.27;
1;2;74;94;7.39;1.24;1.32;
1;2;74;297;9.04;1.24;1.35;
1;2;74;299;6.49;1.24;1.45;
1;2;74;300;8.49;1.24;1.61;
1;2;76;90;8.94;0.76;1.54;
1;2;76;91;8.59;0.76;1.27;
1;2;76;300;9.49;0.76;1.61;
1;2;147;94;8.32;0.92;1.32;
1;2;147;97;9.91;0.92;1.07;
1;2;147;99;9.34;0.92;2.28;
1;2;148;94;9.88;1.06;1.32;
1;2;148;99;9.05;1.06;2.28;
1;2;148;153;8.09;1.06;2.64;
1;2;148;154;8.34;1.06;1.75;
1;2;149;97;9.44;1.38;1.07;
1;2;149;99;8.44;1.38;2.28;
1;2;149;151;6.87;1.38;2.61;
1;2;149;152;7.42;1.38;3.05;
1;2;149;153;5.99;1.38;2.64;
1;2;149;154;6.06;1.38;1.75;
1;2;150;99;9.74;2.0;2.28;
1;2;150;151;6.28;2.0;2.61;
1;2;150;152;5.19;2.0;3.05;
1;2;150;153;5.26;2.0;2.64;
1;2;150;154;7.29;2.0;1.75;
1;2;151;151;5.5;2.61;2.61;
1;2;151;152;5.02;2.61;3.05;
1;2;151;153;7.35;2.61;2.64;
1;2;151;154;8.99;2.61;1.75;
1;2;158;90;8.09;1.05;1.54;
1;2;158;94;7.98;1.05;1.32;
1;2;160;89;7.48;1.09;1.14;
1;2;160;90;5.43;1.09;1.54;
1;2;160;91;9.09;1.09;1.27;
1;2;169;90;7.29;0.78;1.54;
1;2;169;91;9.37;0.78;1.27;
1;2;174;94;8.79;1.17;1.32;
1;2;174;99;9.7;1.17;2.28;
1;2;174;299;9.88;1.17;1.45;
1;2;318;50;9.45;1.08;3.41;
1;2;318;51;8.59;1.08;3.2;
1;2;318;54;8.4;1.08;1.66;
1;2;318;300;8.65;1.08;1.61;
1;2;320;51;8.18;2.89;3.2;
1;2;320;54;5.29;2.89;1.66;
1;2;320;56;5.07;2.89;1.09;
1;2;320;91;9.51;2.89;1.27;
1;2;320;297;9.9;2.89;1.35;
1;2;320;299;5.82;2.89;1.45;
1;2;320;300;4.05;2.89;1.61;
1;2;321;48;9.58;3.16;3.58;
1;2;321;50;7.06;3.16;3.41;
1;2;321;51;4.74;3.16;3.2;
1;2;321;54;3.51;3.16;1.66;
1;2;321;56;7.25;3.16;1.09;
1;2;321;299;9.05;3.16;1.45;
1;2;321;300;5.93;3.16;1.61;
1;2;322;48;8.88;1.7;3.58;
1;2;322;50;7.02;1.7;3.41;
1;2;322;51;4.01;1.7;3.2;
1;2;322;54;7.1;1.7;1.66;
1;2;322;56;9.84;1.7;1.09;
1;2;322;300;8.76;1.7;1.61;
1;2;323;48;9.97;1.24;3.58;
1;2;323;50;7.12;1.24;3.41;
1;2;323;51;5.84;1.24;3.2;
1;2;323;54;9.12;1.24;1.66;
1;2;326;50;9.12;0.86;3.41;
1;2;326;51;9.18;0.86;3.2;
2;3;74;297;7.81;1.24;1.35;
2;3;74;299;7.74;1.24;1.45;
2;3;76;299;9.06;0.76;1.45;
2;3;76;300;9.55;0.76;1.61;
2;3;80;50;7.98;0.7;3.41;
2;3;80;51;9.1;0.7;3.2;
2;3;89;89;9.74;1.14;1.14;
2;3;89;90;8.8;1.14;1.54;
2;3;147;94;9.2;0.92;1.32;
2;3;148;94;8.61;1.06;1.32;
2;3;148;97;9.79;1.06;1.07;
2;3;148;99;8.6;1.06;2.28;
2;3;148;154;9.77;1.06;1.75;
2;3;149;94;7.7;1.38;1.32;
2;3;149;97;7.42;1.38;1.07;
2;3;149;99;6.6;1.38;2.28;
2;3;149;151;9.75;1.38;2.61;
2;3;149;153;7.6;1.38;2.64;
2;3;149;154;6.38;1.38;1.75;
2;3;150;97;9.68;2.0;1.07;
2;3;150;99;6.83;2.0;2.28;
2;3;150;151;7.54;2.0;2.61;
2;3;150;152;7.38;2.0;3.05;
2;3;150;153;4.96;2.0;2.64;
2;3;150;154;5.58;2.0;1.75;
2;3;151;99;8.94;2.61;2.28;
2;3;151;151;4.79;2.61;2.61;
2;3;151;152;5.34;2.61;3.05;
2;3;151;153;5.2;2.61;2.64;
2;3;151;154;5.91;2.61;1.75;
2;3;152;151;6.04;3.05;2.61;
2;3;152;152;4.82;3.05;3.05;
2;3;152;153;6.58;3.05;2.64;
2;3;152;154;8.75;3.05;1.75;
2;3;158;90;8.14;1.05;1.54;
2;3;158;91;7.68;1.05;1.27;
2;3;158;94;6.21;1.05;1.32;
2;3;158;97;9.7;1.05;1.07;
2;3;159;89;9.89;0.83;1.14;
2;3;159;90;6.54;0.83;1.54;
2;3;159;91;6.47;0.83;1.27;
2;3;159;94;7.55;0.83;1.32;
2;3;160;54;9.43;1.09;1.66;
2;3;160;88;7.18;1.09;1.08;
2;3;160;89;7.2;1.09;1.14;
2;3;160;90;4.9;1.09;1.54;
2;3;160;91;5.75;1.09;1.27;
2;3;160;94;8.76;1.09;1.32;
2;3;160;300;9.82;1.09;1.61;
2;3;162;50;8.14;1.44;3.41;
2;3;162;51;9.27;1.44;3.2;
2;3;162;53;6.04;1.44;1.46;
2;3;162;54;6.6;1.44;1.66;
2;3;162;88;6.59;1.44;1.08;
2;3;162;89;9.03;1.44;1.14;
2;3;162;90;9.73;1.44;1.54;
2;3;162;91;9.98;1.44;1.27;
2;3;162;300;9.94;1.44;1.61;
2;3;163;48;9.24;1.25;3.58;
2;3;163;50;4.75;1.25;3.41;
2;3;163;51;7.05;1.25;3.2;
2;3;163;53;5.32;1.25;1.46;
2;3;163;54;7.29;1.25;1.66;
2;3;163;88;9.74;1.25;1.08;
2;3;167;50;7.03;0.85;3.41;
2;3;167;51;8.34;0.85;3.2;
2;3;167;53;8.99;0.85;1.46;
2;3;167;54;8.45;0.85;1.66;
2;3;169;54;8.36;0.78;1.66;
2;3;169;90;9.85;0.78;1.54;
2;3;169;91;8.87;0.78;1.27;
2;3;169;300;9.5;0.78;1.61;
2;3;318;51;9.92;1.08;3.2;
2;3;318;54;9.23;1.08;1.66;
2;3;318;300;9.79;1.08;1.61;
2;3;320;54;9.67;2.89;1.66;
2;3;320;56;5.97;2.89;1.09;
2;3;320;297;8.74;2.89;1.35;
2;3;320;299;7.79;2.89;1.45;
2;3;320;300;7.82;2.89;1.61;
2;3;321;43;8.17;3.16;1.72;
2;3;321;51;8.41;3.16;3.2;
2;3;321;53;9.93;3.16;1.46;
2;3;321;54;7.62;3.16;1.66;
2;3;321;56;6.24;3.16;1.09;
2;3;321;299;9.5;3.16;1.45;
2;3;321;300;7.84;3.16;1.61;
2;3;323;51;9.73;1.24;3.2;
