48;50;5.55;0.5;0.38;
48;51;5.27;0.5;0.5;
48;321;9.24;0.5;1.0;
48;323;9.7;0.5;0.23;
50;51;3.83;0.38;0.5;
50;54;7.91;0.38;0.28;
50;318;9.03;0.38;0.38;
50;321;7.13;0.38;1.0;
50;323;7.8;0.38;0.23;
51;54;6.63;0.5;0.28;
51;318;7.87;0.5;0.38;
51;320;7.83;0.5;0.83;
51;321;4.3;0.5;1.0;
51;323;5.99;0.5;0.23;
51;326;9.7;0.5;0.12;
54;56;6.88;0.28;0.06;
54;91;8.61;0.28;0.19;
54;299;8.01;0.28;0.09;
54;300;4.33;0.28;0.26;
54;318;8.25;0.28;0.38;
54;320;4.97;0.28;0.83;
54;321;3.54;0.28;1.0;
54;323;9.54;0.28;0.23;
56;299;5.22;0.06;0.09;
56;300;4.99;0.06;0.26;
56;320;5.84;0.06;0.83;
56;321;7.41;0.06;1.0;
74;76;7.04;0.17;0.11;
74;91;9.01;0.17;0.19;
74;94;8.82;0.17;0.14;
74;147;8.14;0.17;0.14;
74;174;4.39;0.17;0.11;
74;299;7.88;0.17;0.09;
74;300;9.04;0.17;0.26;
74;318;9.49;0.17;0.38;
74;320;9.23;0.17;0.83;
76;147;9.54;0.11;0.14;
76;160;9.97;0.11;0.11;
76;169;5.89;0.11;0.08;
76;318;5.18;0.11;0.38;
76;320;9.8;0.11;0.83;
76;323;9.23;0.11;0.23;
90;91;3.86;0.06;0.19;
90;94;6.15;0.06;0.14;
90;160;6.51;0.06;0.11;
90;169;9.3;0.06;0.08;
90;300;9.34;0.06;0.26;
91;94;4.8;0.19;0.14;
91;160;9.7;0.19;0.11;
91;299;6.97;0.19;0.09;
91;300;5.98;0.19;0.26;
94;174;9.51;0.14;0.11;
94;299;8.64;0.14;0.09;
94;300;9.6;0.14;0.26;
147;149;7.25;0.14;0.08;
147;174;7.01;0.14;0.11;
149;150;3.82;0.08;0.17;
149;152;8.74;0.08;0.12;
149;153;7.7;0.08;0.11;
150;152;6.58;0.17;0.12;
150;153;6.86;0.17;0.11;
152;153;3.84;0.12;0.11;
160;167;8.39;0.11;0.11;
160;169;5.29;0.11;0.08;
167;169;6.49;0.11;0.08;
169;318;9.12;0.08;0.38;
299;300;3.82;0.09;0.26;
299;320;6.26;0.09;0.83;
299;321;9.27;0.09;1.0;
300;318;9.65;0.26;0.38;
300;320;4.73;0.26;0.83;
300;321;6.43;0.26;1.0;
318;320;7.13;0.38;0.83;
318;321;7.09;0.38;1.0;
318;323;4.14;0.38;0.23;
318;326;8.14;0.38;0.12;
320;321;3.78;0.83;1.0;
320;323;8.27;0.83;0.23;
321;323;7.04;1.0;0.23;
323;326;5.33;0.23;0.12;
