48;50;5.21;0.96;1.36;
48;51;5.1;0.96;1.1;
48;321;9.58;0.96;1.49;
48;322;8.88;0.96;1.16;
48;323;9.97;0.96;0.43;
50;51;3.91;1.36;1.1;
50;54;8.24;1.36;0.46;
50;318;9.45;1.36;0.81;
50;321;7.06;1.36;1.49;
50;322;7.02;1.36;1.16;
50;323;7.12;1.36;0.43;
50;326;9.12;1.36;0.28;
51;54;7.31;1.1;0.46;
51;318;8.59;1.1;0.81;
51;320;8.18;1.1;1.49;
51;321;4.74;1.1;1.49;
51;322;4.01;1.1;1.16;
51;323;5.84;1.1;0.43;
51;326;9.18;1.1;0.28;
54;56;6.95;0.46;0.29;
54;91;8.31;0.46;0.67;
54;299;8.29;0.46;0.64;
54;300;4.54;0.46;1.33;
54;318;8.4;0.46;0.81;
54;320;5.29;0.46;1.49;
54;321;3.51;0.46;1.49;
54;322;7.1;0.46;1.16;
54;323;9.12;0.46;0.43;
56;297;7.68;0.29;0.24;
56;299;5.55;0.29;0.64;
56;300;4.99;0.29;1.33;
56;320;5.07;0.29;1.49;
56;321;7.25;0.29;1.49;
56;322;9.84;0.29;1.16;
74;76;7.15;0.32;0.26;
74;91;8.15;0.32;0.67;
74;94;7.39;0.32;0.44;
74;147;8.0;0.32;0.15;
74;174;4.48;0.32;0.1;
74;297;9.04;0.32;0.24;
74;299;6.49;0.32;0.64;
74;300;8.49;0.32;1.33;
74;318;9.66;0.32;0.81;
74;320;9.44;0.32;1.49;
76;90;8.94;0.26;0.71;
76;91;8.59;0.26;0.67;
76;147;9.5;0.26;0.15;
76;158;9.77;0.26;0.11;
76;169;5.91;0.26;0.09;
76;300;9.49;0.26;1.33;
76;318;5.31;0.26;0.81;
76;320;9.95;0.26;1.49;
76;323;9.25;0.26;0.43;
89;90;3.85;0.17;0.71;
89;91;5.38;0.17;0.67;
89;94;8.38;0.17;0.44;
89;160;7.48;0.17;0.33;
89;300;9.76;0.17;1.33;
90;91;3.85;0.71;0.67;
90;94;5.96;0.71;0.44;
90;158;8.09;0.71;0.11;
90;160;5.43;0.71;0.33;
90;169;7.29;0.71;0.09;
90;300;9.25;0.71;1.33;
91;94;4.92;0.67;0.44;
91;97;9.78;0.67;0.27;
91;160;9.09;0.67;0.33;
91;169;9.37;0.67;0.09;
91;299;6.66;0.67;0.64;
91;300;5.84;0.67;1.33;
91;320;9.51;0.67;1.49;
94;97;5.19;0.44;0.27;
94;147;8.32;0.44;0.15;
94;148;9.88;0.44;0.07;
94;158;7.98;0.44;0.11;
94;174;8.79;0.44;0.1;
94;299;8.44;0.44;0.64;
94;300;9.62;0.44;1.33;
97;99;6.82;0.27;0.32;
97;114;9.37;0.27;0.08;
97;147;9.91;0.27;0.15;
97;149;9.44;0.27;0.2;
97;153;9.96;0.27;0.84;
97;154;6.38;0.27;0.39;
99;147;9.34;0.32;0.15;
99;148;9.05;0.32;0.07;
99;149;8.44;0.32;0.2;
99;150;9.74;0.32;0.68;
99;151;9.05;0.32;0.48;
99;152;8.75;0.32;1.39;
99;153;5.33;0.32;0.84;
99;154;4.2;0.32;0.39;
99;174;9.7;0.32;0.1;
114;297;6.4;0.08;0.24;
114;299;9.91;0.08;0.64;
147;148;3.83;0.15;0.07;
147;149;7.2;0.15;0.2;
147;158;5.68;0.15;0.11;
147;174;6.9;0.15;0.1;
148;149;3.79;0.07;0.2;
148;150;6.47;0.07;0.68;
148;151;9.98;0.07;0.48;
148;153;8.09;0.07;0.84;
148;154;8.34;0.07;0.39;
148;158;4.89;0.07;0.11;
149;150;3.81;0.2;0.68;
149;151;6.87;0.2;0.48;
149;152;7.42;0.2;1.39;
149;153;5.99;0.2;0.84;
149;154;6.06;0.2;0.39;
149;158;6.23;0.2;0.11;
150;151;6.28;0.68;0.48;
150;152;5.19;0.68;1.39;
150;153;5.26;0.68;0.84;
150;154;7.29;0.68;0.39;
150;158;9.67;0.68;0.11;
151;152;3.92;0.48;1.39;
151;153;5.56;0.48;0.84;
151;154;5.07;0.48;0.39;
152;153;3.77;1.39;0.84;
152;154;6.06;1.39;0.39;
153;154;3.86;0.84;0.39;
158;160;7.26;0.11;0.33;
158;169;8.53;0.11;0.09;
160;167;8.39;0.33;0.23;
160;169;5.26;0.33;0.09;
167;169;6.49;0.23;0.09;
169;318;9.27;0.09;0.81;
174;299;9.88;0.1;0.64;
297;299;5.21;0.24;0.64;
297;300;8.71;0.24;1.33;
297;320;9.9;0.24;1.49;
299;300;3.79;0.64;1.33;
299;320;5.82;0.64;1.49;
299;321;9.05;0.64;1.49;
300;318;8.65;1.33;0.81;
300;320;4.05;1.33;1.49;
300;321;5.93;1.33;1.49;
300;322;8.76;1.33;1.16;
318;320;7.11;0.81;1.49;
318;321;6.86;0.81;1.49;
318;322;5.75;0.81;1.16;
318;323;4.01;0.81;0.43;
318;326;7.97;0.81;0.28;
320;321;3.85;1.49;1.49;
320;322;5.48;1.49;1.16;
320;323;8.06;1.49;0.43;
321;322;3.73;1.49;1.16;
321;323;6.47;1.49;0.43;
322;323;3.66;1.16;0.43;
322;326;8.44;1.16;0.28;
323;326;5.21;0.43;0.28;
