1;2;74;91;9.43;0.87;0.92;
1;2;74;94;9.06;0.87;0.95;
1;2;74;299;7.41;0.87;1.14;
1;2;74;300;9.08;0.87;1.1;
1;2;76;54;9.92;0.7;1.1;
1;2;76;300;9.84;0.7;1.1;
1;2;147;94;9.91;0.76;0.95;
1;2;150;152;7.18;1.38;2.16;
1;2;150;153;6.7;1.38;1.78;
1;2;151;152;6.7;1.72;2.16;
1;2;151;153;8.15;1.72;1.78;
1;2;152;152;7.14;2.16;2.16;
1;2;152;153;9.68;2.16;1.78;
1;2;160;90;6.96;0.84;1.06;
1;2;160;91;9.57;0.84;0.92;
1;2;163;50;7.3;1.01;2.17;
1;2;167;50;9.09;0.72;2.17;
1;2;174;94;9.59;0.92;0.95;
1;2;318;50;9.83;0.96;2.17;
1;2;318;51;7.83;0.96;2.12;
1;2;318;54;8.17;0.96;1.1;
1;2;318;300;9.41;0.96;1.1;
1;2;320;51;8.34;1.63;2.12;
1;2;320;54;5.46;1.63;1.1;
1;2;320;56;5.12;1.63;1.06;
1;2;320;299;5.93;1.63;1.14;
1;2;320;300;4.86;1.63;1.1;
1;2;321;50;8.18;1.81;2.17;
1;2;321;51;4.72;1.81;2.12;
1;2;321;54;4.48;1.81;1.1;
1;2;321;56;7.0;1.81;1.06;
1;2;321;299;9.26;1.81;1.14;
1;2;321;300;6.82;1.81;1.1;
1;2;323;50;9.75;1.08;2.17;
1;2;323;51;7.03;1.08;2.12;
1;2;323;54;9.89;1.08;1.1;
2;3;74;297;9.41;0.87;1.12;
2;3;74;299;7.31;0.87;1.14;
2;3;74;300;9.15;0.87;1.1;
2;3;76;54;9.56;0.7;1.1;
2;3;76;300;9.7;0.7;1.1;
2;3;147;94;9.93;0.76;0.95;
2;3;150;151;9.02;1.38;1.72;
2;3;150;152;8.15;1.38;2.16;
2;3;150;153;6.28;1.38;1.78;
2;3;150;154;7.53;1.38;1.31;
2;3;151;151;6.89;1.72;1.72;
2;3;151;152;6.43;1.72;2.16;
2;3;151;153;6.52;1.72;1.78;
2;3;151;154;7.81;1.72;1.31;
2;3;152;151;7.38;2.16;1.72;
2;3;152;152;5.59;2.16;2.16;
2;3;152;153;7.44;2.16;1.78;
2;3;152;154;9.82;2.16;1.31;
2;3;158;90;8.32;0.82;1.06;
2;3;158;91;9.18;0.82;0.92;
2;3;158;94;8.59;0.82;0.95;
2;3;160;90;6.58;0.84;1.06;
2;3;160;91;8.48;0.84;0.92;
2;3;162;50;7.64;1.12;2.17;
2;3;162;54;9.53;1.12;1.1;
2;3;163;50;5.84;1.01;2.17;
2;3;163;51;9.45;1.01;2.12;
2;3;167;50;7.95;0.72;2.17;
2;3;169;54;9.92;0.73;1.1;
2;3;318;50;9.95;0.96;2.17;
2;3;318;51;7.67;0.96;2.12;
2;3;318;54;8.55;0.96;1.1;
2;3;320;51;8.3;1.63;2.12;
2;3;320;54;6.42;1.63;1.1;
2;3;320;56;5.45;1.63;1.06;
2;3;320;299;7.14;1.63;1.14;
2;3;320;300;6.29;1.63;1.1;
2;3;321;43;7.83;1.81;2.88;
2;3;321;48;9.33;1.81;2.44;
2;3;321;50;8.6;1.81;2.17;
2;3;321;51;4.92;1.81;2.12;
2;3;321;54;5.72;1.81;1.1;
2;3;321;56;7.44;1.81;1.06;
2;3;321;300;8.0;1.81;1.1;
2;3;323;51;7.72;1.08;2.12;
