1;2;74;91;9.88;1.27;1.3;
1;2;74;94;9.38;1.27;1.33;
1;2;74;299;8.81;1.27;1.35;
1;2;76;91;9.9;0.76;1.3;
1;2;147;94;9.05;0.9;1.33;
1;2;148;94;9.64;0.94;1.33;
1;2;148;153;8.63;0.94;2.13;
1;2;148;154;8.56;0.94;1.64;
1;2;149;94;9.55;1.4;1.33;
1;2;149;97;8.53;1.4;1.0;
1;2;149;151;7.16;1.4;2.55;
1;2;149;152;8.1;1.4;2.51;
1;2;149;153;6.24;1.4;2.13;
1;2;149;154;5.6;1.4;1.64;
1;2;150;151;5.68;1.85;2.55;
1;2;150;152;5.19;1.85;2.51;
1;2;150;153;4.78;1.85;2.13;
1;2;150;154;6.15;1.85;1.64;
1;2;151;151;4.86;2.55;2.55;
1;2;151;152;5.45;2.55;2.51;
1;2;151;153;7.19;2.55;2.13;
1;2;151;154;7.84;2.55;1.64;
1;2;152;151;5.88;2.51;2.55;
1;2;152;152;4.74;2.51;2.51;
1;2;152;153;8.12;2.51;2.13;
1;2;152;154;9.74;2.51;1.64;
1;2;158;90;7.29;1.03;1.56;
1;2;158;91;9.39;1.03;1.3;
1;2;158;94;7.61;1.03;1.33;
1;2;160;88;8.09;1.06;1.14;
1;2;160;89;6.42;1.06;1.23;
1;2;160;90;4.76;1.06;1.56;
1;2;160;91;7.87;1.06;1.3;
1;2;160;94;9.94;1.06;1.33;
1;2;163;50;9.58;1.35;3.11;
1;2;163;53;8.73;1.35;1.48;
1;2;163;88;9.62;1.35;1.14;
1;2;169;90;8.1;0.7;1.56;
1;2;169;91;9.57;0.7;1.3;
1;2;318;50;9.59;1.05;3.11;
1;2;318;51;9.59;1.05;2.87;
1;2;318;54;9.23;1.05;1.39;
1;2;320;51;7.55;2.53;2.87;
1;2;320;53;9.39;2.53;1.48;
1;2;320;54;6.11;2.53;1.39;
1;2;320;299;7.16;2.53;1.35;
1;2;320;300;5.95;2.53;1.46;
1;2;321;50;6.22;2.65;3.11;
1;2;321;51;4.11;2.65;2.87;
1;2;321;53;6.51;2.65;1.48;
1;2;321;54;4.54;2.65;1.39;
1;2;321;299;9.7;2.65;1.35;
1;2;321;300;7.0;2.65;1.46;
1;2;323;50;8.52;1.18;3.11;
1;2;323;51;8.44;1.18;2.87;
2;3;74;94;9.91;1.27;1.33;
2;3;76;90;9.78;0.76;1.56;
2;3;147;94;9.85;0.9;1.33;
2;3;148;153;8.85;0.94;2.13;
2;3;148;154;8.92;0.94;1.64;
2;3;149;94;9.95;1.4;1.33;
2;3;149;97;8.91;1.4;1.0;
2;3;149;151;6.62;1.4;2.55;
2;3;149;152;7.86;1.4;2.51;
2;3;149;153;6.48;1.4;2.13;
2;3;149;154;5.93;1.4;1.64;
2;3;150;151;5.3;1.85;2.55;
2;3;150;152;4.96;1.85;2.51;
2;3;150;153;5.04;1.85;2.13;
2;3;150;154;6.44;1.85;1.64;
2;3;151;151;3.71;2.55;2.55;
2;3;151;152;4.4;2.55;2.51;
2;3;151;153;6.8;2.55;2.13;
2;3;151;154;7.56;2.55;1.64;
2;3;152;151;6.01;2.51;2.55;
2;3;152;152;4.96;2.51;2.51;
2;3;152;153;8.64;2.51;2.13;
2;3;158;90;7.63;1.03;1.56;
2;3;158;93;8.79;1.03;0.96;
2;3;158;94;8.48;1.03;1.33;
2;3;160;89;6.37;1.06;1.23;
2;3;160;90;4.99;1.06;1.56;
2;3;160;91;8.7;1.06;1.3;
2;3;160;93;8.96;1.06;0.96;
2;3;169;90;7.93;0.7;1.56;
2;3;320;50;8.88;2.53;3.11;
2;3;320;51;7.27;2.53;2.87;
2;3;320;54;6.25;2.53;1.39;
2;3;320;300;7.28;2.53;1.46;
2;3;321;50;5.15;2.65;3.11;
2;3;321;51;4.75;2.65;2.87;
2;3;321;54;5.39;2.65;1.39;
2;3;321;300;8.51;2.65;1.46;
1;3;50;318;9.82;3.11;1.05;
1;3;50;320;9.16;3.11;2.53;
1;3;50;321;5.43;3.11;2.65;
1;3;51;320;7.09;2.87;2.53;
1;3;51;321;4.42;2.87;2.65;
1;3;54;318;9.78;1.39;1.05;
1;3;54;320;5.54;1.39;2.53;
1;3;54;321;4.52;1.39;2.65;
1;3;89;160;6.71;1.23;1.06;
1;3;90;76;9.34;1.56;0.76;
1;3;90;158;7.73;1.56;1.03;
1;3;90;160;5.24;1.56;1.06;
1;3;90;169;7.76;1.56;0.7;
1;3;91;74;9.28;1.3;1.27;
1;3;91;76;9.94;1.3;0.76;
1;3;91;160;8.98;1.3;1.06;
1;3;93;158;8.84;0.96;1.03;
1;3;93;160;9.2;0.96;1.06;
1;3;94;74;8.92;1.33;1.27;
1;3;94;147;9.29;1.33;0.9;
1;3;94;158;8.49;1.33;1.03;
1;3;97;149;9.1;1.0;1.4;
1;3;151;148;9.52;2.55;0.94;
1;3;151;149;5.87;2.55;1.4;
1;3;151;150;5.27;2.55;1.85;
1;3;151;151;4.56;2.55;2.55;
1;3;151;152;7.12;2.55;2.51;
1;3;152;149;7.49;2.51;1.4;
1;3;152;150;4.88;2.51;1.85;
1;3;152;151;4.73;2.51;2.55;
1;3;152;152;5.35;2.51;2.51;
1;3;153;148;8.5;2.13;0.94;
1;3;153;149;6.33;2.13;1.4;
1;3;153;150;5.22;2.13;1.85;
1;3;153;151;7.24;2.13;2.55;
1;3;153;152;8.95;2.13;2.51;
1;3;154;148;8.57;1.64;0.94;
1;3;154;149;5.92;1.64;1.4;
1;3;154;150;6.8;1.64;1.85;
1;3;154;151;8.1;1.64;2.55;
1;3;299;74;9.4;1.35;1.27;
1;3;299;320;7.73;1.35;2.53;
1;3;300;320;5.89;1.46;2.53;
1;3;300;321;7.38;1.46;2.65;
