50;51;3.89;0.24;0.26;
50;54;8.2;0.24;0.65;
50;318;9.64;0.24;0.38;
50;320;9.36;0.24;1.35;
50;321;5.72;0.24;1.22;
50;322;5.46;0.24;0.77;
50;323;6.83;0.24;0.27;
51;54;6.85;0.26;0.65;
51;320;7.2;0.26;1.35;
51;321;4.34;0.26;1.22;
51;322;4.43;0.26;0.77;
51;323;7.54;0.26;0.27;
54;91;8.35;0.65;0.39;
54;299;7.81;0.65;0.25;
54;300;4.08;0.65;0.31;
54;318;8.82;0.65;0.38;
54;320;4.35;0.65;1.35;
54;321;3.28;0.65;1.22;
54;322;6.85;0.65;0.77;
54;323;9.35;0.65;0.27;
74;76;7.09;0.1;0.16;
74;90;9.35;0.1;0.23;
74;91;7.66;0.1;0.39;
74;94;6.99;0.1;0.19;
74;147;8.21;0.1;0.09;
74;174;4.45;0.1;0.09;
74;299;8.88;0.1;0.25;
74;300;9.55;0.1;0.31;
74;318;9.34;0.1;0.38;
74;320;9.46;0.1;1.35;
76;90;8.04;0.16;0.23;
76;91;8.79;0.16;0.39;
76;147;9.42;0.16;0.09;
76;158;9.68;0.16;0.09;
76;160;9.81;0.16;0.15;
76;169;5.77;0.16;0.12;
76;318;5.09;0.16;0.38;
76;320;9.98;0.16;1.35;
76;323;9.16;0.16;0.27;
89;90;3.8;0.09;0.23;
89;91;5.42;0.09;0.39;
89;93;6.03;0.09;0.16;
89;94;8.54;0.09;0.19;
89;160;7.32;0.09;0.15;
89;169;9.56;0.09;0.12;
89;300;9.62;0.09;0.31;
90;91;3.88;0.23;0.39;
90;93;5.05;0.23;0.16;
90;94;6.3;0.23;0.19;
90;158;8.22;0.23;0.09;
90;160;6.16;0.23;0.15;
90;169;7.3;0.23;0.12;
90;300;9.32;0.23;0.31;
91;93;5.25;0.39;0.16;
91;94;4.81;0.39;0.19;
91;97;9.69;0.39;0.14;
91;299;7.07;0.39;0.25;
91;300;6.0;0.39;0.31;
91;320;8.81;0.39;1.35;
93;94;3.84;0.16;0.19;
93;97;5.97;0.16;0.14;
93;158;9.16;0.16;0.09;
93;160;9.6;0.16;0.15;
94;97;5.2;0.19;0.14;
94;147;9.16;0.19;0.09;
94;158;9.48;0.19;0.09;
94;174;8.14;0.19;0.09;
94;299;8.76;0.19;0.25;
94;300;9.63;0.19;0.31;
97;154;6.57;0.14;0.17;
147;148;3.82;0.09;0.11;
147;149;7.23;0.09;0.12;
147;154;9.81;0.09;0.17;
147;158;5.56;0.09;0.09;
147;174;7.0;0.09;0.09;
148;149;3.8;0.11;0.12;
148;150;6.64;0.11;0.24;
148;151;9.23;0.11;0.19;
148;152;9.98;0.11;0.42;
148;153;8.35;0.11;0.18;
148;154;8.46;0.11;0.17;
148;158;4.84;0.11;0.09;
149;150;3.82;0.12;0.24;
149;151;5.81;0.12;0.19;
149;152;7.43;0.12;0.42;
149;153;6.94;0.12;0.18;
149;154;6.67;0.12;0.17;
149;158;6.32;0.12;0.09;
150;151;4.91;0.24;0.19;
150;152;5.2;0.24;0.42;
150;153;6.56;0.24;0.18;
150;154;7.83;0.24;0.17;
150;158;9.83;0.24;0.09;
151;152;3.89;0.19;0.42;
151;153;5.44;0.19;0.18;
151;154;5.02;0.19;0.17;
152;153;3.84;0.42;0.18;
152;154;6.16;0.42;0.17;
153;154;3.89;0.18;0.17;
158;160;7.19;0.09;0.15;
158;169;8.54;0.09;0.12;
160;167;8.34;0.15;0.14;
160;169;5.22;0.15;0.12;
167;169;6.42;0.14;0.12;
169;318;8.87;0.12;0.38;
299;300;3.84;0.25;0.31;
299;320;6.66;0.25;1.35;
299;321;9.73;0.25;1.22;
300;318;9.88;0.31;0.38;
300;320;4.39;0.31;1.35;
300;321;6.43;0.31;1.22;
300;322;9.22;0.31;0.77;
318;320;7.03;0.38;1.35;
318;321;7.09;0.38;1.22;
318;322;5.94;0.38;0.77;
318;323;4.14;0.38;0.27;
320;321;3.85;1.35;1.22;
320;322;5.26;1.35;0.77;
320;323;7.76;1.35;0.27;
321;322;3.65;1.22;0.77;
321;323;6.47;1.22;0.27;
322;323;3.63;0.77;0.27;
