50;51;3.87;0.13;0.17;
50;53;5.12;0.13;0.16;
50;54;7.21;0.13;0.41;
50;163;9.58;0.13;0.04;
50;318;9.59;0.13;0.04;
50;321;6.22;0.13;0.23;
50;323;8.52;0.13;0.04;
51;53;5.38;0.17;0.16;
51;54;5.88;0.17;0.41;
51;300;9.57;0.17;0.05;
51;318;9.59;0.17;0.04;
51;320;7.55;0.17;0.27;
51;321;4.11;0.17;0.23;
51;323;8.44;0.17;0.04;
53;54;3.86;0.16;0.41;
53;88;8.15;0.16;0.07;
53;163;8.73;0.16;0.04;
53;300;7.86;0.16;0.05;
53;320;9.39;0.16;0.27;
53;321;6.51;0.16;0.23;
54;88;7.47;0.41;0.07;
54;91;8.76;0.41;0.11;
54;299;7.94;0.41;0.11;
54;300;4.23;0.41;0.05;
54;318;9.23;0.41;0.04;
54;320;6.11;0.41;0.27;
54;321;4.54;0.41;0.23;
74;76;7.02;0.08;0.02;
74;91;9.88;0.08;0.11;
74;94;9.38;0.08;0.11;
74;147;7.8;0.08;0.04;
74;299;8.81;0.08;0.11;
74;318;9.52;0.08;0.04;
74;320;9.23;0.08;0.27;
76;91;9.9;0.02;0.11;
76;147;9.35;0.02;0.04;
76;158;9.65;0.02;0.04;
76;160;9.65;0.02;0.24;
76;169;5.77;0.02;0.09;
76;318;5.09;0.02;0.04;
76;320;9.49;0.02;0.27;
76;323;9.28;0.02;0.04;
88;89;3.79;0.07;0.09;
88;90;6.0;0.07;0.1;
88;91;5.53;0.07;0.11;
88;160;8.09;0.07;0.24;
88;163;9.62;0.07;0.04;
88;299;9.87;0.07;0.11;
88;300;7.27;0.07;0.05;
89;90;3.83;0.09;0.1;
89;91;5.51;0.09;0.11;
89;94;8.54;0.09;0.11;
89;160;6.42;0.09;0.24;
89;300;9.92;0.09;0.05;
90;91;3.83;0.1;0.11;
90;94;5.81;0.1;0.11;
90;97;10.0;0.1;0.06;
90;158;7.29;0.1;0.04;
90;160;4.76;0.1;0.24;
90;169;8.1;0.1;0.09;
90;300;9.55;0.1;0.05;
91;94;4.91;0.11;0.11;
91;97;9.75;0.11;0.06;
91;158;9.39;0.11;0.04;
91;160;7.87;0.11;0.24;
91;169;9.57;0.11;0.09;
91;299;6.71;0.11;0.11;
91;300;6.12;0.11;0.05;
94;97;5.15;0.11;0.06;
94;147;9.05;0.11;0.04;
94;148;9.64;0.11;0.05;
94;149;9.55;0.11;0.09;
94;158;7.61;0.11;0.04;
94;160;9.94;0.11;0.24;
94;299;8.67;0.11;0.11;
94;300;9.98;0.11;0.05;
97;149;8.53;0.06;0.09;
97;151;9.88;0.06;0.7;
97;154;6.41;0.06;0.08;
147;148;3.81;0.04;0.05;
147;149;7.21;0.04;0.09;
147;158;5.67;0.04;0.04;
148;149;3.8;0.05;0.09;
148;150;6.49;0.05;0.33;
148;151;9.56;0.05;0.7;
148;153;8.63;0.05;0.13;
148;154;8.56;0.05;0.08;
148;158;4.9;0.05;0.04;
149;150;3.83;0.09;0.33;
149;151;7.16;0.09;0.7;
149;152;8.1;0.09;0.26;
149;153;6.24;0.09;0.13;
149;154;5.6;0.09;0.08;
149;158;6.34;0.09;0.04;
150;151;5.68;0.33;0.7;
150;152;5.19;0.33;0.26;
150;153;4.78;0.33;0.13;
150;154;6.15;0.33;0.08;
150;158;9.79;0.33;0.04;
151;152;3.88;0.7;0.26;
151;153;5.31;0.7;0.13;
151;154;4.65;0.7;0.08;
152;153;3.83;0.26;0.13;
152;154;6.07;0.26;0.08;
153;154;3.84;0.13;0.08;
158;160;7.34;0.04;0.24;
158;169;8.49;0.04;0.09;
160;167;8.1;0.24;0.05;
160;169;4.99;0.24;0.09;
163;167;5.71;0.04;0.05;
167;169;6.48;0.05;0.09;
169;318;8.77;0.09;0.04;
299;300;3.82;0.11;0.05;
299;320;7.16;0.11;0.27;
299;321;9.7;0.11;0.23;
300;320;5.95;0.05;0.27;
300;321;7.0;0.05;0.23;
318;320;6.9;0.04;0.27;
318;321;6.34;0.04;0.23;
318;323;4.28;0.04;0.04;
320;321;3.84;0.27;0.23;
320;323;8.21;0.27;0.04;
321;323;6.62;0.23;0.04;
