1;2;74;90;9.35;1.15;1.32;
1;2;74;91;7.66;1.15;1.17;
1;2;74;94;6.99;1.15;1.15;
1;2;74;299;8.88;1.15;1.36;
1;2;74;300;9.55;1.15;1.49;
1;2;76;90;8.04;0.77;1.32;
1;2;76;91;8.79;0.77;1.17;
1;2;147;94;9.16;0.8;1.15;
1;2;147;154;9.81;0.8;1.5;
1;2;148;151;9.23;0.88;1.89;
1;2;148;152;9.98;0.88;2.36;
1;2;148;153;8.35;0.88;2.08;
1;2;148;154;8.46;0.88;1.5;
1;2;149;151;5.81;1.24;1.89;
1;2;149;152;7.43;1.24;2.36;
1;2;149;153;6.94;1.24;2.08;
1;2;149;154;6.67;1.24;1.5;
1;2;150;151;4.91;1.44;1.89;
1;2;150;152;5.2;1.44;2.36;
1;2;150;153;6.56;1.44;2.08;
1;2;150;154;7.83;1.44;1.5;
1;2;151;151;5.29;1.89;1.89;
1;2;151;152;6.29;1.89;2.36;
1;2;151;153;9.09;1.89;2.08;
1;2;151;154;9.9;1.89;1.5;
1;2;158;90;8.22;0.85;1.32;
1;2;158;93;9.16;0.85;0.85;
1;2;158;94;9.48;0.85;1.15;
1;2;160;89;7.32;0.91;1.05;
1;2;160;90;6.16;0.91;1.32;
1;2;160;93;9.6;0.91;0.85;
1;2;169;89;9.56;0.78;1.05;
1;2;169;90;7.3;0.78;1.32;
1;2;174;94;8.14;1.07;1.15;
1;2;318;50;9.64;1.1;3.83;
1;2;318;54;8.82;1.1;1.54;
1;2;318;300;9.88;1.1;1.49;
1;2;320;50;9.36;2.04;3.83;
1;2;320;51;7.2;2.04;3.25;
1;2;320;54;4.35;2.04;1.54;
1;2;320;91;8.81;2.04;1.17;
1;2;320;299;6.66;2.04;1.36;
1;2;320;300;4.39;2.04;1.49;
1;2;321;50;5.72;2.13;3.83;
1;2;321;51;4.34;2.13;3.25;
1;2;321;54;3.28;2.13;1.54;
1;2;321;299;9.73;2.13;1.36;
1;2;321;300;6.43;2.13;1.49;
1;2;322;50;5.46;1.57;3.83;
1;2;322;51;4.43;1.57;3.25;
1;2;322;54;6.85;1.57;1.54;
1;2;322;300;9.22;1.57;1.49;
1;2;323;50;6.83;1.33;3.83;
1;2;323;51;7.54;1.33;3.25;
1;2;323;54;9.35;1.33;1.54;
2;3;74;91;9.07;1.15;1.17;
2;3;74;94;8.23;1.15;1.15;
2;3;74;299;9.37;1.15;1.36;
2;3;76;90;9.21;0.77;1.32;
2;3;76;91;9.65;0.77;1.17;
2;3;147;94;9.42;0.8;1.15;
2;3;148;151;9.82;0.88;1.89;
2;3;148;153;8.45;0.88;2.08;
2;3;148;154;8.61;0.88;1.5;
2;3;149;97;9.83;1.24;0.91;
2;3;149;151;6.31;1.24;1.89;
2;3;149;152;7.69;1.24;2.36;
2;3;149;153;6.79;1.24;2.08;
2;3;149;154;6.47;1.24;1.5;
2;3;150;151;5.05;1.44;1.89;
2;3;150;152;5.26;1.44;2.36;
2;3;150;153;6.22;1.44;2.08;
2;3;150;154;7.43;1.44;1.5;
2;3;151;151;4.97;1.89;1.89;
2;3;151;152;6.09;1.89;2.36;
2;3;151;153;8.64;1.89;2.08;
2;3;151;154;9.31;1.89;1.5;
2;3;158;90;7.93;0.85;1.32;
2;3;158;93;9.14;0.85;0.85;
2;3;158;94;9.01;0.85;1.15;
2;3;160;88;9.04;0.91;1.11;
2;3;160;89;6.89;0.91;1.05;
2;3;160;90;5.48;0.91;1.32;
2;3;160;91;9.18;0.91;1.17;
2;3;160;93;9.41;0.91;0.85;
2;3;169;90;7.71;0.78;1.32;
2;3;318;54;9.39;1.1;1.54;
2;3;320;51;7.81;2.04;3.25;
2;3;320;53;9.11;2.04;1.61;
2;3;320;54;5.89;2.04;1.54;
2;3;320;91;9.79;2.04;1.17;
2;3;320;299;6.7;2.04;1.36;
2;3;320;300;5.42;2.04;1.49;
2;3;321;50;6.53;2.13;3.83;
2;3;321;51;4.57;2.13;3.25;
2;3;321;53;5.92;2.13;1.61;
2;3;321;54;4.07;2.13;1.54;
2;3;321;299;9.34;2.13;1.36;
2;3;321;300;6.49;2.13;1.49;
2;3;323;50;8.41;1.33;3.83;
2;3;323;51;8.32;1.33;3.25;
1;3;50;320;9.15;3.83;2.04;
1;3;50;321;5.73;3.83;2.13;
1;3;54;320;6.62;1.54;2.04;
1;3;54;321;6.08;1.54;2.13;
1;3;89;160;7.23;1.05;0.91;
1;3;90;76;9.8;1.32;0.77;
1;3;90;160;6.47;1.32;0.91;
1;3;90;169;8.71;1.32;0.78;
1;3;91;320;9.74;1.17;2.04;
1;3;151;148;9.88;1.89;0.88;
1;3;151;149;6.34;1.89;1.24;
1;3;151;150;5.15;1.89;1.44;
1;3;151;151;5.1;1.89;1.89;
1;3;152;149;7.74;2.36;1.24;
1;3;152;150;5.56;2.36;1.44;
1;3;152;151;6.52;2.36;1.89;
1;3;153;148;9.7;2.08;0.88;
1;3;153;149;7.79;2.08;1.24;
1;3;153;150;7.41;2.08;1.44;
1;3;153;151;9.43;2.08;1.89;
1;3;300;320;7.74;1.49;2.04;
1;3;300;321;9.09;1.49;2.13;
