1;2;50;80;9.5;1.46;0.59;
1;2;50;162;9.1;1.46;0.74;
1;2;50;163;5.67;1.46;0.79;
1;2;50;164;8.48;1.46;0.77;
1;2;50;167;8.74;1.46;0.6;
1;2;51;80;9.89;1.17;0.59;
1;2;51;162;8.95;1.17;0.74;
1;2;51;163;6.85;1.17;0.79;
1;2;51;167;8.94;1.17;0.6;
1;2;51;321;7.75;1.17;1.51;
1;2;51;322;8.93;1.17;1.3;
1;2;51;323;9.9;1.17;1.07;
1;2;53;162;6.33;0.95;0.74;
1;2;53;163;4.85;0.95;0.79;
1;2;53;164;7.65;0.95;0.77;
1;2;53;167;9.31;0.95;0.6;
1;2;53;321;9.7;0.95;1.51;
1;2;54;160;9.96;1.02;0.64;
1;2;54;162;6.47;1.02;0.74;
1;2;54;163;7.04;1.02;0.79;
1;2;54;167;9.38;1.02;0.6;
1;2;54;169;9.66;1.02;0.57;
1;2;54;320;9.31;1.02;1.37;
1;2;54;321;7.19;1.02;1.51;
1;2;90;89;8.73;0.87;0.68;
1;2;90;159;8.14;0.87;0.61;
1;2;90;160;5.39;0.87;0.64;
1;2;90;162;7.93;0.87;0.74;
1;2;91;158;9.68;0.81;0.6;
1;2;91;159;7.98;0.81;0.61;
1;2;91;160;5.68;0.81;0.64;
1;2;91;162;8.25;0.81;0.74;
1;2;91;169;9.64;0.81;0.57;
1;2;94;149;9.74;0.79;0.76;
1;2;94;158;7.91;0.79;0.6;
1;2;94;159;8.31;0.79;0.61;
1;2;94;160;8.12;0.79;0.64;
1;2;99;149;5.5;1.0;0.76;
1;2;99;150;6.83;1.0;0.91;
1;2;99;151;8.77;1.0;1.18;
1;2;99;158;9.86;1.0;0.6;
1;2;100;149;5.96;1.18;0.76;
1;2;100;150;4.95;1.18;0.91;
1;2;100;151;6.64;1.18;1.18;
1;2;100;152;8.87;1.18;1.51;
1;2;152;150;8.21;1.51;0.91;
1;2;152;151;4.91;1.51;1.18;
1;2;152;152;4.33;1.51;1.51;
1;2;153;149;8.34;1.07;0.76;
1;2;153;150;6.03;1.07;0.91;
1;2;153;151;4.46;1.07;1.18;
1;2;153;152;5.52;1.07;1.51;
1;2;154;149;7.97;0.9;0.76;
1;2;154;150;7.35;0.9;0.91;
1;2;154;151;6.44;0.9;1.18;
1;2;154;152;8.75;0.9;1.51;
1;2;299;74;9.28;0.91;0.73;
1;2;299;320;8.2;0.91;1.37;
1;2;299;321;9.77;0.91;1.51;
1;2;300;160;8.97;0.94;0.64;
1;2;300;162;8.51;0.94;0.74;
1;2;300;169;9.6;0.94;0.57;
1;2;300;320;8.3;0.94;1.37;
1;2;300;321;8.17;0.94;1.51;
1;2;387;320;4.86;0.78;1.37;
1;2;387;321;5.83;0.78;1.51;
1;2;387;322;6.98;0.78;1.3;
1;2;388;320;5.71;0.76;1.37;
1;2;388;321;4.33;0.76;1.51;
1;2;388;322;4.15;0.76;1.3;
1;2;388;323;7.74;0.76;1.07;
1;2;388;324;9.71;0.76;0.83;
1;2;389;320;7.31;0.91;1.37;
1;2;389;321;6.4;0.91;1.51;
1;2;389;322;3.46;0.91;1.3;
1;2;389;323;5.56;0.91;1.07;
1;2;389;324;6.77;0.91;0.83;
1;2;389;326;9.73;0.91;0.87;
1;2;391;322;8.45;0.96;1.3;
1;2;391;323;7.56;0.96;1.07;
1;2;391;324;7.49;0.96;0.83;
1;2;391;326;7.7;0.96;0.87;
1;2;393;19;8.42;0.93;7.46;
1;2;393;20;8.93;0.93;5.89;
1;2;394;19;9.02;0.87;7.46;
1;2;394;326;9.76;0.87;0.87;
1;2;439;19;9.72;1.29;7.46;
1;2;439;20;8.07;1.29;5.89;
1;2;439;22;8.01;1.29;1.24;
1;2;439;324;10.0;1.29;0.83;
1;2;441;322;8.7;0.95;1.3;
1;2;441;323;8.05;0.95;1.07;
1;2;441;324;6.1;0.95;0.83;
1;2;441;326;9.79;0.95;0.87;
1;2;443;320;7.88;0.87;1.37;
1;2;443;321;8.87;0.87;1.51;
1;2;443;322;6.99;0.87;1.3;
1;2;443;323;8.94;0.87;1.07;
1;2;443;324;8.52;0.87;0.83;
1;2;496;323;9.16;1.33;1.07;
1;2;496;326;7.49;1.33;0.87;
1;2;496;327;7.12;1.33;0.75;
1;2;497;321;8.9;1.03;1.51;
1;2;497;322;7.51;1.03;1.3;
1;2;497;323;7.77;1.03;1.07;
1;2;497;326;8.44;1.03;0.87;
1;2;497;327;9.18;1.03;0.75;
