19;20;3.98;1.0;0.79;
19;22;8.94;1.0;0.67;
19;393;8.42;1.0;0.38;
19;394;9.02;1.0;0.32;
19;439;9.72;1.0;0.52;
20;22;6.2;0.79;0.67;
20;393;8.93;0.79;0.38;
20;439;8.07;0.79;0.52;
22;324;8.58;0.67;0.67;
22;326;6.73;0.67;0.64;
22;327;8.59;0.67;0.55;
22;439;8.01;0.67;0.52;
50;51;3.79;0.39;0.15;
50;53;6.05;0.39;0.27;
50;54;8.58;0.39;0.17;
50;80;9.5;0.39;0.39;
50;162;9.1;0.39;0.34;
50;163;5.67;0.39;0.47;
50;164;8.48;0.39;0.5;
50;167;8.74;0.39;0.42;
50;496;8.49;0.39;0.24;
50;497;8.07;0.39;0.2;
51;53;5.26;0.15;0.27;
51;54;6.17;0.15;0.17;
51;80;9.89;0.15;0.39;
51;162;8.95;0.15;0.34;
51;163;6.85;0.15;0.47;
51;167;8.94;0.15;0.42;
51;321;7.75;0.15;0.73;
51;322;8.93;0.15;0.82;
51;323;9.9;0.15;0.65;
51;496;7.98;0.15;0.24;
51;497;6.27;0.15;0.2;
53;54;3.83;0.27;0.17;
53;162;6.33;0.27;0.34;
53;163;4.85;0.27;0.47;
53;164;7.65;0.27;0.5;
53;167;9.31;0.27;0.42;
53;300;7.92;0.27;0.2;
53;321;9.7;0.27;0.73;
54;91;8.98;0.17;0.17;
54;160;9.96;0.17;0.29;
54;162;6.47;0.17;0.34;
54;163;7.04;0.17;0.47;
54;167;9.38;0.17;0.42;
54;169;9.66;0.17;0.32;
54;299;8.21;0.17;0.18;
54;300;4.4;0.17;0.2;
54;320;9.31;0.17;0.74;
54;321;7.19;0.17;0.73;
72;74;6.22;0.46;0.21;
72;76;7.7;0.46;0.37;
72;324;7.53;0.46;0.67;
74;76;7.06;0.21;0.37;
74;299;9.28;0.21;0.18;
74;320;9.43;0.21;0.74;
76;158;9.91;0.37;0.18;
76;159;8.8;0.37;0.22;
76;160;9.88;0.37;0.29;
76;169;5.8;0.37;0.32;
76;320;9.36;0.37;0.74;
76;323;9.0;0.37;0.65;
76;324;9.38;0.37;0.67;
80;162;9.26;0.39;0.34;
80;163;8.79;0.39;0.47;
80;167;4.15;0.39;0.42;
80;169;8.43;0.39;0.32;
80;327;8.43;0.39;0.55;
89;90;8.73;0.28;0.27;
89;159;9.59;0.28;0.22;
89;160;8.11;0.28;0.29;
90;91;3.83;0.27;0.17;
90;94;6.42;0.27;0.1;
90;159;8.14;0.27;0.22;
90;160;5.39;0.27;0.29;
90;162;7.93;0.27;0.34;
90;300;9.64;0.27;0.2;
91;94;5.06;0.17;0.1;
91;158;9.68;0.17;0.18;
91;159;7.98;0.17;0.22;
91;160;5.68;0.17;0.29;
91;162;8.25;0.17;0.34;
91;169;9.64;0.17;0.32;
91;299;6.98;0.17;0.18;
91;300;6.37;0.17;0.2;
94;99;9.1;0.1;0.21;
94;149;9.74;0.1;0.24;
94;158;7.91;0.1;0.18;
94;159;8.31;0.1;0.22;
94;160;8.12;0.1;0.29;
94;299;8.85;0.1;0.18;
99;100;3.77;0.21;0.29;
99;149;5.5;0.21;0.24;
99;150;6.83;0.21;0.34;
99;151;8.77;0.21;0.42;
99;153;7.44;0.21;0.44;
99;154;5.77;0.21;0.32;
99;158;9.86;0.21;0.18;
100;149;5.96;0.29;0.24;
100;150;4.95;0.29;0.34;
100;151;6.64;0.29;0.42;
100;152;8.87;0.29;0.58;
100;153;4.88;0.29;0.44;
100;154;5.33;0.29;0.32;
149;150;3.74;0.24;0.34;
149;151;6.56;0.24;0.42;
149;153;8.34;0.24;0.44;
149;154;7.97;0.24;0.32;
149;158;6.33;0.24;0.18;
149;159;9.92;0.24;0.22;
150;151;3.73;0.34;0.42;
150;152;6.79;0.34;0.58;
150;153;6.03;0.34;0.44;
150;154;7.35;0.34;0.32;
150;158;9.79;0.34;0.18;
151;152;3.95;0.42;0.58;
151;153;4.46;0.42;0.44;
151;154;6.44;0.42;0.32;
152;153;5.52;0.58;0.44;
152;154;8.75;0.58;0.32;
153;154;3.7;0.44;0.32;
158;159;3.83;0.18;0.22;
158;160;7.24;0.18;0.29;
158;169;8.54;0.18;0.32;
159;160;3.76;0.22;0.29;
159;162;10.0;0.22;0.34;
159;169;5.41;0.22;0.32;
160;162;6.52;0.29;0.34;
160;167;8.31;0.29;0.42;
160;169;5.25;0.29;0.32;
160;300;8.97;0.29;0.2;
162;163;3.95;0.34;0.47;
162;164;5.53;0.34;0.5;
162;167;5.2;0.34;0.42;
162;169;7.68;0.34;0.32;
162;300;8.51;0.34;0.2;
163;164;3.76;0.47;0.5;
163;167;5.75;0.47;0.42;
164;167;7.71;0.5;0.42;
167;169;6.43;0.42;0.32;
169;300;9.6;0.32;0.2;
297;299;5.39;0.28;0.18;
297;300;8.99;0.28;0.2;
299;300;3.9;0.18;0.2;
299;320;8.2;0.18;0.74;
299;321;9.77;0.18;0.73;
300;320;8.3;0.2;0.74;
300;321;8.17;0.2;0.73;
320;321;3.91;0.74;0.73;
320;322;5.57;0.74;0.82;
320;323;8.13;0.74;0.65;
320;324;9.39;0.74;0.67;
320;387;4.86;0.74;0.34;
320;388;5.71;0.74;0.24;
320;389;7.31;0.74;0.22;
320;443;7.88;0.74;0.35;
321;322;3.8;0.73;0.82;
321;323;6.92;0.73;0.65;
321;324;9.63;0.73;0.67;
321;387;5.83;0.73;0.34;
321;388;4.33;0.73;0.24;
321;389;6.4;0.73;0.22;
321;443;8.87;0.73;0.35;
321;497;8.9;0.73;0.2;
322;323;3.71;0.82;0.65;
322;324;6.39;0.82;0.67;
322;326;8.79;0.82;0.64;
322;387;6.98;0.82;0.34;
322;388;4.15;0.82;0.24;
322;389;3.46;0.82;0.22;
322;391;8.45;0.82;0.31;
322;441;8.7;0.82;0.46;
322;443;6.99;0.82;0.35;
322;497;7.51;0.82;0.2;
323;324;3.83;0.65;0.67;
323;326;5.45;0.65;0.64;
323;327;7.7;0.65;0.55;
323;388;7.74;0.65;0.24;
323;389;5.56;0.65;0.22;
323;391;7.56;0.65;0.31;
323;441;8.05;0.65;0.46;
323;443;8.94;0.65;0.35;
323;496;9.16;0.65;0.24;
323;497;7.77;0.65;0.2;
324;326;6.42;0.67;0.64;
324;327;9.27;0.67;0.55;
324;388;9.71;0.67;0.24;
324;389;6.77;0.67;0.22;
324;391;7.49;0.67;0.31;
324;439;10.0;0.67;0.52;
324;441;6.1;0.67;0.46;
324;443;8.52;0.67;0.35;
326;327;3.76;0.64;0.55;
326;389;9.73;0.64;0.22;
326;391;7.7;0.64;0.31;
326;394;9.76;0.64;0.32;
326;441;9.79;0.64;0.46;
326;496;7.49;0.64;0.24;
326;497;8.44;0.64;0.2;
327;496;7.12;0.55;0.24;
327;497;9.18;0.55;0.2;
387;388;3.83;0.34;0.24;
387;389;6.65;0.34;0.22;
387;443;5.97;0.34;0.35;
388;389;3.76;0.24;0.22;
388;391;9.85;0.24;0.31;
388;441;9.83;0.24;0.46;
388;443;5.66;0.24;0.35;
388;497;9.25;0.24;0.2;
389;391;6.35;0.22;0.31;
389;441;6.27;0.22;0.46;
389;443;4.36;0.22;0.35;
389;497;8.74;0.22;0.2;
391;393;5.52;0.31;0.38;
391;394;5.5;0.31;0.32;
391;439;6.84;0.31;0.52;
391;441;4.65;0.31;0.46;
391;443;8.62;0.31;0.35;
391;497;9.6;0.31;0.2;
393;394;3.84;0.38;0.32;
393;439;4.83;0.38;0.52;
393;441;8.28;0.38;0.46;
394;439;8.3;0.32;0.52;
394;441;9.78;0.32;0.46;
439;441;6.74;0.52;0.46;
441;443;6.18;0.46;0.35;
496;497;3.79;0.24;0.2;
