1;2;50;163;7.44;1.31;0.89;
1;2;50;321;8.76;1.31;1.57;
1;2;50;322;9.89;1.31;1.24;
1;2;51;163;9.87;1.06;0.89;
1;2;51;318;8.4;1.06;0.83;
1;2;51;320;8.63;1.06;1.38;
1;2;51;321;4.97;1.06;1.57;
1;2;51;322;6.31;1.06;1.24;
1;2;51;323;8.02;1.06;1.04;
1;2;54;318;8.99;1.01;0.83;
1;2;54;320;6.78;1.01;1.38;
1;2;54;321;5.19;1.01;1.57;
1;2;54;322;8.54;1.01;1.24;
1;2;56;320;5.85;0.82;1.38;
1;2;56;321;7.57;0.82;1.57;
1;2;90;158;9.26;1.07;0.71;
1;2;90;160;5.23;1.07;0.71;
1;2;90;169;9.56;1.07;0.59;
1;2;91;158;9.27;0.92;0.71;
1;2;91;160;7.08;0.92;0.71;
1;2;91;169;9.61;0.92;0.59;
1;2;94;147;9.54;1.07;0.71;
1;2;94;148;9.57;1.07;0.89;
1;2;94;149;8.86;1.07;1.08;
1;2;94;158;7.12;1.07;0.71;
1;2;94;160;8.92;1.07;0.71;
1;2;97;149;7.83;1.01;1.08;
1;2;97;158;9.81;1.01;0.71;
1;2;99;147;9.95;2.14;0.71;
1;2;99;148;8.0;2.14;0.89;
1;2;99;149;5.8;2.14;1.08;
1;2;99;150;5.82;2.14;1.42;
1;2;99;151;8.04;2.14;1.84;
1;2;101;149;9.37;3.53;1.08;
1;2;101;150;6.81;3.53;1.42;
1;2;101;151;7.97;3.53;1.84;
1;2;101;152;8.26;3.53;2.15;
1;2;151;149;9.13;1.84;1.08;
1;2;151;150;7.49;1.84;1.42;
1;2;151;151;4.6;1.84;1.84;
1;2;151;152;6.18;1.84;2.15;
1;2;152;149;9.16;2.15;1.08;
1;2;152;150;6.11;2.15;1.42;
1;2;152;151;2.81;2.15;1.84;
1;2;152;152;2.4;2.15;2.15;
1;2;153;148;9.53;1.88;0.89;
1;2;153;149;6.31;1.88;1.08;
1;2;153;150;3.28;1.88;1.42;
1;2;153;151;2.96;1.88;1.84;
1;2;153;152;5.01;1.88;2.15;
1;2;154;148;9.3;1.37;0.89;
1;2;154;149;5.71;1.37;1.08;
1;2;154;150;5.05;1.37;1.42;
1;2;154;151;5.13;1.37;1.84;
1;2;154;152;8.06;1.37;2.15;
1;2;297;74;8.47;1.09;0.79;
1;2;297;174;9.47;1.09;0.8;
1;2;299;74;7.11;1.16;0.79;
1;2;299;76;9.89;1.16;0.63;
1;2;299;320;7.15;1.16;1.38;
1;2;299;321;9.61;1.16;1.57;
1;2;300;74;9.61;1.04;0.79;
1;2;300;76;9.65;1.04;0.63;
1;2;300;318;9.77;1.04;0.83;
1;2;300;320;6.43;1.04;1.38;
1;2;300;321;7.28;1.04;1.57;
1;2;387;320;6.18;0.84;1.38;
1;2;387;321;8.18;0.84;1.57;
1;2;387;322;8.79;0.84;1.24;
1;2;388;320;5.71;0.87;1.38;
1;2;388;321;6.06;0.87;1.57;
1;2;388;322;5.69;0.87;1.24;
1;2;388;323;8.81;0.87;1.04;
1;2;388;324;9.51;0.87;0.89;
1;2;389;318;9.45;0.96;0.83;
1;2;389;320;7.52;0.96;1.38;
1;2;389;321;7.78;0.96;1.57;
1;2;389;322;5.36;0.96;1.24;
1;2;389;323;7.06;0.96;1.04;
1;2;389;324;6.79;0.96;0.89;
1;2;391;322;9.09;1.0;1.24;
1;2;391;323;8.46;1.0;1.04;
1;2;391;324;7.44;1.0;0.89;
1;2;391;326;9.19;1.0;0.86;
1;2;393;20;8.54;1.01;4.86;
1;2;439;20;8.36;1.55;4.86;
1;2;439;22;8.82;1.55;1.22;
1;2;439;67;8.37;1.55;0.91;
1;2;441;67;9.65;1.1;0.91;
1;2;441;180;9.31;1.1;1.16;
1;2;441;323;9.64;1.1;1.04;
1;2;441;324;7.08;1.1;0.89;
1;2;443;180;8.52;0.95;1.16;
1;2;443;181;9.78;0.95;0.91;
1;2;443;320;9.25;0.95;1.38;
1;2;443;322;9.22;0.95;1.24;
1;2;443;324;9.35;0.95;0.89;
1;2;457;202;6.77;1.43;1.35;
1;2;496;322;8.57;1.2;1.24;
1;2;496;323;7.78;1.2;1.04;
1;2;496;326;6.87;1.2;0.86;
1;2;497;318;9.82;1.07;0.83;
1;2;497;321;7.76;1.07;1.57;
1;2;497;322;5.84;1.07;1.24;
1;2;497;323;6.68;1.07;1.04;
1;2;497;324;9.77;1.07;0.89;
1;2;497;326;8.39;1.07;0.86;
