20;326;9.01;3.99;0.62;
20;391;9.76;3.99;0.11;
20;393;7.91;3.99;0.2;
20;394;9.14;3.99;0.12;
50;51;3.83;0.3;0.22;
50;54;7.78;0.3;0.29;
50;162;8.99;0.3;0.33;
50;163;6.17;0.3;0.43;
50;167;9.13;0.3;0.38;
50;496;8.71;0.3;0.19;
50;497;8.19;0.3;0.23;
51;54;5.83;0.22;0.29;
51;163;8.92;0.22;0.43;
51;300;9.78;0.22;0.29;
51;318;9.3;0.22;0.36;
51;321;6.34;0.22;0.4;
51;322;7.7;0.22;0.47;
51;323;8.85;0.22;0.45;
51;496;7.96;0.22;0.19;
51;497;6.03;0.22;0.23;
54;56;6.97;0.29;0.29;
54;91;8.84;0.29;0.19;
54;162;8.82;0.29;0.33;
54;163;9.3;0.29;0.43;
54;299;8.02;0.29;0.24;
54;300;4.29;0.29;0.29;
54;318;9.27;0.29;0.36;
54;320;7.82;0.29;0.32;
54;321;5.79;0.29;0.4;
54;322;9.05;0.29;0.47;
56;297;7.6;0.29;0.29;
56;299;5.16;0.29;0.24;
56;300;4.76;0.29;0.29;
56;320;5.87;0.29;0.32;
56;321;6.85;0.29;0.4;
56;387;8.36;0.29;0.38;
56;388;9.95;0.29;0.27;
72;74;6.3;0.4;0.15;
72;76;7.76;0.4;0.24;
72;174;8.64;0.4;0.13;
72;318;8.04;0.4;0.36;
72;320;9.95;0.4;0.32;
72;323;9.92;0.4;0.45;
74;76;7.07;0.15;0.24;
74;147;7.77;0.15;0.14;
74;174;4.42;0.15;0.13;
74;297;9.33;0.15;0.29;
74;299;8.06;0.15;0.24;
74;318;9.65;0.15;0.36;
74;320;9.41;0.15;0.32;
76;147;9.48;0.24;0.14;
76;158;9.78;0.24;0.07;
76;160;9.84;0.24;0.2;
76;169;5.79;0.24;0.25;
76;299;9.99;0.24;0.24;
76;300;9.89;0.24;0.29;
76;318;5.1;0.24;0.36;
76;320;9.59;0.24;0.32;
76;323;9.04;0.24;0.45;
90;91;3.84;0.28;0.19;
90;94;6.38;0.28;0.13;
90;158;9.18;0.28;0.07;
90;160;5.02;0.28;0.2;
90;162;8.13;0.28;0.33;
90;169;9.45;0.28;0.25;
90;300;9.64;0.28;0.29;
91;94;4.98;0.19;0.13;
91;97;9.88;0.19;0.05;
91;158;9.56;0.19;0.07;
91;160;6.96;0.19;0.2;
91;162;9.51;0.19;0.33;
91;169;9.56;0.19;0.25;
91;299;7.09;0.19;0.24;
91;300;6.36;0.19;0.29;
94;97;5.16;0.13;0.05;
94;147;9.98;0.13;0.14;
94;149;9.31;0.13;0.16;
94;158;7.5;0.13;0.07;
94;160;8.97;0.13;0.2;
94;299;8.93;0.13;0.24;
97;99;7.05;0.05;0.18;
97;114;9.65;0.05;0.22;
97;149;8.47;0.05;0.16;
97;154;6.55;0.05;0.19;
99;148;8.73;0.18;0.04;
99;149;6.48;0.18;0.16;
99;150;6.79;0.18;0.25;
99;151;9.26;0.18;0.37;
99;152;9.0;0.18;0.47;
99;153;5.64;0.18;0.31;
99;154;4.38;0.18;0.19;
114;297;6.43;0.22;0.29;
147;148;3.91;0.14;0.04;
147;149;7.24;0.14;0.16;
147;158;5.7;0.14;0.07;
147;174;6.91;0.14;0.13;
148;149;3.78;0.04;0.16;
148;150;6.65;0.04;0.25;
148;153;9.26;0.04;0.31;
148;154;9.51;0.04;0.19;
148;158;4.86;0.04;0.07;
149;150;3.81;0.16;0.25;
149;151;9.55;0.16;0.37;
149;152;9.34;0.16;0.47;
149;153;5.95;0.16;0.31;
149;154;5.96;0.16;0.19;
149;158;6.15;0.16;0.07;
150;151;7.71;0.25;0.37;
150;152;6.23;0.25;0.47;
150;153;3.25;0.25;0.31;
150;154;5.6;0.25;0.19;
150;158;9.67;0.25;0.07;
151;152;3.82;0.37;0.47;
151;153;5.45;0.37;0.31;
151;154;5.22;0.37;0.19;
152;153;3.86;0.47;0.31;
152;154;6.17;0.47;0.19;
153;154;3.73;0.31;0.19;
158;160;7.26;0.07;0.2;
158;169;8.57;0.07;0.25;
160;162;6.5;0.2;0.33;
160;167;8.31;0.2;0.38;
160;169;5.24;0.2;0.25;
162;163;3.96;0.33;0.43;
162;167;5.21;0.33;0.38;
162;169;7.65;0.33;0.25;
163;167;5.67;0.43;0.38;
167;169;6.41;0.38;0.25;
169;318;8.83;0.25;0.36;
297;299;5.37;0.29;0.24;
297;300;8.92;0.29;0.29;
297;320;9.4;0.29;0.32;
299;300;3.84;0.24;0.29;
299;320;6.43;0.24;0.32;
299;321;8.76;0.24;0.4;
300;318;9.64;0.29;0.36;
300;320;6.53;0.29;0.32;
300;321;6.93;0.29;0.4;
318;320;7.0;0.36;0.32;
318;321;6.84;0.36;0.4;
318;322;5.66;0.36;0.47;
318;323;4.04;0.36;0.45;
318;326;7.99;0.36;0.62;
318;327;8.91;0.36;0.53;
320;321;3.94;0.32;0.4;
320;322;5.48;0.32;0.47;
320;323;8.1;0.32;0.45;
320;387;6.55;0.32;0.38;
320;388;7.07;0.32;0.27;
320;389;8.84;0.32;0.18;
321;322;3.77;0.4;0.47;
321;323;6.87;0.4;0.45;
321;387;7.26;0.4;0.38;
321;388;5.96;0.4;0.27;
321;389;7.98;0.4;0.18;
321;497;8.53;0.4;0.23;
322;323;3.79;0.47;0.45;
322;326;8.77;0.47;0.62;
322;387;7.73;0.47;0.38;
322;388;5.32;0.47;0.27;
322;389;5.35;0.47;0.18;
322;391;9.8;0.47;0.11;
322;443;8.86;0.47;0.3;
322;496;9.78;0.47;0.19;
322;497;7.16;0.47;0.23;
323;326;5.33;0.45;0.62;
323;327;7.67;0.45;0.53;
323;388;8.8;0.45;0.27;
323;389;7.47;0.45;0.18;
323;391;9.57;0.45;0.11;
323;496;8.61;0.45;0.19;
323;497;7.49;0.45;0.23;
326;327;3.81;0.62;0.53;
326;391;9.61;0.62;0.11;
326;496;7.15;0.62;0.19;
326;497;8.43;0.62;0.23;
327;496;7.37;0.53;0.19;
327;497;9.72;0.53;0.23;
387;388;3.79;0.38;0.27;
387;389;6.61;0.38;0.18;
387;443;6.24;0.38;0.3;
388;389;3.75;0.27;0.18;
388;391;9.8;0.27;0.11;
388;443;5.87;0.27;0.3;
388;497;9.16;0.27;0.23;
389;391;6.3;0.18;0.11;
389;443;4.42;0.18;0.3;
389;497;8.8;0.18;0.23;
391;393;5.56;0.11;0.2;
391;394;5.51;0.11;0.12;
391;443;8.5;0.11;0.3;
391;497;9.78;0.11;0.23;
393;394;3.8;0.2;0.12;
496;497;3.84;0.19;0.23;
