19;20;4.01;0.35;0.39;
19;22;8.82;0.35;0.5;
19;393;8.13;0.35;0.29;
19;394;8.48;0.35;0.23;
20;22;6.2;0.39;0.5;
20;67;9.89;0.39;0.47;
20;393;8.7;0.39;0.29;
20;439;8.5;0.39;0.4;
22;67;5.74;0.5;0.47;
22;324;8.42;0.5;0.36;
22;326;6.66;0.5;0.43;
22;391;9.84;0.5;0.28;
22;393;9.95;0.5;0.29;
22;439;8.5;0.5;0.4;
50;51;3.79;0.15;0.21;
50;54;8.16;0.15;0.1;
50;163;7.54;0.15;0.18;
50;321;8.63;0.15;0.3;
50;322;9.9;0.15;0.3;
50;496;8.51;0.15;0.11;
50;497;8.02;0.15;0.1;
51;54;5.87;0.21;0.1;
51;163;9.9;0.21;0.18;
51;300;9.89;0.21;0.19;
51;318;8.67;0.21;0.23;
51;320;8.59;0.21;0.27;
51;321;4.86;0.21;0.3;
51;322;6.41;0.21;0.3;
51;323;8.28;0.21;0.28;
51;496;8.04;0.21;0.11;
51;497;6.24;0.21;0.1;
54;56;6.91;0.1;0.26;
54;91;8.82;0.1;0.12;
54;299;8.06;0.1;0.18;
54;300;4.29;0.1;0.19;
54;318;9.55;0.1;0.23;
54;320;6.8;0.1;0.27;
54;321;5.38;0.1;0.3;
54;322;8.9;0.1;0.3;
56;297;7.67;0.26;0.32;
56;299;5.14;0.26;0.18;
56;300;4.69;0.26;0.19;
56;320;6.28;0.26;0.27;
56;321;8.05;0.26;0.3;
56;387;8.16;0.26;0.35;
56;388;9.72;0.26;0.28;
67;324;9.24;0.47;0.36;
67;439;7.86;0.47;0.4;
67;441;9.32;0.47;0.43;
72;74;6.25;0.25;0.05;
72;76;7.68;0.25;0.15;
72;174;8.73;0.25;0.06;
72;180;7.87;0.25;0.3;
72;181;5.51;0.25;0.19;
72;318;7.96;0.25;0.23;
72;320;9.75;0.25;0.27;
72;323;9.95;0.25;0.28;
72;324;7.51;0.25;0.36;
74;76;7.04;0.05;0.15;
74;174;4.43;0.05;0.06;
74;181;8.49;0.05;0.19;
74;297;9.41;0.05;0.32;
74;299;7.86;0.05;0.18;
74;318;9.62;0.05;0.23;
74;320;9.17;0.05;0.27;
76;158;9.86;0.15;0.1;
76;160;9.98;0.15;0.13;
76;169;5.76;0.15;0.16;
76;318;5.05;0.15;0.23;
76;320;9.4;0.15;0.27;
76;323;9.0;0.15;0.28;
76;324;9.42;0.15;0.36;
90;91;3.81;0.17;0.12;
90;94;6.34;0.17;0.15;
90;160;6.53;0.17;0.13;
90;300;9.57;0.17;0.19;
91;94;4.95;0.12;0.15;
91;160;8.03;0.12;0.13;
91;299;7.05;0.12;0.18;
91;300;6.33;0.12;0.19;
94;149;9.72;0.15;0.23;
94;158;8.48;0.15;0.1;
94;160;9.67;0.15;0.13;
94;299;8.87;0.15;0.18;
99;149;6.64;0.33;0.23;
99;150;6.3;0.33;0.37;
99;151;7.31;0.33;0.42;
99;152;9.75;0.33;0.62;
99;153;5.69;0.33;0.54;
99;154;4.42;0.33;0.3;
149;150;3.76;0.23;0.37;
149;151;6.7;0.23;0.42;
149;153;7.75;0.23;0.54;
149;154;7.7;0.23;0.3;
149;158;6.24;0.23;0.1;
150;151;3.74;0.37;0.42;
150;152;6.84;0.37;0.62;
150;153;5.28;0.37;0.54;
150;154;6.99;0.37;0.3;
150;158;9.68;0.37;0.1;
151;152;3.89;0.42;0.62;
151;153;2.89;0.42;0.54;
151;154;5.85;0.42;0.3;
152;153;4.64;0.62;0.54;
152;154;8.33;0.62;0.3;
153;154;3.73;0.54;0.3;
158;160;7.28;0.1;0.13;
158;169;8.52;0.1;0.16;
160;167;8.27;0.13;0.22;
160;169;5.33;0.13;0.16;
163;167;5.7;0.18;0.22;
167;169;6.38;0.22;0.16;
169;318;8.81;0.16;0.23;
174;181;9.47;0.06;0.19;
180;181;3.91;0.3;0.19;
180;441;8.46;0.3;0.43;
180;443;7.95;0.3;0.39;
180;455;8.9;0.3;0.43;
181;443;9.26;0.19;0.39;
202;270;6.57;0.31;0.31;
202;457;6.76;0.31;0.51;
270;457;7.44;0.31;0.51;
297;299;5.33;0.32;0.18;
297;300;8.95;0.32;0.19;
299;300;3.88;0.18;0.19;
299;320;7.63;0.18;0.27;
300;320;6.68;0.19;0.27;
300;321;7.69;0.19;0.3;
318;320;6.96;0.23;0.27;
318;321;6.9;0.23;0.3;
318;322;5.55;0.23;0.3;
318;323;4.02;0.23;0.28;
318;324;5.47;0.23;0.36;
318;326;8.02;0.23;0.43;
318;389;9.16;0.23;0.27;
318;497;9.67;0.23;0.1;
320;321;3.91;0.27;0.3;
320;322;5.64;0.27;0.3;
320;323;8.13;0.27;0.28;
320;324;9.18;0.27;0.36;
320;387;6.22;0.27;0.35;
320;388;5.79;0.27;0.28;
320;389;7.47;0.27;0.27;
320;443;9.19;0.27;0.39;
321;322;3.81;0.3;0.3;
321;323;6.94;0.3;0.28;
321;324;9.47;0.3;0.36;
321;387;8.23;0.3;0.35;
321;388;6.11;0.3;0.28;
321;389;7.71;0.3;0.27;
321;497;7.49;0.3;0.1;
322;323;3.67;0.3;0.28;
322;324;6.2;0.3;0.36;
322;326;8.71;0.3;0.43;
322;387;8.87;0.3;0.35;
322;388;5.73;0.3;0.28;
322;389;5.26;0.3;0.27;
322;391;8.96;0.3;0.28;
322;443;9.19;0.3;0.39;
322;496;8.2;0.3;0.11;
322;497;5.59;0.3;0.1;
323;324;3.8;0.28;0.36;
323;326;5.4;0.28;0.43;
323;388;8.81;0.28;0.28;
323;389;6.92;0.28;0.27;
323;391;8.22;0.28;0.28;
323;441;9.48;0.28;0.43;
323;496;7.49;0.28;0.11;
323;497;6.6;0.28;0.1;
324;326;6.46;0.36;0.43;
324;388;9.42;0.36;0.28;
324;389;6.55;0.36;0.27;
324;391;7.09;0.36;0.28;
324;441;6.73;0.36;0.43;
324;443;9.14;0.36;0.39;
324;497;9.76;0.36;0.1;
326;391;8.79;0.43;0.28;
326;496;6.84;0.43;0.11;
326;497;8.5;0.43;0.1;
387;388;3.83;0.35;0.28;
387;389;6.65;0.35;0.27;
387;443;5.83;0.35;0.39;
388;389;3.75;0.28;0.27;
388;391;9.85;0.28;0.28;
388;441;9.77;0.28;0.43;
388;443;5.54;0.28;0.39;
388;497;9.29;0.28;0.1;
389;391;6.36;0.27;0.28;
389;441;6.21;0.27;0.43;
389;443;4.33;0.27;0.39;
389;497;8.71;0.27;0.1;
391;393;5.59;0.28;0.29;
391;394;5.57;0.28;0.23;
391;439;7.09;0.28;0.4;
391;441;4.62;0.28;0.43;
391;443;8.67;0.28;0.39;
391;497;9.5;0.28;0.1;
393;394;3.85;0.29;0.23;
393;439;4.77;0.29;0.4;
393;441;8.35;0.29;0.43;
394;439;8.37;0.23;0.4;
394;441;9.82;0.23;0.43;
439;441;7.01;0.4;0.43;
441;443;6.25;0.43;0.39;
441;455;8.51;0.43;0.43;
443;455;9.52;0.39;0.43;
455;457;7.21;0.43;0.51;
496;497;3.82;0.11;0.1;
