20;22;6.55;0.45;0.36;
20;393;8.54;0.45;0.15;
20;439;8.36;0.45;0.25;
22;67;5.97;0.36;0.23;
22;324;8.45;0.36;0.19;
22;326;6.63;0.36;0.19;
22;439;8.82;0.36;0.25;
50;51;3.82;0.19;0.16;
50;54;8.0;0.19;0.14;
50;163;7.44;0.19;0.14;
50;321;8.76;0.19;0.16;
50;322;9.89;0.19;0.07;
50;496;8.49;0.19;0.07;
50;497;8.01;0.19;0.11;
51;54;5.69;0.16;0.14;
51;163;9.87;0.16;0.14;
51;300;9.59;0.16;0.13;
51;318;8.4;0.16;0.15;
51;320;8.63;0.16;0.14;
51;321;4.97;0.16;0.16;
51;322;6.31;0.16;0.07;
51;323;8.02;0.16;0.12;
51;496;8.09;0.16;0.07;
51;497;6.26;0.16;0.11;
54;56;6.87;0.14;0.13;
54;91;8.88;0.14;0.14;
54;299;7.92;0.14;0.15;
54;300;4.2;0.14;0.13;
54;318;8.99;0.14;0.15;
54;320;6.78;0.14;0.14;
54;321;5.19;0.14;0.16;
54;322;8.54;0.14;0.07;
56;297;7.66;0.13;0.16;
56;299;5.06;0.13;0.15;
56;300;4.73;0.13;0.13;
56;320;5.85;0.13;0.14;
56;321;7.57;0.13;0.16;
56;387;8.1;0.13;0.1;
56;388;9.46;0.13;0.07;
67;324;9.17;0.23;0.19;
67;439;8.37;0.23;0.25;
67;441;9.65;0.23;0.17;
72;74;6.24;0.16;0.1;
72;76;7.67;0.16;0.14;
72;174;8.55;0.16;0.08;
72;180;7.91;0.16;0.13;
72;181;5.5;0.16;0.11;
72;318;7.94;0.16;0.15;
72;320;9.7;0.16;0.14;
72;323;9.91;0.16;0.12;
72;324;7.58;0.16;0.19;
74;76;7.01;0.1;0.14;
74;147;7.99;0.1;0.02;
74;174;4.5;0.1;0.08;
74;181;8.35;0.1;0.11;
74;297;8.47;0.1;0.16;
74;299;7.11;0.1;0.15;
74;300;9.61;0.1;0.13;
74;318;9.56;0.1;0.15;
74;320;9.24;0.1;0.14;
76;147;9.74;0.14;0.02;
76;158;9.9;0.14;0.06;
76;160;9.96;0.14;0.05;
76;169;5.79;0.14;0.14;
76;299;9.89;0.14;0.15;
76;300;9.65;0.14;0.13;
76;318;4.99;0.14;0.15;
76;320;9.43;0.14;0.14;
76;323;8.99;0.14;0.12;
76;324;9.46;0.14;0.19;
90;91;3.79;0.22;0.14;
90;94;6.4;0.22;0.15;
90;158;9.26;0.22;0.06;
90;160;5.23;0.22;0.05;
90;169;9.56;0.22;0.14;
90;300;9.59;0.22;0.13;
91;94;4.94;0.14;0.15;
91;97;9.81;0.14;0.08;
91;158;9.27;0.14;0.06;
91;160;7.08;0.14;0.05;
91;169;9.61;0.14;0.14;
91;299;7.06;0.14;0.15;
91;300;6.38;0.14;0.13;
94;97;5.13;0.15;0.08;
94;147;9.54;0.15;0.02;
94;148;9.57;0.15;0.06;
94;149;8.86;0.15;0.04;
94;158;7.12;0.15;0.06;
94;160;8.92;0.15;0.05;
94;299;8.84;0.15;0.15;
97;99;7.07;0.08;0.27;
97;114;9.41;0.08;0.05;
97;149;7.83;0.08;0.04;
97;154;6.5;0.08;0.12;
97;158;9.81;0.08;0.06;
99;101;5.72;0.27;0.64;
99;147;9.95;0.27;0.02;
99;148;8.0;0.27;0.06;
99;149;5.8;0.27;0.04;
99;150;5.82;0.27;0.13;
99;151;8.04;0.27;0.1;
99;152;9.23;0.27;0.27;
99;153;5.59;0.27;0.31;
99;154;4.48;0.27;0.12;
101;149;9.37;0.64;0.04;
101;150;6.81;0.64;0.13;
101;151;7.97;0.64;0.1;
101;152;8.26;0.64;0.27;
101;153;5.23;0.64;0.31;
101;154;7.34;0.64;0.12;
114;297;6.45;0.05;0.16;
147;148;3.81;0.02;0.06;
147;149;7.12;0.02;0.04;
147;158;5.61;0.02;0.06;
147;174;7.11;0.02;0.08;
148;149;3.76;0.06;0.04;
148;150;6.58;0.06;0.13;
148;151;9.89;0.06;0.1;
148;153;9.53;0.06;0.31;
148;154;9.3;0.06;0.12;
148;158;4.87;0.06;0.06;
149;150;3.78;0.04;0.13;
149;151;6.61;0.04;0.1;
149;152;9.16;0.04;0.27;
149;153;6.31;0.04;0.31;
149;154;5.71;0.04;0.12;
149;158;6.19;0.04;0.06;
150;151;3.7;0.13;0.1;
150;152;6.76;0.13;0.27;
150;153;3.28;0.13;0.31;
150;154;5.05;0.13;0.12;
150;158;9.72;0.13;0.06;
151;152;3.89;0.1;0.27;
151;153;2.96;0.1;0.31;
151;154;5.13;0.1;0.12;
152;153;5.01;0.27;0.31;
152;154;8.06;0.27;0.12;
153;154;3.74;0.31;0.12;
158;160;7.22;0.06;0.05;
158;169;8.5;0.06;0.14;
160;167;8.32;0.05;0.17;
160;169;5.29;0.05;0.14;
163;167;5.71;0.14;0.17;
167;169;6.44;0.17;0.14;
169;318;8.83;0.14;0.15;
174;181;9.01;0.08;0.11;
174;297;9.47;0.08;0.16;
180;181;3.84;0.13;0.11;
180;441;9.31;0.13;0.17;
180;443;8.52;0.13;0.08;
181;443;9.78;0.11;0.08;
202;457;6.77;0.11;0.43;
297;299;5.35;0.16;0.15;
297;300;8.96;0.16;0.13;
299;300;3.85;0.15;0.13;
299;320;7.15;0.15;0.14;
299;321;9.61;0.15;0.16;
300;318;9.77;0.13;0.15;
300;320;6.43;0.13;0.14;
300;321;7.28;0.13;0.16;
318;320;6.93;0.15;0.14;
318;321;6.87;0.15;0.16;
318;322;5.59;0.15;0.07;
318;323;4.08;0.15;0.12;
318;324;5.55;0.15;0.19;
318;326;8.01;0.15;0.19;
318;389;9.45;0.15;0.03;
318;497;9.82;0.15;0.11;
320;321;3.84;0.14;0.16;
320;322;5.5;0.14;0.07;
320;323;8.01;0.14;0.12;
320;324;9.13;0.14;0.19;
320;387;6.18;0.14;0.1;
320;388;5.71;0.14;0.07;
320;389;7.52;0.14;0.03;
320;443;9.25;0.14;0.08;
321;322;3.76;0.16;0.07;
321;323;6.9;0.16;0.12;
321;324;9.44;0.16;0.19;
321;387;8.18;0.16;0.1;
321;388;6.06;0.16;0.07;
321;389;7.78;0.16;0.03;
321;497;7.76;0.16;0.11;
322;323;3.68;0.07;0.12;
322;324;6.19;0.07;0.19;
322;326;8.75;0.07;0.19;
322;387;8.79;0.07;0.1;
322;388;5.69;0.07;0.07;
322;389;5.36;0.07;0.03;
322;391;9.09;0.07;0.11;
322;443;9.22;0.07;0.08;
322;496;8.57;0.07;0.07;
322;497;5.84;0.07;0.11;
323;324;3.74;0.12;0.19;
323;326;5.42;0.12;0.19;
323;388;8.81;0.12;0.07;
323;389;7.06;0.12;0.03;
323;391;8.46;0.12;0.11;
323;441;9.64;0.12;0.17;
323;496;7.78;0.12;0.07;
323;497;6.68;0.12;0.11;
324;326;6.41;0.19;0.19;
324;388;9.51;0.19;0.07;
324;389;6.79;0.19;0.03;
324;391;7.44;0.19;0.11;
324;441;7.08;0.19;0.17;
324;443;9.35;0.19;0.08;
324;497;9.77;0.19;0.11;
326;391;9.19;0.19;0.11;
326;496;6.87;0.19;0.07;
326;497;8.39;0.19;0.11;
387;388;3.8;0.1;0.07;
387;389;6.61;0.1;0.03;
387;443;5.85;0.1;0.08;
388;389;3.76;0.07;0.03;
388;391;9.85;0.07;0.11;
388;441;9.78;0.07;0.17;
388;443;5.59;0.07;0.08;
388;497;9.48;0.07;0.11;
389;391;6.33;0.03;0.11;
389;441;6.2;0.03;0.17;
389;443;4.29;0.03;0.08;
389;497;8.84;0.03;0.11;
391;393;5.62;0.11;0.15;
391;439;7.04;0.11;0.25;
391;441;4.56;0.11;0.17;
391;443;8.59;0.11;0.08;
391;497;9.43;0.11;0.11;
393;439;4.82;0.15;0.25;
393;441;8.3;0.15;0.17;
439;441;6.9;0.25;0.17;
441;443;6.22;0.17;0.08;
496;497;3.84;0.07;0.11;
