19;20;3.97;1.37;0.39;
19;22;8.95;1.37;0.12;
19;393;7.57;1.37;0.21;
19;394;8.05;1.37;0.14;
19;439;9.79;1.37;0.12;
20;22;6.17;0.39;0.12;
20;67;9.76;0.39;0.1;
20;393;7.39;0.39;0.21;
20;394;9.22;0.39;0.14;
20;439;7.54;0.39;0.12;
22;67;6.04;0.12;0.1;
22;68;9.52;0.12;0.09;
22;324;8.66;0.12;0.09;
22;326;6.64;0.12;0.13;
22;391;8.56;0.12;0.22;
22;393;8.42;0.12;0.21;
22;394;9.76;0.12;0.14;
22;439;7.51;0.12;0.12;
22;440;9.02;0.12;0.18;
22;441;9.59;0.12;0.19;
50;51;3.75;0.22;0.14;
50;54;9.13;0.22;0.09;
50;163;8.34;0.22;0.23;
50;321;8.33;0.22;0.19;
50;322;9.44;0.22;0.14;
50;496;8.33;0.22;0.19;
50;497;7.94;0.22;0.09;
51;54;6.56;0.14;0.09;
51;318;8.21;0.14;0.1;
51;319;8.95;0.14;0.13;
51;320;8.25;0.14;0.05;
51;321;4.65;0.14;0.19;
51;322;5.97;0.14;0.14;
51;323;7.72;0.14;0.1;
51;496;8.0;0.14;0.19;
51;497;6.31;0.14;0.09;
54;91;9.0;0.09;0.11;
54;299;8.26;0.09;0.22;
54;300;4.5;0.09;0.13;
54;318;8.78;0.09;0.1;
54;319;7.51;0.09;0.13;
54;320;5.84;0.09;0.05;
54;321;5.21;0.09;0.19;
54;322;8.53;0.09;0.14;
67;68;3.79;0.1;0.09;
67;324;9.22;0.1;0.09;
67;391;9.48;0.1;0.22;
67;393;9.93;0.1;0.21;
67;439;6.2;0.1;0.12;
67;440;6.06;0.1;0.18;
67;441;7.46;0.1;0.19;
68;72;9.31;0.09;0.09;
68;129;8.56;0.09;0.26;
68;180;9.08;0.09;0.23;
68;324;9.7;0.09;0.09;
68;439;8.26;0.09;0.12;
68;440;6.34;0.09;0.18;
68;441;7.08;0.09;0.19;
72;74;6.28;0.09;0.07;
72;76;7.68;0.09;0.09;
72;174;8.6;0.09;0.1;
72;180;8.04;0.09;0.23;
72;181;5.57;0.09;0.2;
72;318;7.94;0.09;0.1;
72;319;6.87;0.09;0.13;
72;320;9.86;0.09;0.05;
72;323;9.87;0.09;0.1;
72;324;7.44;0.09;0.09;
72;389;9.86;0.09;0.21;
72;441;9.96;0.09;0.19;
72;443;9.7;0.09;0.24;
74;76;7.04;0.07;0.09;
74;147;7.82;0.07;0.07;
74;174;4.31;0.07;0.1;
74;181;8.54;0.07;0.2;
74;297;8.94;0.07;0.17;
74;299;6.8;0.07;0.22;
74;300;8.76;0.07;0.13;
74;318;9.63;0.07;0.1;
74;319;7.58;0.07;0.13;
74;320;9.42;0.07;0.05;
76;147;9.63;0.09;0.07;
76;158;9.91;0.09;0.04;
76;160;9.93;0.09;0.09;
76;169;5.79;0.09;0.11;
76;300;9.74;0.09;0.13;
76;318;4.98;0.09;0.1;
76;319;6.23;0.09;0.13;
76;320;9.45;0.09;0.05;
76;323;9.06;0.09;0.1;
76;324;9.43;0.09;0.09;
90;91;3.75;0.12;0.11;
90;94;6.34;0.12;0.15;
90;158;9.71;0.12;0.04;
90;160;7.04;0.12;0.09;
90;300;9.57;0.12;0.13;
91;94;5.02;0.11;0.15;
91;158;9.87;0.11;0.04;
91;160;8.72;0.11;0.09;
91;299;6.92;0.11;0.22;
91;300;6.37;0.11;0.13;
94;149;9.43;0.15;0.08;
94;158;8.78;0.15;0.04;
94;299;8.81;0.15;0.22;
100;149;7.46;0.31;0.08;
100;150;6.38;0.31;0.15;
100;151;8.75;0.31;0.22;
100;152;8.6;0.31;0.62;
100;153;4.83;0.31;0.19;
100;154;5.22;0.31;0.1;
128;129;3.8;0.27;0.26;
128;180;8.9;0.27;0.23;
128;270;6.16;0.27;0.29;
128;454;7.67;0.27;0.18;
128;455;6.32;0.27;0.24;
128;456;5.63;0.27;0.45;
128;457;7.61;0.27;0.4;
129;180;9.08;0.26;0.23;
129;270;9.81;0.26;0.29;
129;455;7.48;0.26;0.24;
129;456;5.87;0.26;0.45;
129;457;7.94;0.26;0.4;
147;149;7.26;0.07;0.08;
147;158;5.66;0.07;0.04;
147;174;6.98;0.07;0.1;
149;150;3.75;0.08;0.15;
149;151;6.56;0.08;0.22;
149;153;8.71;0.08;0.19;
149;154;8.35;0.08;0.1;
149;158;6.27;0.08;0.04;
150;151;3.72;0.15;0.22;
150;152;7.05;0.15;0.62;
150;153;6.4;0.15;0.19;
150;154;7.64;0.15;0.1;
150;158;9.74;0.15;0.04;
151;152;4.07;0.22;0.62;
151;153;6.41;0.22;0.19;
151;154;8.18;0.22;0.1;
152;153;7.18;0.62;0.19;
152;154;6.07;0.62;0.1;
153;154;3.67;0.19;0.1;
158;160;7.22;0.04;0.09;
158;169;8.51;0.04;0.11;
160;167;8.31;0.09;0.12;
160;169;5.29;0.09;0.11;
163;167;5.7;0.23;0.12;
167;169;6.39;0.12;0.11;
169;318;8.83;0.11;0.1;
174;181;9.3;0.1;0.2;
174;297;9.2;0.1;0.17;
174;299;9.29;0.1;0.22;
180;181;3.89;0.23;0.2;
180;389;9.82;0.23;0.21;
180;441;8.23;0.23;0.19;
180;443;6.41;0.23;0.24;
180;455;8.15;0.23;0.24;
181;319;9.96;0.2;0.13;
181;387;9.71;0.2;0.18;
181;443;7.94;0.2;0.24;
202;456;9.61;0.11;0.45;
202;457;6.48;0.11;0.4;
202;460;7.79;0.11;0.27;
270;454;5.43;0.29;0.18;
270;455;6.99;0.29;0.24;
270;456;8.49;0.29;0.45;
297;299;5.32;0.17;0.22;
297;300;8.9;0.17;0.13;
299;300;3.83;0.22;0.13;
299;319;8.85;0.22;0.13;
299;320;7.87;0.22;0.05;
300;319;7.67;0.13;0.13;
300;320;6.17;0.13;0.05;
300;321;8.06;0.13;0.19;
318;319;3.78;0.1;0.13;
318;320;6.96;0.1;0.05;
318;321;7.02;0.1;0.19;
318;322;5.71;0.1;0.14;
318;323;4.16;0.1;0.1;
318;324;5.58;0.1;0.09;
318;326;8.02;0.1;0.13;
318;388;9.71;0.1;0.19;
318;389;8.81;0.1;0.21;
318;497;9.3;0.1;0.09;
319;320;3.79;0.13;0.05;
319;321;5.76;0.13;0.19;
319;322;5.46;0.13;0.14;
319;323;6.05;0.13;0.1;
319;324;6.59;0.13;0.09;
319;387;8.42;0.13;0.18;
319;388;7.4;0.13;0.19;
319;389;7.57;0.13;0.21;
319;443;9.65;0.13;0.24;
320;321;3.84;0.05;0.19;
320;322;5.48;0.05;0.14;
320;323;8.05;0.05;0.1;
320;324;9.2;0.05;0.09;
320;387;6.27;0.05;0.18;
320;388;5.79;0.05;0.19;
320;389;7.82;0.05;0.21;
320;443;9.68;0.05;0.24;
321;322;3.74;0.19;0.14;
321;323;6.94;0.19;0.1;
321;324;9.49;0.19;0.09;
321;387;8.54;0.19;0.18;
321;388;6.49;0.19;0.19;
321;389;8.29;0.19;0.21;
321;497;7.52;0.19;0.09;
322;323;3.73;0.14;0.1;
322;324;6.24;0.14;0.09;
322;326;8.84;0.14;0.13;
322;387;8.6;0.14;0.18;
322;388;5.46;0.14;0.19;
322;389;5.5;0.14;0.21;
322;391;9.43;0.14;0.22;
322;443;9.39;0.14;0.24;
322;496;8.21;0.14;0.19;
322;497;5.3;0.14;0.09;
323;324;3.76;0.1;0.09;
323;326;5.44;0.1;0.13;
323;388;8.19;0.1;0.19;
323;389;6.45;0.1;0.21;
323;391;8.05;0.1;0.22;
323;441;9.55;0.1;0.19;
323;496;7.1;0.1;0.19;
323;497;5.9;0.1;0.09;
324;326;6.5;0.09;0.13;
324;388;8.4;0.09;0.19;
324;389;5.5;0.09;0.21;
324;391;6.43;0.09;0.22;
324;440;9.25;0.09;0.18;
324;441;6.37;0.09;0.19;
324;443;8.26;0.09;0.24;
324;497;8.93;0.09;0.09;
326;391;8.34;0.13;0.22;
326;394;9.76;0.13;0.14;
326;496;6.06;0.13;0.19;
326;497;7.75;0.13;0.09;
387;388;3.78;0.18;0.19;
387;389;6.58;0.18;0.21;
387;443;5.83;0.18;0.24;
388;389;3.75;0.19;0.21;
388;391;9.84;0.19;0.22;
388;441;9.92;0.19;0.19;
388;443;5.56;0.19;0.24;
388;497;9.25;0.19;0.09;
389;391;6.33;0.21;0.22;
389;440;9.96;0.21;0.18;
389;441;6.37;0.21;0.19;
389;443;4.29;0.21;0.24;
389;497;8.62;0.21;0.09;
391;393;5.54;0.22;0.21;
391;394;5.51;0.22;0.14;
391;439;7.2;0.22;0.12;
391;440;6.16;0.22;0.18;
391;441;4.62;0.22;0.19;
391;443;8.56;0.22;0.24;
391;497;9.39;0.22;0.09;
393;394;3.81;0.21;0.14;
393;439;4.76;0.21;0.12;
393;440;6.77;0.21;0.18;
393;441;8.2;0.21;0.19;
394;439;8.37;0.14;0.12;
394;440;9.6;0.14;0.18;
394;441;9.71;0.14;0.19;
439;440;3.85;0.12;0.18;
439;441;6.96;0.12;0.19;
440;441;3.71;0.18;0.19;
440;443;9.62;0.18;0.24;
440;455;8.07;0.18;0.24;
440;456;8.67;0.18;0.45;
441;443;6.3;0.19;0.24;
441;455;8.56;0.19;0.24;
443;455;9.49;0.24;0.24;
454;455;3.81;0.18;0.24;
454;456;5.69;0.18;0.45;
454;457;7.45;0.18;0.4;
454;460;6.21;0.18;0.27;
455;456;3.78;0.24;0.45;
455;457;7.16;0.24;0.4;
455;460;7.52;0.24;0.27;
456;457;3.76;0.45;0.4;
456;460;6.23;0.45;0.27;
457;460;4.98;0.4;0.27;
496;497;3.89;0.19;0.09;
