1;2;50;163;7.54;1.37;0.82;
1;2;50;321;8.63;1.37;1.63;
1;2;50;322;9.9;1.37;1.28;
1;2;51;163;9.9;1.12;0.82;
1;2;51;318;8.67;1.12;0.83;
1;2;51;320;8.59;1.12;1.38;
1;2;51;321;4.86;1.12;1.63;
1;2;51;322;6.41;1.12;1.28;
1;2;51;323;8.28;1.12;1.14;
1;2;54;318;9.55;1.0;0.83;
1;2;54;320;6.8;1.0;1.38;
1;2;54;321;5.38;1.0;1.63;
1;2;54;322;8.9;1.0;1.28;
1;2;56;320;6.28;0.76;1.38;
1;2;56;321;8.05;0.76;1.63;
1;2;90;160;6.53;1.11;0.68;
1;2;91;160;8.03;0.91;0.68;
1;2;94;149;9.72;1.02;1.09;
1;2;94;158;8.48;1.02;0.7;
1;2;94;160;9.67;1.02;0.68;
1;2;99;149;6.64;1.55;1.09;
1;2;99;150;6.3;1.55;1.32;
1;2;99;151;7.31;1.55;1.56;
1;2;99;152;9.75;1.55;2.02;
1;2;152;150;8.53;2.02;1.32;
1;2;152;151;4.97;2.02;1.56;
1;2;152;152;4.36;2.02;2.02;
1;2;153;149;7.75;1.65;1.09;
1;2;153;150;5.28;1.65;1.32;
1;2;153;151;2.89;1.65;1.56;
1;2;153;152;4.64;1.65;2.02;
1;2;154;149;7.7;1.28;1.09;
1;2;154;150;6.99;1.28;1.32;
1;2;154;151;5.85;1.28;1.56;
1;2;154;152;8.33;1.28;2.02;
1;2;297;74;9.41;1.01;0.83;
1;2;299;74;7.86;1.06;0.83;
1;2;299;320;7.63;1.06;1.38;
1;2;300;320;6.68;0.96;1.38;
1;2;300;321;7.69;0.96;1.63;
1;2;387;320;6.22;0.83;1.38;
1;2;387;321;8.23;0.83;1.63;
1;2;387;322;8.87;0.83;1.28;
1;2;388;320;5.79;0.78;1.38;
1;2;388;321;6.11;0.78;1.63;
1;2;388;322;5.73;0.78;1.28;
1;2;388;323;8.81;0.78;1.14;
1;2;388;324;9.42;0.78;0.93;
1;2;389;318;9.16;0.91;0.83;
1;2;389;320;7.47;0.91;1.38;
1;2;389;321;7.71;0.91;1.63;
1;2;389;322;5.26;0.91;1.28;
1;2;389;323;6.92;0.91;1.14;
1;2;389;324;6.55;0.91;0.93;
1;2;391;22;9.84;0.92;1.36;
1;2;391;322;8.96;0.92;1.28;
1;2;391;323;8.22;0.92;1.14;
1;2;391;324;7.09;0.92;0.93;
1;2;391;326;8.79;0.92;0.93;
1;2;393;19;8.13;0.98;7.06;
1;2;393;20;8.7;0.98;5.65;
1;2;393;22;9.95;0.98;1.36;
1;2;394;19;8.48;0.86;7.06;
1;2;439;20;8.5;1.42;5.65;
1;2;439;22;8.5;1.42;1.36;
1;2;439;67;7.86;1.42;0.92;
1;2;441;67;9.32;1.16;0.92;
1;2;441;180;8.46;1.16;1.18;
1;2;441;323;9.48;1.16;1.14;
1;2;441;324;6.73;1.16;0.93;
1;2;443;180;7.95;0.89;1.18;
1;2;443;181;9.26;0.89;0.9;
1;2;443;320;9.19;0.89;1.38;
1;2;443;322;9.19;0.89;1.28;
1;2;443;324;9.14;0.89;0.93;
1;2;455;180;8.9;1.26;1.18;
1;2;457;202;6.76;1.51;1.34;
1;2;457;270;7.44;1.51;1.56;
1;2;496;322;8.2;1.43;1.28;
1;2;496;323;7.49;1.43;1.14;
1;2;496;326;6.84;1.43;0.93;
1;2;497;318;9.67;1.15;0.83;
1;2;497;321;7.49;1.15;1.63;
1;2;497;322;5.59;1.15;1.28;
1;2;497;323;6.6;1.15;1.14;
1;2;497;324;9.76;1.15;0.93;
1;2;497;326;8.5;1.15;0.93;
