1;2;20;391;9.76;6.15;0.87;
1;2;20;393;7.91;6.15;0.87;
1;2;20;394;9.14;6.15;0.94;
1;2;74;297;9.33;0.91;0.84;
1;2;74;299;8.06;0.91;0.86;
1;2;76;299;9.99;0.67;0.86;
1;2;76;300;9.89;0.67;0.81;
1;2;147;94;9.98;0.7;0.86;
1;2;148;99;8.73;0.68;1.14;
1;2;148;153;9.26;0.68;1.5;
1;2;148;154;9.51;0.68;1.02;
1;2;149;94;9.31;0.92;0.86;
1;2;149;97;8.47;0.92;0.74;
1;2;149;99;6.48;0.92;1.14;
1;2;149;151;9.55;0.92;1.4;
1;2;149;152;9.34;0.92;1.59;
1;2;149;153;5.95;0.92;1.5;
1;2;149;154;5.96;0.92;1.02;
1;2;150;99;6.79;1.16;1.14;
1;2;150;151;7.71;1.16;1.4;
1;2;150;152;6.23;1.16;1.59;
1;2;150;153;3.25;1.16;1.5;
1;2;150;154;5.6;1.16;1.02;
1;2;151;99;8.59;1.4;1.14;
1;2;151;151;4.77;1.4;1.4;
1;2;151;152;3.13;1.4;1.59;
1;2;151;153;3.13;1.4;1.5;
1;2;151;154;5.67;1.4;1.02;
1;2;152;151;6.32;1.59;1.4;
1;2;152;152;3.11;1.59;1.59;
1;2;152;153;5.74;1.59;1.5;
1;2;152;154;8.78;1.59;1.02;
1;2;158;90;9.18;0.72;0.85;
1;2;158;91;9.56;0.72;0.79;
1;2;158;94;7.5;0.72;0.86;
1;2;160;90;5.02;0.71;0.85;
1;2;160;91;6.96;0.71;0.79;
1;2;160;94;8.97;0.71;0.86;
1;2;162;50;8.99;0.81;1.09;
1;2;162;54;8.82;0.81;0.75;
1;2;162;90;8.13;0.81;0.85;
1;2;162;91;9.51;0.81;0.79;
1;2;163;50;6.17;0.85;1.09;
1;2;163;51;8.92;0.85;0.99;
1;2;163;54;9.3;0.85;0.75;
1;2;167;50;9.13;0.65;1.09;
1;2;169;90;9.45;0.63;0.85;
1;2;169;91;9.56;0.63;0.79;
1;2;318;51;9.3;0.89;0.99;
1;2;318;54;9.27;0.89;0.75;
1;2;318;300;9.64;0.89;0.81;
1;2;320;54;7.82;1.53;0.75;
1;2;320;56;5.87;1.53;0.69;
1;2;320;297;9.4;1.53;0.84;
1;2;320;299;6.43;1.53;0.86;
1;2;320;300;6.53;1.53;0.81;
1;2;320;387;6.55;1.53;0.8;
1;2;320;388;7.07;1.53;0.77;
1;2;320;389;8.84;1.53;0.88;
1;2;321;51;6.34;1.84;0.99;
1;2;321;54;5.79;1.84;0.75;
1;2;321;56;6.85;1.84;0.69;
1;2;321;299;8.76;1.84;0.86;
1;2;321;300;6.93;1.84;0.81;
1;2;321;387;7.26;1.84;0.8;
1;2;321;388;5.96;1.84;0.77;
1;2;321;389;7.98;1.84;0.88;
1;2;321;497;8.53;1.84;1.06;
1;2;322;51;7.7;1.36;0.99;
1;2;322;54;9.05;1.36;0.75;
1;2;322;387;7.73;1.36;0.8;
1;2;322;388;5.32;1.36;0.77;
1;2;322;389;5.35;1.36;0.88;
1;2;322;391;9.8;1.36;0.87;
1;2;322;443;8.86;1.36;0.81;
1;2;322;496;9.78;1.36;1.14;
1;2;322;497;7.16;1.36;1.06;
1;2;323;51;8.85;1.08;0.99;
1;2;323;388;8.8;1.08;0.77;
1;2;323;389;7.47;1.08;0.88;
1;2;323;391;9.57;1.08;0.87;
1;2;323;496;8.61;1.08;1.14;
1;2;323;497;7.49;1.08;1.06;
1;2;326;391;9.61;0.86;0.87;
1;2;326;496;7.15;0.86;1.14;
1;2;326;497;8.43;0.86;1.06;
1;2;327;496;7.37;0.74;1.14;
1;2;327;497;9.72;0.74;1.06;
