1;2;50;163;8.34;1.29;0.77;
1;2;50;321;8.33;1.29;1.12;
1;2;50;322;9.44;1.29;1.03;
1;2;51;318;8.21;1.01;0.73;
1;2;51;319;8.95;1.01;0.74;
1;2;51;320;8.25;1.01;1.18;
1;2;51;321;4.65;1.01;1.12;
1;2;51;322;5.97;1.01;1.03;
1;2;51;323;7.72;1.01;0.88;
1;2;54;318;8.78;0.9;0.73;
1;2;54;319;7.51;0.9;0.74;
1;2;54;320;5.84;0.9;1.18;
1;2;54;321;5.21;0.9;1.12;
1;2;54;322;8.53;0.9;1.03;
1;2;90;158;9.71;0.78;0.64;
1;2;90;160;7.04;0.78;0.65;
1;2;91;158;9.87;0.76;0.64;
1;2;91;160;8.72;0.76;0.65;
1;2;94;149;9.43;0.73;0.83;
1;2;94;158;8.78;0.73;0.64;
1;2;100;149;7.46;1.23;0.83;
1;2;100;150;6.38;1.23;0.95;
1;2;100;151;8.75;1.23;1.25;
1;2;152;150;7.74;1.58;0.95;
1;2;152;151;5.64;1.58;1.25;
1;2;152;152;5.11;1.58;1.58;
1;2;153;149;8.71;1.09;0.83;
1;2;153;150;6.4;1.09;0.95;
1;2;153;151;6.41;1.09;1.25;
1;2;153;152;7.18;1.09;1.58;
1;2;154;149;8.35;0.83;0.83;
1;2;154;150;7.64;0.83;0.95;
1;2;154;151;8.18;0.83;1.25;
1;2;297;74;8.94;0.79;0.81;
1;2;297;174;9.2;0.79;0.8;
1;2;299;74;6.8;0.86;0.81;
1;2;299;174;9.29;0.86;0.8;
1;2;299;319;8.85;0.86;0.74;
1;2;299;320;7.87;0.86;1.18;
1;2;300;74;8.76;0.81;0.81;
1;2;300;76;9.74;0.81;0.62;
1;2;300;319;7.67;0.81;0.74;
1;2;300;320;6.17;0.81;1.18;
1;2;300;321;8.06;0.81;1.12;
1;2;387;181;9.71;0.74;0.91;
1;2;387;319;8.42;0.74;0.74;
1;2;387;320;6.27;0.74;1.18;
1;2;387;321;8.54;0.74;1.12;
1;2;387;322;8.6;0.74;1.03;
1;2;388;318;9.71;0.72;0.73;
1;2;388;319;7.4;0.72;0.74;
1;2;388;320;5.79;0.72;1.18;
1;2;388;321;6.49;0.72;1.12;
1;2;388;322;5.46;0.72;1.03;
1;2;388;323;8.19;0.72;0.88;
1;2;388;324;8.4;0.72;0.76;
1;2;389;72;9.86;0.83;0.69;
1;2;389;180;9.82;0.83;1.18;
1;2;389;318;8.81;0.83;0.73;
1;2;389;319;7.57;0.83;0.74;
1;2;389;320;7.82;0.83;1.18;
1;2;389;321;8.29;0.83;1.12;
1;2;389;322;5.5;0.83;1.03;
1;2;389;323;6.45;0.83;0.88;
1;2;389;324;5.5;0.83;0.76;
1;2;391;22;8.56;0.79;1.31;
1;2;391;67;9.48;0.79;0.83;
1;2;391;322;9.43;0.79;1.03;
1;2;391;323;8.05;0.79;0.88;
1;2;391;324;6.43;0.79;0.76;
1;2;391;326;8.34;0.79;0.78;
1;2;393;19;7.57;0.8;6.36;
1;2;393;20;7.39;0.8;4.92;
1;2;393;22;8.42;0.8;1.31;
1;2;393;67;9.93;0.8;0.83;
1;2;394;19;8.05;0.73;6.36;
1;2;394;20;9.22;0.73;4.92;
1;2;394;22;9.76;0.73;1.31;
1;2;394;326;9.76;0.73;0.78;
1;2;439;19;9.79;1.13;6.36;
1;2;439;20;7.54;1.13;4.92;
1;2;439;22;7.51;1.13;1.31;
1;2;439;67;6.2;1.13;0.83;
1;2;439;68;8.26;1.13;0.91;
1;2;440;22;9.02;1.1;1.31;
1;2;440;67;6.06;1.1;0.83;
1;2;440;68;6.34;1.1;0.91;
1;2;440;324;9.25;1.1;0.76;
1;2;441;22;9.59;0.85;1.31;
1;2;441;67;7.46;0.85;0.83;
1;2;441;68;7.08;0.85;0.91;
1;2;441;72;9.96;0.85;0.69;
1;2;441;180;8.23;0.85;1.18;
1;2;441;323;9.55;0.85;0.88;
1;2;441;324;6.37;0.85;0.76;
1;2;443;72;9.7;0.79;0.69;
1;2;443;180;6.41;0.79;1.18;
1;2;443;181;7.94;0.79;0.91;
1;2;443;319;9.65;0.79;0.74;
1;2;443;320;9.68;0.79;1.18;
1;2;443;322;9.39;0.79;1.03;
1;2;443;324;8.26;0.79;0.76;
1;2;454;128;7.67;0.91;1.07;
1;2;454;270;5.43;0.91;1.77;
1;2;455;128;6.32;0.96;1.07;
1;2;455;129;7.48;0.96;0.95;
1;2;455;180;8.15;0.96;1.18;
1;2;455;270;6.99;0.96;1.77;
1;2;456;128;5.63;1.08;1.07;
1;2;456;129;5.87;1.08;0.95;
1;2;456;202;9.61;1.08;1.23;
1;2;456;270;8.49;1.08;1.77;
1;2;457;128;7.61;1.08;1.07;
1;2;457;129;7.94;1.08;0.95;
1;2;457;202;6.48;1.08;1.23;
1;2;460;202;7.79;0.87;1.23;
1;2;496;322;8.21;0.95;1.03;
1;2;496;323;7.1;0.95;0.88;
1;2;496;326;6.06;0.95;0.78;
1;2;497;318;9.3;0.89;0.73;
1;2;497;321;7.52;0.89;1.12;
1;2;497;322;5.3;0.89;1.03;
1;2;497;323;5.9;0.89;0.88;
1;2;497;324;8.93;0.89;0.76;
1;2;497;326;7.75;0.89;0.78;
