1;2;50;321;8.44;1.14;0.68;
1;2;50;322;9.43;1.14;0.62;
1;2;51;318;8.14;0.71;0.6;
1;2;51;319;9.0;0.71;0.63;
1;2;51;320;8.26;0.71;0.67;
1;2;51;321;4.67;0.71;0.68;
1;2;51;322;5.87;0.71;0.62;
1;2;51;323;7.62;0.71;0.62;
1;2;54;76;9.92;0.67;0.56;
1;2;54;318;8.71;0.67;0.6;
1;2;54;319;7.21;0.67;0.63;
1;2;54;320;5.52;0.67;0.67;
1;2;54;321;5.39;0.67;0.68;
1;2;54;322;8.66;0.67;0.62;
1;2;90;158;9.23;1.06;0.75;
1;2;90;160;7.41;1.06;0.77;
1;2;91;158;9.85;0.75;0.75;
1;2;91;160;9.39;0.75;0.77;
1;2;94;158;9.22;0.93;0.75;
1;2;152;150;8.76;1.91;1.32;
1;2;152;152;5.87;1.91;1.91;
1;2;153;150;6.14;1.8;1.32;
1;2;153;152;6.58;1.8;1.91;
1;2;154;150;7.84;1.18;1.32;
1;2;154;152;9.86;1.18;1.91;
1;2;297;74;9.52;0.97;0.82;
1;2;297;174;9.53;0.97;0.92;
1;2;297;176;8.05;0.97;1.36;
1;2;299;74;6.84;1.03;0.82;
1;2;299;174;9.08;1.03;0.92;
1;2;299;319;9.0;1.03;0.63;
1;2;299;320;8.13;1.03;0.67;
1;2;300;74;8.44;0.83;0.82;
1;2;300;76;9.94;0.83;0.56;
1;2;300;319;7.57;0.83;0.63;
1;2;300;320;6.14;0.83;0.67;
1;2;300;321;8.45;0.83;0.68;
1;2;387;180;9.91;0.67;0.73;
1;2;387;181;9.51;0.67;0.71;
1;2;387;319;8.63;0.67;0.63;
1;2;387;320;6.49;0.67;0.67;
1;2;387;321;8.79;0.67;0.68;
1;2;387;322;8.88;0.67;0.62;
1;2;388;318;9.82;0.62;0.6;
1;2;388;319;7.47;0.62;0.63;
1;2;388;320;5.79;0.62;0.67;
1;2;388;321;6.55;0.62;0.68;
1;2;388;322;5.58;0.62;0.62;
1;2;388;323;8.32;0.62;0.62;
1;2;388;324;8.54;0.62;0.6;
1;2;389;72;9.55;0.66;0.58;
1;2;389;180;9.8;0.66;0.73;
1;2;389;318;8.91;0.66;0.6;
1;2;389;319;7.65;0.66;0.63;
1;2;389;320;7.88;0.66;0.67;
1;2;389;321;8.39;0.66;0.68;
1;2;389;322;5.64;0.66;0.62;
1;2;389;323;6.58;0.66;0.62;
1;2;389;324;5.57;0.66;0.6;
1;2;391;22;8.49;0.68;1.45;
1;2;391;67;8.97;0.68;0.73;
1;2;391;322;9.56;0.68;0.62;
1;2;391;323;8.19;0.68;0.62;
1;2;391;324;6.41;0.68;0.6;
1;2;391;326;8.67;0.68;0.63;
1;2;393;20;7.12;0.78;4.23;
1;2;393;22;8.36;0.78;1.45;
1;2;393;67;8.98;0.78;0.73;
1;2;394;20;7.59;0.74;4.23;
1;2;394;22;9.42;0.74;1.45;
1;2;418;236;7.85;0.97;1.09;
1;2;436;20;9.77;0.81;4.23;
1;2;439;20;9.18;1.16;4.23;
1;2;439;22;8.45;1.16;1.45;
1;2;439;67;5.84;1.16;0.73;
1;2;439;68;7.44;1.16;0.78;
1;2;440;22;9.55;1.21;1.45;
1;2;440;67;5.78;1.21;0.73;
1;2;440;68;5.51;1.21;0.78;
1;2;440;129;9.56;1.21;0.8;
1;2;440;324;9.39;1.21;0.6;
1;2;441;22;9.67;0.91;1.45;
1;2;441;67;7.15;0.91;0.73;
1;2;441;68;6.61;0.91;0.78;
1;2;441;72;9.46;0.91;0.58;
1;2;441;180;8.37;0.91;0.73;
1;2;441;323;9.58;0.91;0.62;
1;2;441;324;6.31;0.91;0.6;
1;2;443;72;9.26;0.77;0.58;
1;2;443;180;6.18;0.77;0.73;
1;2;443;181;7.57;0.77;0.71;
1;2;443;319;9.59;0.77;0.63;
1;2;443;320;9.61;0.77;0.67;
1;2;443;322;9.52;0.77;0.62;
1;2;443;324;8.44;0.77;0.6;
1;2;454;128;6.72;1.16;0.74;
1;2;454;129;9.1;1.16;0.8;
1;2;454;202;9.9;1.16;1.25;
1;2;454;270;6.83;1.16;1.15;
1;2;455;128;5.51;1.41;0.74;
1;2;455;129;6.62;1.41;0.8;
1;2;455;180;7.84;1.41;0.73;
1;2;455;270;9.88;1.41;1.15;
1;2;456;68;9.72;1.24;0.78;
1;2;456;128;5.0;1.24;0.74;
1;2;456;129;4.63;1.24;0.8;
1;2;456;202;9.84;1.24;1.25;
1;2;456;270;9.63;1.24;1.15;
1;2;457;128;6.97;1.35;0.74;
1;2;457;129;6.68;1.35;0.8;
1;2;457;202;6.69;1.35;1.25;
1;2;457;270;8.71;1.35;1.15;
1;2;460;128;9.83;1.05;0.74;
1;2;460;202;6.35;1.05;1.25;
1;2;460;270;8.09;1.05;1.15;
1;2;494;18;7.41;1.01;5.77;
1;2;494;20;9.44;1.01;4.23;
1;2;494;326;9.27;1.01;0.63;
1;2;496;322;8.13;0.85;0.62;
1;2;496;323;6.98;0.85;0.62;
1;2;496;324;9.89;0.85;0.6;
1;2;496;326;5.9;0.85;0.63;
1;2;497;318;9.35;0.72;0.6;
1;2;497;321;7.55;0.72;0.68;
1;2;497;322;5.23;0.72;0.62;
1;2;497;323;5.88;0.72;0.62;
1;2;497;324;8.89;0.72;0.6;
1;2;497;326;7.78;0.72;0.63;
2;3;50;321;8.45;1.14;0.68;
2;3;50;322;9.44;1.14;0.62;
2;3;51;318;8.14;0.71;0.6;
2;3;51;319;8.99;0.71;0.63;
2;3;51;320;8.28;0.71;0.67;
2;3;51;321;4.68;0.71;0.68;
2;3;51;322;5.88;0.71;0.62;
2;3;51;323;7.62;0.71;0.62;
2;3;54;76;9.93;0.67;0.56;
2;3;54;318;8.67;0.67;0.6;
2;3;54;319;7.19;0.67;0.63;
2;3;54;320;5.55;0.67;0.67;
2;3;54;321;5.41;0.67;0.68;
2;3;54;322;8.68;0.67;0.62;
2;3;90;158;9.23;1.06;0.75;
2;3;90;160;7.37;1.06;0.77;
2;3;91;158;9.85;0.75;0.75;
2;3;91;160;9.34;0.75;0.77;
2;3;94;158;9.22;0.93;0.75;
2;3;152;150;8.77;1.91;1.32;
2;3;152;152;5.88;1.91;1.91;
2;3;153;150;6.11;1.8;1.32;
2;3;153;152;6.58;1.8;1.91;
2;3;154;150;7.79;1.18;1.32;
2;3;154;152;9.85;1.18;1.91;
2;3;297;74;9.5;0.97;0.82;
2;3;297;174;9.51;0.97;0.92;
2;3;297;176;8.04;0.97;1.36;
2;3;299;74;6.83;1.03;0.82;
2;3;299;174;9.06;1.03;0.92;
2;3;299;319;9.0;1.03;0.63;
2;3;299;320;8.1;1.03;0.67;
2;3;300;74;8.43;0.83;0.82;
2;3;300;319;7.55;0.83;0.63;
2;3;300;320;6.11;0.83;0.67;
2;3;300;321;8.44;0.83;0.68;
2;3;387;180;9.91;0.67;0.73;
2;3;387;181;9.5;0.67;0.71;
2;3;387;319;8.62;0.67;0.63;
2;3;387;320;6.49;0.67;0.67;
2;3;387;321;8.78;0.67;0.68;
2;3;387;322;8.88;0.67;0.62;
2;3;388;318;9.81;0.62;0.6;
2;3;388;319;7.46;0.62;0.63;
2;3;388;320;5.81;0.62;0.67;
2;3;388;321;6.56;0.62;0.68;
2;3;388;322;5.59;0.62;0.62;
2;3;388;323;8.36;0.62;0.62;
2;3;388;324;8.54;0.62;0.6;
2;3;389;72;9.56;0.66;0.58;
2;3;389;180;9.8;0.66;0.73;
2;3;389;318;8.91;0.66;0.6;
2;3;389;319;7.67;0.66;0.63;
2;3;389;320;7.93;0.66;0.67;
2;3;389;321;8.42;0.66;0.68;
2;3;389;322;5.67;0.66;0.62;
2;3;389;323;6.63;0.66;0.62;
2;3;389;324;5.57;0.66;0.6;
2;3;391;22;8.49;0.68;1.45;
2;3;391;67;8.98;0.68;0.73;
2;3;391;322;9.57;0.68;0.62;
2;3;391;323;8.23;0.68;0.62;
2;3;391;324;6.4;0.68;0.6;
2;3;391;326;8.67;0.68;0.63;
2;3;393;20;7.01;0.78;4.23;
2;3;393;22;8.37;0.78;1.45;
2;3;393;67;9.02;0.78;0.73;
2;3;394;20;7.53;0.74;4.23;
2;3;394;22;9.46;0.74;1.45;
2;3;436;20;9.69;0.81;4.23;
2;3;439;20;9.08;1.16;4.23;
2;3;439;22;8.44;1.16;1.45;
2;3;439;67;5.86;1.16;0.73;
2;3;439;68;7.47;1.16;0.78;
2;3;440;22;9.54;1.21;1.45;
2;3;440;67;5.79;1.21;0.73;
2;3;440;68;5.53;1.21;0.78;
2;3;440;129;9.59;1.21;0.8;
2;3;440;324;9.41;1.21;0.6;
2;3;441;22;9.68;0.91;1.45;
2;3;441;67;7.17;0.91;0.73;
2;3;441;68;6.62;0.91;0.78;
2;3;441;72;9.49;0.91;0.58;
2;3;441;180;8.36;0.91;0.73;
2;3;441;323;9.66;0.91;0.62;
2;3;441;324;6.35;0.91;0.6;
2;3;443;72;9.27;0.77;0.58;
2;3;443;180;6.18;0.77;0.73;
2;3;443;181;7.59;0.77;0.71;
2;3;443;319;9.62;0.77;0.63;
2;3;443;320;9.66;0.77;0.67;
2;3;443;322;9.55;0.77;0.62;
2;3;443;324;8.46;0.77;0.6;
2;3;454;128;6.74;1.16;0.74;
2;3;454;129;9.09;1.16;0.8;
2;3;454;202;9.91;1.16;1.25;
2;3;454;270;6.86;1.16;1.15;
2;3;455;128;5.53;1.41;0.74;
2;3;455;129;6.62;1.41;0.8;
2;3;455;180;7.87;1.41;0.73;
2;3;455;270;9.9;1.41;1.15;
2;3;456;68;9.74;1.24;0.78;
2;3;456;128;5.04;1.24;0.74;
2;3;456;129;4.66;1.24;0.8;
2;3;456;202;9.85;1.24;1.25;
2;3;456;270;9.65;1.24;1.15;
2;3;457;128;7.02;1.35;0.74;
2;3;457;129;6.72;1.35;0.8;
2;3;457;202;6.72;1.35;1.25;
2;3;457;270;8.74;1.35;1.15;
2;3;460;128;9.86;1.05;0.74;
2;3;460;202;6.4;1.05;1.25;
2;3;460;270;8.14;1.05;1.15;
2;3;494;18;7.47;1.01;5.77;
2;3;494;20;9.47;1.01;4.23;
2;3;494;326;9.3;1.01;0.63;
2;3;496;322;8.11;0.85;0.62;
2;3;496;323;6.93;0.85;0.62;
2;3;496;324;9.87;0.85;0.6;
2;3;496;326;5.88;0.85;0.63;
2;3;497;318;9.34;0.72;0.6;
2;3;497;321;7.57;0.72;0.68;
2;3;497;322;5.23;0.72;0.62;
2;3;497;323;5.86;0.72;0.62;
2;3;497;324;8.88;0.72;0.6;
2;3;497;326;7.77;0.72;0.63;
3;4;50;321;8.45;1.14;0.68;
3;4;50;322;9.46;1.14;0.62;
3;4;51;318;8.18;0.71;0.6;
3;4;51;319;9.04;0.71;0.63;
3;4;51;320;8.29;0.71;0.67;
3;4;51;321;4.67;0.71;0.68;
3;4;51;322;5.91;0.71;0.62;
3;4;51;323;7.67;0.71;0.62;
3;4;54;76;9.92;0.67;0.56;
3;4;54;318;8.72;0.67;0.6;
3;4;54;319;7.22;0.67;0.63;
3;4;54;320;5.52;0.67;0.67;
3;4;54;321;5.38;0.67;0.68;
3;4;54;322;8.67;0.67;0.62;
3;4;90;158;9.25;1.06;0.75;
3;4;90;160;7.4;1.06;0.77;
3;4;91;158;9.88;0.75;0.75;
3;4;91;160;9.39;0.75;0.77;
3;4;94;158;9.22;0.93;0.75;
3;4;152;150;8.78;1.91;1.32;
3;4;152;152;5.88;1.91;1.91;
3;4;153;150;6.14;1.8;1.32;
3;4;153;152;6.57;1.8;1.91;
3;4;154;150;7.86;1.18;1.32;
3;4;154;152;9.87;1.18;1.91;
3;4;297;74;9.54;0.97;0.82;
3;4;297;174;9.57;0.97;0.92;
3;4;297;176;8.08;0.97;1.36;
3;4;299;74;6.84;1.03;0.82;
3;4;299;174;9.09;1.03;0.92;
3;4;299;319;9.0;1.03;0.63;
3;4;299;320;8.1;1.03;0.67;
3;4;300;74;8.44;0.83;0.82;
3;4;300;76;9.98;0.83;0.56;
3;4;300;319;7.58;0.83;0.63;
3;4;300;320;6.12;0.83;0.67;
3;4;300;321;8.44;0.83;0.68;
3;4;387;180;9.96;0.67;0.73;
3;4;387;181;9.55;0.67;0.71;
3;4;387;319;8.63;0.67;0.63;
3;4;387;320;6.49;0.67;0.67;
3;4;387;321;8.78;0.67;0.68;
3;4;387;322;8.87;0.67;0.62;
3;4;388;318;9.84;0.62;0.6;
3;4;388;319;7.48;0.62;0.63;
3;4;388;320;5.81;0.62;0.67;
3;4;388;321;6.56;0.62;0.68;
3;4;388;322;5.59;0.62;0.62;
3;4;388;323;8.35;0.62;0.62;
3;4;388;324;8.58;0.62;0.6;
3;4;389;72;9.57;0.66;0.58;
3;4;389;180;9.8;0.66;0.73;
3;4;389;318;8.94;0.66;0.6;
3;4;389;319;7.67;0.66;0.63;
3;4;389;320;7.9;0.66;0.67;
3;4;389;321;8.4;0.66;0.68;
3;4;389;322;5.65;0.66;0.62;
3;4;389;323;6.61;0.66;0.62;
3;4;389;324;5.62;0.66;0.6;
3;4;391;22;8.56;0.68;1.45;
3;4;391;67;9.04;0.68;0.73;
3;4;391;322;9.54;0.68;0.62;
3;4;391;323;8.2;0.68;0.62;
3;4;391;324;6.43;0.68;0.6;
3;4;391;326;8.7;0.68;0.63;
3;4;393;20;7.14;0.78;4.23;
3;4;393;22;8.43;0.78;1.45;
3;4;393;67;9.07;0.78;0.73;
3;4;394;20;7.66;0.74;4.23;
3;4;394;22;9.49;0.74;1.45;
3;4;436;20;9.81;0.81;4.23;
3;4;439;20;9.15;1.16;4.23;
3;4;439;22;8.49;1.16;1.45;
3;4;439;67;5.9;1.16;0.73;
3;4;439;68;7.48;1.16;0.78;
3;4;440;22;9.61;1.21;1.45;
3;4;440;67;5.86;1.21;0.73;
3;4;440;68;5.59;1.21;0.78;
3;4;440;129;9.6;1.21;0.8;
3;4;440;324;9.41;1.21;0.6;
3;4;441;22;9.73;0.91;1.45;
3;4;441;67;7.21;0.91;0.73;
3;4;441;68;6.66;0.91;0.78;
3;4;441;72;9.49;0.91;0.58;
3;4;441;180;8.36;0.91;0.73;
3;4;441;323;9.59;0.91;0.62;
3;4;441;324;6.34;0.91;0.6;
3;4;443;72;9.29;0.77;0.58;
3;4;443;180;6.19;0.77;0.73;
3;4;443;181;7.59;0.77;0.71;
3;4;443;319;9.61;0.77;0.63;
3;4;443;320;9.63;0.77;0.67;
3;4;443;322;9.53;0.77;0.62;
3;4;443;324;8.49;0.77;0.6;
3;4;454;128;6.79;1.16;0.74;
3;4;454;129;9.17;1.16;0.8;
3;4;454;202;9.91;1.16;1.25;
3;4;454;270;6.9;1.16;1.15;
3;4;455;128;5.55;1.41;0.74;
3;4;455;129;6.67;1.41;0.8;
3;4;455;180;7.86;1.41;0.73;
3;4;455;270;9.93;1.41;1.15;
3;4;456;68;9.78;1.24;0.78;
3;4;456;128;5.03;1.24;0.74;
3;4;456;129;4.71;1.24;0.8;
3;4;456;202;9.83;1.24;1.25;
3;4;456;270;9.66;1.24;1.15;
3;4;457;128;7.01;1.35;0.74;
3;4;457;129;6.76;1.35;0.8;
3;4;457;202;6.68;1.35;1.25;
3;4;457;270;8.74;1.35;1.15;
3;4;460;128;9.88;1.05;0.74;
3;4;460;202;6.42;1.05;1.25;
3;4;460;270;8.15;1.05;1.15;
3;4;494;18;7.58;1.01;5.77;
3;4;494;20;9.54;1.01;4.23;
3;4;494;326;9.29;1.01;0.63;
3;4;496;322;8.13;0.85;0.62;
3;4;496;323;7.01;0.85;0.62;
3;4;496;324;9.92;0.85;0.6;
3;4;496;326;5.95;0.85;0.63;
3;4;497;318;9.37;0.72;0.6;
3;4;497;321;7.55;0.72;0.68;
3;4;497;322;5.25;0.72;0.62;
3;4;497;323;5.92;0.72;0.62;
3;4;497;324;8.93;0.72;0.6;
3;4;497;326;7.83;0.72;0.63;
1;4;18;494;7.55;5.77;1.01;
1;4;20;393;7.14;4.23;0.78;
1;4;20;394;7.62;4.23;0.74;
1;4;20;436;9.89;4.23;0.81;
1;4;20;439;9.13;4.23;1.16;
1;4;20;494;9.47;4.23;1.01;
1;4;22;391;8.61;1.45;0.68;
1;4;22;393;8.54;1.45;0.78;
1;4;22;394;9.61;1.45;0.74;
1;4;22;439;8.53;1.45;1.16;
1;4;22;440;9.67;1.45;1.21;
1;4;22;441;9.76;1.45;0.91;
1;4;67;391;9.1;0.73;0.68;
1;4;67;393;9.17;0.73;0.78;
1;4;67;439;6.02;0.73;1.16;
1;4;67;440;5.97;0.73;1.21;
1;4;67;441;7.27;0.73;0.91;
1;4;68;439;7.63;0.78;1.16;
1;4;68;440;5.75;0.78;1.21;
1;4;68;441;6.77;0.78;0.91;
1;4;68;456;9.86;0.78;1.24;
1;4;72;389;9.62;0.58;0.66;
1;4;72;441;9.55;0.58;0.91;
1;4;72;443;9.34;0.58;0.77;
1;4;74;297;9.56;0.82;0.97;
1;4;74;299;6.88;0.82;1.03;
1;4;74;300;8.48;0.82;0.83;
1;4;76;54;9.99;0.56;0.67;
1;4;128;454;7.05;0.74;1.16;
1;4;128;455;5.81;0.74;1.41;
1;4;128;456;5.19;0.74;1.24;
1;4;128;457;7.11;0.74;1.35;
1;4;129;440;9.73;0.8;1.21;
1;4;129;454;9.4;0.8;1.16;
1;4;129;455;6.93;0.8;1.41;
1;4;129;456;4.96;0.8;1.24;
1;4;129;457;6.97;0.8;1.35;
1;4;150;152;8.76;1.32;1.91;
1;4;150;153;6.12;1.32;1.8;
1;4;150;154;7.84;1.32;1.18;
1;4;152;152;5.94;1.91;1.91;
1;4;152;153;6.62;1.91;1.8;
1;4;152;154;9.92;1.91;1.18;
1;4;158;90;9.24;0.75;1.06;
1;4;158;91;9.88;0.75;0.75;
1;4;158;94;9.24;0.75;0.93;
1;4;160;90;7.35;0.77;1.06;
1;4;160;91;9.35;0.77;0.75;
1;4;174;297;9.62;0.92;0.97;
1;4;174;299;9.16;0.92;1.03;
1;4;176;297;8.15;1.36;0.97;
1;4;180;389;9.89;0.73;0.66;
1;4;180;441;8.42;0.73;0.91;
1;4;180;443;6.31;0.73;0.77;
1;4;180;455;7.99;0.73;1.41;
1;4;181;387;9.64;0.71;0.67;
1;4;181;443;7.69;0.71;0.77;
1;4;202;456;9.93;1.25;1.24;
1;4;202;457;6.7;1.25;1.35;
1;4;202;460;6.73;1.25;1.05;
1;4;270;454;7.08;1.15;1.16;
1;4;270;456;9.66;1.15;1.24;
1;4;270;457;8.67;1.15;1.35;
1;4;270;460;8.32;1.15;1.05;
1;4;318;51;8.18;0.6;0.71;
1;4;318;54;8.73;0.6;0.67;
1;4;318;388;9.91;0.6;0.62;
1;4;318;389;8.99;0.6;0.66;
1;4;318;497;9.4;0.6;0.72;
1;4;319;51;9.03;0.63;0.71;
1;4;319;54;7.25;0.63;0.67;
1;4;319;299;9.04;0.63;1.03;
1;4;319;300;7.61;0.63;0.83;
1;4;319;387;8.7;0.63;0.67;
1;4;319;388;7.56;0.63;0.62;
1;4;319;389;7.72;0.63;0.66;
1;4;319;443;9.67;0.63;0.77;
1;4;320;51;8.28;0.67;0.71;
1;4;320;54;5.57;0.67;0.67;
1;4;320;299;8.14;0.67;1.03;
1;4;320;300;6.15;0.67;0.83;
1;4;320;387;6.53;0.67;0.67;
1;4;320;388;5.85;0.67;0.62;
1;4;320;389;7.92;0.67;0.66;
1;4;320;443;9.66;0.67;0.77;
1;4;321;50;8.46;0.68;1.14;
1;4;321;51;4.67;0.68;0.71;
1;4;321;54;5.39;0.68;0.67;
1;4;321;300;8.46;0.68;0.83;
1;4;321;387;8.81;0.68;0.67;
1;4;321;388;6.59;0.68;0.62;
1;4;321;389;8.44;0.68;0.66;
1;4;321;497;7.58;0.68;0.72;
1;4;322;50;9.47;0.62;1.14;
1;4;322;51;5.89;0.62;0.71;
1;4;322;54;8.69;0.62;0.67;
1;4;322;387;8.93;0.62;0.67;
1;4;322;388;5.65;0.62;0.62;
1;4;322;389;5.68;0.62;0.66;
1;4;322;391;9.57;0.62;0.68;
1;4;322;443;9.56;0.62;0.77;
1;4;322;496;8.12;0.62;0.85;
1;4;322;497;5.24;0.62;0.72;
1;4;323;51;7.67;0.62;0.71;
1;4;323;388;8.47;0.62;0.62;
1;4;323;389;6.7;0.62;0.66;
1;4;323;391;8.28;0.62;0.68;
1;4;323;441;9.68;0.62;0.91;
1;4;323;496;7.0;0.62;0.85;
1;4;323;497;5.95;0.62;0.72;
1;4;324;388;8.66;0.6;0.62;
1;4;324;389;5.67;0.6;0.66;
1;4;324;391;6.5;0.6;0.68;
1;4;324;440;9.48;0.6;1.21;
1;4;324;441;6.39;0.6;0.91;
1;4;324;443;8.54;0.6;0.77;
1;4;324;496;9.95;0.6;0.85;
1;4;324;497;8.97;0.6;0.72;
1;4;326;391;8.74;0.63;0.68;
1;4;326;494;9.37;0.63;1.01;
1;4;326;496;6.01;0.63;0.85;
1;4;326;497;7.88;0.63;0.72;
