18;20;5.57;0.32;0.33;
18;22;9.83;0.32;0.12;
18;494;7.41;0.32;0.06;
20;22;6.38;0.33;0.12;
20;393;7.12;0.33;0.04;
20;394;7.59;0.33;0.04;
20;436;9.77;0.33;0.09;
20;439;9.18;0.33;0.11;
20;494;9.44;0.33;0.06;
22;67;6.06;0.12;0.14;
22;68;9.57;0.12;0.1;
22;324;8.58;0.12;0.13;
22;326;6.56;0.12;0.14;
22;391;8.49;0.12;0.05;
22;393;8.36;0.12;0.04;
22;394;9.42;0.12;0.04;
22;439;8.45;0.12;0.11;
22;440;9.55;0.12;0.07;
22;441;9.67;0.12;0.07;
50;51;3.88;0.09;0.06;
50;54;9.99;0.09;0.08;
50;321;8.44;0.09;0.19;
50;322;9.43;0.09;0.16;
50;496;8.36;0.09;0.03;
50;497;7.9;0.09;0.03;
51;54;7.13;0.06;0.08;
51;318;8.14;0.06;0.13;
51;319;9.0;0.06;0.13;
51;320;8.26;0.06;0.13;
51;321;4.67;0.06;0.19;
51;322;5.87;0.06;0.16;
51;323;7.62;0.06;0.18;
51;496;8.02;0.06;0.03;
51;497;6.29;0.06;0.03;
54;76;9.92;0.08;0.08;
54;91;9.1;0.08;0.04;
54;299;8.39;0.08;0.09;
54;300;4.62;0.08;0.08;
54;318;8.71;0.08;0.13;
54;319;7.21;0.08;0.13;
54;320;5.52;0.08;0.13;
54;321;5.39;0.08;0.19;
54;322;8.66;0.08;0.16;
67;68;3.81;0.14;0.1;
67;324;9.1;0.14;0.13;
67;391;8.97;0.14;0.05;
67;393;8.98;0.14;0.04;
67;439;5.84;0.14;0.11;
67;440;5.78;0.14;0.07;
67;441;7.15;0.14;0.07;
68;72;9.35;0.1;0.07;
68;129;8.5;0.1;0.05;
68;180;9.61;0.1;0.06;
68;324;9.62;0.1;0.13;
68;439;7.44;0.1;0.11;
68;440;5.51;0.1;0.07;
68;441;6.61;0.1;0.07;
68;456;9.72;0.1;0.12;
72;74;6.41;0.07;0.03;
72;76;7.88;0.07;0.08;
72;174;8.74;0.07;0.02;
72;180;8.09;0.07;0.06;
72;181;5.71;0.07;0.06;
72;318;8.09;0.07;0.13;
72;319;6.92;0.07;0.13;
72;320;9.98;0.07;0.13;
72;323;9.88;0.07;0.18;
72;324;7.38;0.07;0.13;
72;389;9.55;0.07;0.07;
72;441;9.46;0.07;0.07;
72;443;9.26;0.07;0.09;
74;76;6.94;0.03;0.08;
74;147;7.65;0.03;0.1;
74;174;4.42;0.03;0.02;
74;176;8.13;0.03;0.03;
74;181;8.64;0.03;0.06;
74;297;9.52;0.03;0.09;
74;299;6.84;0.03;0.09;
74;300;8.44;0.03;0.08;
74;318;9.63;0.03;0.13;
74;319;7.5;0.03;0.13;
74;320;9.57;0.03;0.13;
76;147;9.5;0.08;0.1;
76;158;9.83;0.08;0.04;
76;160;9.9;0.08;0.07;
76;169;5.87;0.08;0.07;
76;300;9.94;0.08;0.08;
76;318;5.07;0.08;0.13;
76;319;6.28;0.08;0.13;
76;320;9.64;0.08;0.13;
76;323;9.19;0.08;0.18;
76;324;9.53;0.08;0.13;
90;91;3.83;0.06;0.04;
90;94;6.5;0.06;0.07;
90;158;9.23;0.06;0.04;
90;160;7.41;0.06;0.07;
90;300;9.71;0.06;0.08;
91;94;5.1;0.04;0.07;
91;158;9.85;0.04;0.04;
91;160;9.39;0.04;0.07;
91;299;6.9;0.04;0.09;
91;300;6.43;0.04;0.08;
94;158;9.22;0.07;0.04;
94;299;8.73;0.07;0.09;
128;129;3.82;0.03;0.05;
128;180;8.54;0.03;0.06;
128;270;8.73;0.03;0.02;
128;454;6.72;0.03;0.11;
128;455;5.51;0.03;0.11;
128;456;5.0;0.03;0.12;
128;457;6.97;0.03;0.14;
128;460;9.83;0.03;0.11;
129;180;8.72;0.05;0.06;
129;440;9.56;0.05;0.07;
129;454;9.1;0.05;0.11;
129;455;6.62;0.05;0.11;
129;456;4.63;0.05;0.12;
129;457;6.68;0.05;0.14;
147;158;5.65;0.1;0.04;
147;174;6.96;0.1;0.02;
150;152;6.73;0.12;0.21;
150;153;6.14;0.12;0.19;
150;154;7.84;0.12;0.14;
150;158;9.64;0.12;0.04;
152;153;6.58;0.21;0.19;
152;154;9.86;0.21;0.14;
153;154;3.8;0.19;0.14;
158;160;7.3;0.04;0.07;
158;169;8.53;0.04;0.07;
160;167;8.39;0.07;0.06;
160;169;5.22;0.07;0.07;
167;169;6.42;0.06;0.07;
169;318;8.94;0.07;0.13;
174;176;5.95;0.02;0.03;
174;181;9.24;0.02;0.06;
174;297;9.53;0.02;0.09;
174;299;9.08;0.02;0.09;
176;180;9.99;0.03;0.06;
176;181;6.8;0.03;0.06;
176;297;8.05;0.03;0.09;
180;181;3.85;0.06;0.06;
180;387;9.91;0.06;0.07;
180;389;9.8;0.06;0.07;
180;441;8.37;0.06;0.07;
180;443;6.18;0.06;0.09;
180;455;7.84;0.06;0.11;
181;387;9.51;0.06;0.07;
181;443;7.57;0.06;0.09;
202;270;6.57;0.08;0.02;
202;454;9.9;0.08;0.11;
202;456;9.84;0.08;0.12;
202;457;6.69;0.08;0.14;
202;460;6.35;0.08;0.11;
236;418;7.85;0.13;0.13;
270;454;6.83;0.02;0.11;
270;455;9.88;0.02;0.11;
270;456;9.63;0.02;0.12;
270;457;8.71;0.02;0.14;
270;460;8.09;0.02;0.11;
297;299;5.27;0.09;0.09;
297;300;8.82;0.09;0.08;
299;300;3.82;0.09;0.08;
299;319;9.0;0.09;0.13;
299;320;8.13;0.09;0.13;
300;319;7.57;0.08;0.13;
300;320;6.14;0.08;0.13;
300;321;8.45;0.08;0.19;
318;319;3.9;0.13;0.13;
318;320;7.08;0.13;0.13;
318;321;7.14;0.13;0.19;
318;322;5.8;0.13;0.16;
318;323;4.22;0.13;0.18;
318;324;5.68;0.13;0.13;
318;326;8.04;0.13;0.14;
318;388;9.82;0.13;0.05;
318;389;8.91;0.13;0.07;
318;497;9.35;0.13;0.03;
319;320;3.88;0.13;0.13;
319;321;5.9;0.13;0.19;
319;322;5.65;0.13;0.16;
319;323;6.22;0.13;0.18;
319;324;6.79;0.13;0.13;
319;387;8.63;0.13;0.07;
319;388;7.47;0.13;0.05;
319;389;7.65;0.13;0.07;
319;443;9.59;0.13;0.09;
320;321;3.86;0.13;0.19;
320;322;5.58;0.13;0.16;
320;323;8.17;0.13;0.18;
320;324;9.39;0.13;0.13;
320;387;6.49;0.13;0.07;
320;388;5.79;0.13;0.05;
320;389;7.88;0.13;0.07;
320;443;9.61;0.13;0.09;
321;322;3.78;0.19;0.16;
321;323;7.04;0.19;0.18;
321;324;9.63;0.19;0.13;
321;387;8.79;0.19;0.07;
321;388;6.55;0.19;0.05;
321;389;8.39;0.19;0.07;
321;497;7.55;0.19;0.03;
322;323;3.78;0.16;0.18;
322;324;6.33;0.16;0.13;
322;326;8.89;0.16;0.14;
322;387;8.88;0.16;0.07;
322;388;5.58;0.16;0.05;
322;389;5.64;0.16;0.07;
322;391;9.56;0.16;0.05;
322;443;9.52;0.16;0.09;
322;496;8.13;0.16;0.03;
322;497;5.23;0.16;0.03;
323;324;3.78;0.18;0.13;
323;326;5.46;0.18;0.14;
323;388;8.32;0.18;0.05;
323;389;6.58;0.18;0.07;
323;391;8.19;0.18;0.05;
323;441;9.58;0.18;0.07;
323;496;6.98;0.18;0.03;
323;497;5.88;0.18;0.03;
324;326;6.52;0.13;0.14;
324;388;8.54;0.13;0.05;
324;389;5.57;0.13;0.07;
324;391;6.41;0.13;0.05;
324;440;9.39;0.13;0.07;
324;441;6.31;0.13;0.07;
324;443;8.44;0.13;0.09;
324;496;9.89;0.13;0.03;
324;497;8.89;0.13;0.03;
326;391;8.67;0.14;0.05;
326;494;9.27;0.14;0.06;
326;496;5.9;0.14;0.03;
326;497;7.78;0.14;0.03;
387;388;3.85;0.07;0.05;
387;389;6.66;0.07;0.07;
387;443;5.63;0.07;0.09;
388;389;3.81;0.05;0.07;
388;391;9.93;0.05;0.05;
388;441;9.95;0.05;0.07;
388;443;5.53;0.05;0.09;
388;497;9.35;0.05;0.03;
389;391;6.36;0.07;0.05;
389;440;9.99;0.07;0.07;
389;441;6.33;0.07;0.07;
389;443;4.34;0.07;0.09;
389;497;8.72;0.07;0.03;
391;393;5.61;0.05;0.04;
391;394;5.59;0.05;0.04;
391;439;7.62;0.05;0.11;
391;440;6.39;0.05;0.07;
391;441;4.58;0.05;0.07;
391;443;8.73;0.05;0.09;
391;497;9.56;0.05;0.03;
393;394;3.81;0.04;0.04;
393;436;5.87;0.04;0.09;
393;439;4.81;0.04;0.11;
393;440;6.76;0.04;0.07;
393;441;8.03;0.04;0.07;
394;436;6.94;0.04;0.09;
394;439;8.52;0.04;0.11;
394;440;9.68;0.04;0.07;
394;441;9.64;0.04;0.07;
394;494;7.77;0.04;0.06;
436;439;8.69;0.09;0.11;
439;440;3.92;0.11;0.07;
439;441;7.08;0.11;0.07;
439;456;9.95;0.11;0.12;
440;441;3.75;0.07;0.07;
440;443;9.65;0.07;0.09;
440;455;7.93;0.07;0.11;
440;456;7.99;0.07;0.12;
441;443;6.47;0.07;0.09;
441;455;8.75;0.07;0.11;
443;455;9.46;0.09;0.11;
454;455;3.84;0.11;0.11;
454;456;5.75;0.11;0.12;
454;457;7.45;0.11;0.14;
454;460;5.97;0.11;0.11;
455;456;3.86;0.11;0.12;
455;457;7.23;0.11;0.14;
455;460;7.52;0.11;0.11;
456;457;3.79;0.12;0.14;
456;460;6.28;0.12;0.11;
457;460;5.08;0.14;0.11;
494;496;7.11;0.06;0.03;
494;497;9.43;0.06;0.03;
496;497;3.89;0.03;0.03;
