18;20;5.82;0.19;0.1;
18;22;9.83;0.19;0.07;
18;494;6.6;0.19;0.02;
20;22;6.26;0.1;0.07;
20;393;7.22;0.1;0.05;
20;394;7.61;0.1;0.04;
20;436;9.82;0.1;0.07;
20;439;9.18;0.1;0.08;
20;494;9.41;0.1;0.02;
22;67;5.92;0.07;0.1;
22;68;9.45;0.07;0.09;
22;324;8.6;0.07;0.09;
22;326;6.71;0.07;0.07;
22;391;8.65;0.07;0.05;
22;393;8.54;0.07;0.05;
22;394;9.56;0.07;0.04;
22;439;8.54;0.07;0.08;
22;440;9.45;0.07;0.07;
22;441;9.78;0.07;0.07;
50;51;3.77;0.03;0.05;
50;54;9.88;0.03;0.06;
50;163;8.95;0.03;0.08;
50;321;8.3;0.03;0.09;
50;322;9.31;0.03;0.1;
50;496;8.22;0.03;0.02;
50;497;7.84;0.03;0.04;
51;54;7.04;0.05;0.06;
51;318;8.23;0.05;0.07;
51;319;8.93;0.05;0.08;
51;320;8.17;0.05;0.09;
51;321;4.61;0.05;0.09;
51;322;5.9;0.05;0.1;
51;323;7.74;0.05;0.09;
51;496;8.02;0.05;0.02;
51;497;6.41;0.05;0.04;
54;91;9.18;0.06;0.03;
54;299;8.46;0.06;0.01;
54;300;4.7;0.06;0.02;
54;318;8.82;0.06;0.07;
54;319;7.24;0.06;0.08;
54;320;5.48;0.06;0.09;
54;321;5.35;0.06;0.09;
54;322;8.61;0.06;0.1;
67;68;3.81;0.1;0.09;
67;324;9.06;0.1;0.09;
67;391;9.04;0.1;0.05;
67;393;9.13;0.1;0.05;
67;439;6.12;0.1;0.08;
67;440;5.86;0.1;0.07;
67;441;7.28;0.1;0.07;
68;72;9.32;0.09;0.06;
68;129;8.61;0.09;0.07;
68;180;9.61;0.09;0.05;
68;324;9.55;0.09;0.09;
68;439;7.55;0.09;0.08;
68;440;5.54;0.09;0.07;
68;441;6.59;0.09;0.07;
68;456;9.77;0.09;0.1;
72;74;6.25;0.06;0.05;
72;76;7.73;0.06;0.05;
72;174;8.77;0.06;0.03;
72;180;8.25;0.06;0.05;
72;181;5.78;0.06;0.04;
72;318;7.98;0.06;0.07;
72;319;6.89;0.06;0.08;
72;320;9.93;0.06;0.09;
72;323;9.82;0.06;0.09;
72;324;7.42;0.06;0.09;
72;389;9.59;0.06;0.04;
72;441;9.52;0.06;0.07;
72;443;9.36;0.06;0.04;
74;76;6.91;0.05;0.05;
74;147;7.79;0.05;0.05;
74;174;4.42;0.05;0.03;
74;181;8.63;0.05;0.04;
74;299;7.19;0.05;0.01;
74;300;8.59;0.05;0.02;
74;318;9.55;0.05;0.07;
74;319;7.54;0.05;0.08;
74;320;9.57;0.05;0.09;
76;147;9.65;0.05;0.05;
76;158;9.89;0.05;0.04;
76;169;5.85;0.05;0.08;
76;318;4.99;0.05;0.07;
76;319;6.27;0.05;0.08;
76;320;9.62;0.05;0.09;
76;323;9.08;0.05;0.09;
76;324;9.38;0.05;0.09;
90;91;3.77;0.04;0.03;
90;94;6.46;0.04;0.04;
90;158;9.59;0.04;0.04;
90;160;7.94;0.04;0.06;
90;300;9.67;0.04;0.02;
91;94;5.09;0.03;0.04;
91;160;9.88;0.03;0.06;
91;299;6.86;0.03;0.01;
91;300;6.45;0.03;0.02;
94;158;9.9;0.04;0.04;
94;299;8.72;0.04;0.01;
128;129;3.75;0.05;0.07;
128;130;6.11;0.05;0.08;
128;180;8.6;0.05;0.05;
128;270;8.94;0.05;0.06;
128;454;6.54;0.05;0.06;
128;455;5.18;0.05;0.09;
128;456;4.82;0.05;0.1;
128;457;6.92;0.05;0.1;
128;460;9.71;0.05;0.08;
129;130;3.79;0.07;0.08;
129;180;8.82;0.07;0.05;
129;440;9.68;0.07;0.07;
129;454;8.92;0.07;0.06;
129;455;6.4;0.07;0.09;
129;456;4.46;0.07;0.1;
129;457;6.52;0.07;0.1;
130;455;9.26;0.08;0.09;
130;456;6.11;0.08;0.1;
130;457;5.81;0.08;0.1;
147;158;5.65;0.05;0.04;
147;174;6.89;0.05;0.03;
150;152;6.74;0.07;0.13;
150;153;6.99;0.07;0.1;
150;158;9.75;0.07;0.04;
152;153;7.16;0.13;0.1;
158;160;7.35;0.04;0.06;
158;169;8.48;0.04;0.08;
160;167;8.31;0.06;0.07;
160;169;5.31;0.06;0.08;
163;167;5.83;0.08;0.07;
167;169;6.46;0.07;0.08;
169;318;8.89;0.08;0.07;
174;181;9.48;0.03;0.04;
174;299;9.22;0.03;0.01;
180;181;3.91;0.05;0.04;
180;387;9.94;0.05;0.05;
180;389;9.67;0.05;0.04;
180;441;8.28;0.05;0.07;
180;443;6.1;0.05;0.04;
180;455;7.84;0.05;0.09;
181;387;9.56;0.04;0.05;
181;443;7.51;0.04;0.04;
202;270;6.63;0.1;0.06;
202;456;9.96;0.1;0.1;
202;457;6.95;0.1;0.1;
202;460;6.5;0.1;0.08;
270;454;6.83;0.06;0.06;
270;455;9.84;0.06;0.09;
270;456;9.69;0.06;0.1;
270;457;8.91;0.06;0.1;
270;460;8.12;0.06;0.08;
297;299;5.34;0.03;0.01;
297;300;8.85;0.03;0.02;
299;300;3.81;0.01;0.02;
299;319;9.34;0.01;0.08;
299;320;8.32;0.01;0.09;
300;319;7.79;0.02;0.08;
300;320;6.23;0.02;0.09;
300;321;8.52;0.02;0.09;
318;319;3.84;0.07;0.08;
318;320;7.07;0.07;0.09;
318;321;7.13;0.07;0.09;
318;322;5.73;0.07;0.1;
318;323;4.18;0.07;0.09;
318;324;5.58;0.07;0.09;
318;326;8.05;0.07;0.07;
318;388;9.86;0.07;0.04;
318;389;8.89;0.07;0.04;
318;497;9.42;0.07;0.04;
319;320;3.87;0.08;0.09;
319;321;5.81;0.08;0.09;
319;322;5.49;0.08;0.1;
319;323;6.09;0.08;0.09;
319;324;6.73;0.08;0.09;
319;387;8.73;0.08;0.05;
319;388;7.47;0.08;0.04;
319;389;7.57;0.08;0.04;
319;443;9.54;0.08;0.04;
320;321;3.8;0.09;0.09;
320;322;5.5;0.09;0.1;
320;323;8.09;0.09;0.09;
320;324;9.39;0.09;0.09;
320;387;6.51;0.09;0.05;
320;388;5.78;0.09;0.04;
320;389;7.8;0.09;0.04;
320;443;9.53;0.09;0.04;
321;322;3.74;0.09;0.1;
321;323;6.99;0.09;0.09;
321;324;9.61;0.09;0.09;
321;387;8.75;0.09;0.05;
321;388;6.56;0.09;0.04;
321;389;8.34;0.09;0.04;
321;497;7.55;0.09;0.04;
322;323;3.72;0.1;0.09;
322;324;6.32;0.1;0.09;
322;326;8.93;0.1;0.07;
322;387;8.91;0.1;0.05;
322;388;5.66;0.1;0.04;
322;389;5.66;0.1;0.04;
322;391;9.55;0.1;0.05;
322;443;9.48;0.1;0.04;
322;496;8.06;0.1;0.02;
322;497;5.3;0.1;0.04;
323;324;3.72;0.09;0.09;
323;326;5.56;0.09;0.07;
323;388;8.33;0.09;0.04;
323;389;6.56;0.09;0.04;
323;391;8.14;0.09;0.05;
323;441;9.53;0.09;0.07;
323;496;7.02;0.09;0.02;
323;497;5.98;0.09;0.04;
324;326;6.51;0.09;0.07;
324;388;8.67;0.09;0.04;
324;389;5.71;0.09;0.04;
324;391;6.4;0.09;0.05;
324;440;9.36;0.09;0.07;
324;441;6.37;0.09;0.07;
324;443;8.55;0.09;0.04;
324;496;9.89;0.09;0.02;
324;497;8.96;0.09;0.04;
326;391;8.73;0.07;0.05;
326;494;9.07;0.07;0.02;
326;496;6.06;0.07;0.02;
326;497;7.94;0.07;0.04;
387;388;3.8;0.05;0.04;
387;389;6.64;0.05;0.04;
387;443;5.66;0.05;0.04;
388;389;3.78;0.04;0.04;
388;391;9.93;0.04;0.05;
388;441;9.93;0.04;0.07;
388;443;5.46;0.04;0.04;
388;497;9.36;0.04;0.04;
389;391;6.39;0.04;0.05;
389;441;6.33;0.04;0.07;
389;443;4.27;0.04;0.04;
389;497;8.75;0.04;0.04;
391;393;5.58;0.05;0.05;
391;394;5.56;0.05;0.04;
391;439;7.57;0.05;0.08;
391;440;6.28;0.05;0.07;
391;441;4.55;0.05;0.07;
391;443;8.71;0.05;0.04;
391;497;9.59;0.05;0.04;
393;394;3.78;0.05;0.04;
393;436;5.8;0.05;0.07;
393;439;4.73;0.05;0.08;
393;440;6.6;0.05;0.07;
393;441;8.0;0.05;0.07;
394;436;6.77;0.04;0.07;
394;439;8.41;0.04;0.08;
394;440;9.53;0.04;0.07;
394;441;9.6;0.04;0.07;
394;494;7.7;0.04;0.02;
436;439;8.65;0.07;0.08;
439;440;3.82;0.08;0.07;
439;441;7.09;0.08;0.07;
439;456;9.96;0.08;0.1;
440;441;3.77;0.07;0.07;
440;443;9.74;0.07;0.04;
440;455;8.16;0.07;0.09;
440;456;8.18;0.07;0.1;
441;443;6.47;0.07;0.04;
441;455;8.89;0.07;0.09;
443;455;9.7;0.04;0.09;
454;455;3.75;0.06;0.09;
454;456;5.69;0.06;0.1;
454;457;7.45;0.06;0.1;
454;460;5.99;0.06;0.08;
455;456;3.82;0.09;0.1;
455;457;7.16;0.09;0.1;
455;460;7.48;0.09;0.08;
456;457;3.72;0.1;0.1;
456;460;6.22;0.1;0.08;
457;460;5.08;0.1;0.08;
494;496;7.05;0.02;0.02;
494;497;9.29;0.02;0.04;
496;497;3.83;0.02;0.04;
