1;2;19;393;6.27;6.91;1.06;
1;2;19;394;7.14;6.91;0.95;
1;2;19;439;8.33;6.91;1.65;
1;2;20;393;7.56;6.15;1.06;
1;2;20;394;9.61;6.15;0.95;
1;2;20;439;7.05;6.15;1.65;
1;2;22;391;9.39;1.66;1.07;
1;2;22;393;9.52;1.66;1.06;
1;2;22;439;7.48;1.66;1.65;
1;2;67;439;7.75;1.1;1.65;
1;2;67;441;9.0;1.1;1.49;
1;2;74;94;9.8;1.09;1.11;
1;2;74;297;8.86;1.09;1.18;
1;2;74;299;6.85;1.09;1.25;
1;2;74;300;8.91;1.09;1.18;
1;2;76;300;9.98;0.73;1.18;
1;2;147;94;9.52;0.96;1.11;
1;2;148;153;9.52;1.09;1.94;
1;2;148;154;9.76;1.09;1.68;
1;2;149;151;8.53;1.33;1.8;
1;2;149;152;8.39;1.33;2.08;
1;2;149;153;7.05;1.33;1.94;
1;2;149;154;7.3;1.33;1.68;
1;2;150;151;7.41;1.59;1.8;
1;2;150;152;5.92;1.59;2.08;
1;2;150;153;5.9;1.59;1.94;
1;2;150;154;7.8;1.59;1.68;
1;2;151;151;6.89;1.8;1.8;
1;2;151;152;5.68;1.8;2.08;
1;2;151;153;7.81;1.8;1.94;
1;2;151;154;9.56;1.8;1.68;
1;2;158;90;9.56;0.98;1.24;
1;2;158;94;8.98;0.98;1.11;
1;2;160;90;7.11;0.84;1.24;
1;2;160;91;9.13;0.84;0.99;
1;2;163;50;7.31;0.97;1.34;
1;2;174;297;9.29;1.05;1.18;
1;2;174;299;9.48;1.05;1.25;
1;2;176;297;7.77;1.52;1.18;
1;2;202;457;7.47;1.61;1.79;
1;2;318;51;7.89;1.19;1.12;
1;2;318;54;8.82;1.19;1.02;
1;2;318;300;9.93;1.19;1.18;
1;2;318;389;9.58;1.19;1.12;
1;2;318;497;9.3;1.19;1.17;
1;2;319;51;8.68;1.1;1.12;
1;2;319;54;7.72;1.1;1.02;
1;2;319;56;8.91;1.1;0.82;
1;2;319;299;8.44;1.1;1.25;
1;2;319;300;7.64;1.1;1.18;
1;2;319;387;9.2;1.1;0.97;
1;2;319;388;8.15;1.1;0.96;
1;2;319;389;8.33;1.1;1.12;
1;2;320;51;8.07;1.76;1.12;
1;2;320;54;5.95;1.76;1.02;
1;2;320;56;5.54;1.76;0.82;
1;2;320;299;7.09;1.76;1.25;
1;2;320;300;5.85;1.76;1.18;
1;2;320;387;6.76;1.76;0.97;
1;2;320;388;6.33;1.76;0.96;
1;2;320;389;8.28;1.76;1.12;
1;2;321;50;8.2;1.72;1.34;
1;2;321;51;4.49;1.72;1.12;
1;2;321;54;4.83;1.72;1.02;
1;2;321;56;7.72;1.72;0.82;
1;2;321;300;7.38;1.72;1.18;
1;2;321;387;8.61;1.72;0.97;
1;2;321;388;6.61;1.72;0.96;
1;2;321;389;8.51;1.72;1.12;
1;2;321;497;7.55;1.72;1.17;
1;2;322;50;9.34;1.49;1.34;
1;2;322;51;5.75;1.49;1.12;
1;2;322;54;8.23;1.49;1.02;
1;2;322;387;8.82;1.49;0.97;
1;2;322;388;5.73;1.49;0.96;
1;2;322;389;5.83;1.49;1.12;
1;2;322;391;9.69;1.49;1.07;
1;2;322;443;9.88;1.49;1.15;
1;2;322;496;8.18;1.49;1.3;
1;2;322;497;5.35;1.49;1.17;
1;2;323;51;7.66;1.37;1.12;
1;2;323;388;8.5;1.37;0.96;
1;2;323;389;6.9;1.37;1.12;
1;2;323;391;8.68;1.37;1.07;
1;2;323;496;7.36;1.37;1.3;
1;2;323;497;6.2;1.37;1.17;
1;2;324;388;8.81;1.21;0.96;
1;2;324;389;6.18;1.21;1.12;
1;2;324;391;7.6;1.21;1.07;
1;2;324;441;7.49;1.21;1.49;
1;2;324;443;9.08;1.21;1.15;
1;2;324;497;9.38;1.21;1.17;
1;2;326;391;8.58;1.15;1.07;
1;2;326;394;9.84;1.15;0.95;
1;2;326;496;6.54;1.15;1.3;
1;2;326;497;7.94;1.15;1.17;
2;3;19;393;6.05;6.91;1.06;
2;3;19;394;6.93;6.91;0.95;
2;3;19;439;8.21;6.91;1.65;
2;3;20;393;7.39;6.15;1.06;
2;3;20;394;9.46;6.15;0.95;
2;3;20;439;6.93;6.15;1.65;
2;3;22;391;9.28;1.66;1.07;
2;3;22;393;9.4;1.66;1.06;
2;3;22;439;7.36;1.66;1.65;
2;3;67;439;7.55;1.1;1.65;
2;3;67;441;8.9;1.1;1.49;
2;3;74;94;9.79;1.09;1.11;
2;3;74;297;8.84;1.09;1.18;
2;3;74;299;6.83;1.09;1.25;
2;3;74;300;8.88;1.09;1.18;
2;3;76;300;9.97;0.73;1.18;
2;3;147;94;9.51;0.96;1.11;
2;3;148;153;9.54;1.09;1.94;
2;3;148;154;9.78;1.09;1.68;
2;3;149;151;8.56;1.33;1.8;
2;3;149;152;8.44;1.33;2.08;
2;3;149;153;7.06;1.33;1.94;
2;3;149;154;7.29;1.33;1.68;
2;3;150;151;7.41;1.59;1.8;
2;3;150;152;5.96;1.59;2.08;
2;3;150;153;5.87;1.59;1.94;
2;3;150;154;7.76;1.59;1.68;
2;3;151;151;6.84;1.8;1.8;
2;3;151;152;5.7;1.8;2.08;
2;3;151;153;7.78;1.8;1.94;
2;3;151;154;9.5;1.8;1.68;
2;3;158;90;9.52;0.98;1.24;
2;3;158;94;8.96;0.98;1.11;
2;3;160;90;7.1;0.84;1.24;
2;3;160;91;9.11;0.84;0.99;
2;3;163;50;7.26;0.97;1.34;
2;3;167;50;9.96;0.74;1.34;
2;3;174;297;9.26;1.05;1.18;
2;3;174;299;9.45;1.05;1.25;
2;3;176;297;7.71;1.52;1.18;
2;3;202;457;7.03;1.61;1.79;
2;3;318;51;7.84;1.19;1.12;
2;3;318;54;8.78;1.19;1.02;
2;3;318;300;9.93;1.19;1.18;
2;3;318;389;9.51;1.19;1.12;
2;3;318;497;9.21;1.19;1.17;
2;3;319;51;8.63;1.1;1.12;
2;3;319;54;7.68;1.1;1.02;
2;3;319;56;8.88;1.1;0.82;
2;3;319;299;8.43;1.1;1.25;
2;3;319;300;7.63;1.1;1.18;
2;3;319;387;9.15;1.1;0.97;
2;3;319;388;8.1;1.1;0.96;
2;3;319;389;8.25;1.1;1.12;
2;3;320;51;8.05;1.76;1.12;
2;3;320;54;5.94;1.76;1.02;
2;3;320;56;5.52;1.76;0.82;
2;3;320;299;7.09;1.76;1.25;
2;3;320;300;5.85;1.76;1.18;
2;3;320;387;6.72;1.76;0.97;
2;3;320;388;6.29;1.76;0.96;
2;3;320;389;8.23;1.76;1.12;
2;3;321;50;8.19;1.72;1.34;
2;3;321;51;4.49;1.72;1.12;
2;3;321;54;4.84;1.72;1.02;
2;3;321;56;7.7;1.72;0.82;
2;3;321;299;10.0;1.72;1.25;
2;3;321;300;7.38;1.72;1.18;
2;3;321;387;8.59;1.72;0.97;
2;3;321;388;6.58;1.72;0.96;
2;3;321;389;8.48;1.72;1.12;
2;3;321;497;7.53;1.72;1.17;
2;3;322;50;9.31;1.49;1.34;
2;3;322;51;5.74;1.49;1.12;
2;3;322;54;8.23;1.49;1.02;
2;3;322;387;8.81;1.49;0.97;
2;3;322;388;5.71;1.49;0.96;
2;3;322;389;5.81;1.49;1.12;
2;3;322;391;9.67;1.49;1.07;
2;3;322;443;9.85;1.49;1.15;
2;3;322;496;8.15;1.49;1.3;
2;3;322;497;5.3;1.49;1.17;
2;3;323;51;7.64;1.37;1.12;
2;3;323;388;8.46;1.37;0.96;
2;3;323;389;6.84;1.37;1.12;
2;3;323;391;8.61;1.37;1.07;
2;3;323;496;7.29;1.37;1.3;
2;3;323;497;6.12;1.37;1.17;
2;3;324;388;8.79;1.21;0.96;
2;3;324;389;6.13;1.21;1.12;
2;3;324;391;7.48;1.21;1.07;
2;3;324;441;7.39;1.21;1.49;
2;3;324;443;9.04;1.21;1.15;
2;3;324;497;9.3;1.21;1.17;
2;3;326;391;8.52;1.15;1.07;
2;3;326;394;9.77;1.15;0.95;
2;3;326;496;6.45;1.15;1.3;
2;3;326;497;7.88;1.15;1.17;
3;4;19;393;6.04;6.91;1.06;
3;4;19;394;6.93;6.91;0.95;
3;4;19;439;8.2;6.91;1.65;
3;4;20;393;7.39;6.15;1.06;
3;4;20;394;9.46;6.15;0.95;
3;4;20;439;6.93;6.15;1.65;
3;4;22;391;9.25;1.66;1.07;
3;4;22;393;9.37;1.66;1.06;
3;4;22;439;7.35;1.66;1.65;
3;4;67;439;7.56;1.1;1.65;
3;4;67;441;8.87;1.1;1.49;
3;4;74;94;9.79;1.09;1.11;
3;4;74;297;8.8;1.09;1.18;
3;4;74;299;6.77;1.09;1.25;
3;4;74;300;8.81;1.09;1.18;
3;4;76;300;9.91;0.73;1.18;
3;4;147;94;9.48;0.96;1.11;
3;4;148;153;9.56;1.09;1.94;
3;4;148;154;9.79;1.09;1.68;
3;4;149;151;8.56;1.33;1.8;
3;4;149;152;8.45;1.33;2.08;
3;4;149;153;7.08;1.33;1.94;
3;4;149;154;7.3;1.33;1.68;
3;4;150;151;7.38;1.59;1.8;
3;4;150;152;5.94;1.59;2.08;
3;4;150;153;5.87;1.59;1.94;
3;4;150;154;7.75;1.59;1.68;
3;4;151;151;6.84;1.8;1.8;
3;4;151;152;5.68;1.8;2.08;
3;4;151;153;7.79;1.8;1.94;
3;4;151;154;9.51;1.8;1.68;
3;4;158;90;9.5;0.98;1.24;
3;4;158;94;8.95;0.98;1.11;
3;4;160;90;7.11;0.84;1.24;
3;4;160;91;9.1;0.84;0.99;
3;4;163;50;7.27;0.97;1.34;
3;4;167;50;9.96;0.74;1.34;
3;4;174;297;9.23;1.05;1.18;
3;4;174;299;9.4;1.05;1.25;
3;4;176;297;7.69;1.52;1.18;
3;4;202;457;7.08;1.61;1.79;
3;4;318;51;7.82;1.19;1.12;
3;4;318;54;8.76;1.19;1.02;
3;4;318;300;9.89;1.19;1.18;
3;4;318;389;9.49;1.19;1.12;
3;4;318;497;9.21;1.19;1.17;
3;4;319;51;8.62;1.1;1.12;
3;4;319;54;7.65;1.1;1.02;
3;4;319;56;8.85;1.1;0.82;
3;4;319;299;8.41;1.1;1.25;
3;4;319;300;7.59;1.1;1.18;
3;4;319;387;9.13;1.1;0.97;
3;4;319;388;8.08;1.1;0.96;
3;4;319;389;8.26;1.1;1.12;
3;4;320;51;8.05;1.76;1.12;
3;4;320;54;5.94;1.76;1.02;
3;4;320;56;5.51;1.76;0.82;
3;4;320;299;7.1;1.76;1.25;
3;4;320;300;5.85;1.76;1.18;
3;4;320;387;6.7;1.76;0.97;
3;4;320;388;6.28;1.76;0.96;
3;4;320;389;8.23;1.76;1.12;
3;4;321;50;8.21;1.72;1.34;
3;4;321;51;4.52;1.72;1.12;
3;4;321;54;4.87;1.72;1.02;
3;4;321;56;7.68;1.72;0.82;
3;4;321;300;7.39;1.72;1.18;
3;4;321;387;8.54;1.72;0.97;
3;4;321;388;6.54;1.72;0.96;
3;4;321;389;8.45;1.72;1.12;
3;4;321;497;7.53;1.72;1.17;
3;4;322;50;9.31;1.49;1.34;
3;4;322;51;5.75;1.49;1.12;
3;4;322;54;8.23;1.49;1.02;
3;4;322;387;8.77;1.49;0.97;
3;4;322;388;5.67;1.49;0.96;
3;4;322;389;5.79;1.49;1.12;
3;4;322;391;9.65;1.49;1.07;
3;4;322;443;9.82;1.49;1.15;
3;4;322;496;8.17;1.49;1.3;
3;4;322;497;5.3;1.49;1.17;
3;4;323;51;7.62;1.37;1.12;
3;4;323;388;8.42;1.37;0.96;
3;4;323;389;6.81;1.37;1.12;
3;4;323;391;8.59;1.37;1.07;
3;4;323;496;7.3;1.37;1.3;
3;4;323;497;6.11;1.37;1.17;
3;4;324;388;8.73;1.21;0.96;
3;4;324;389;6.09;1.21;1.12;
3;4;324;391;7.47;1.21;1.07;
3;4;324;441;7.39;1.21;1.49;
3;4;324;443;9.0;1.21;1.15;
3;4;324;497;9.29;1.21;1.17;
3;4;326;391;8.49;1.15;1.07;
3;4;326;394;9.74;1.15;0.95;
3;4;326;496;6.44;1.15;1.3;
3;4;326;497;7.86;1.15;1.17;
1;4;50;163;7.24;1.34;0.97;
1;4;50;167;9.94;1.34;0.74;
1;4;50;321;8.21;1.34;1.72;
1;4;50;322;9.33;1.34;1.49;
1;4;51;318;7.82;1.12;1.19;
1;4;51;319;8.62;1.12;1.1;
1;4;51;320;8.05;1.12;1.76;
1;4;51;321;4.52;1.12;1.72;
1;4;51;322;5.76;1.12;1.49;
1;4;51;323;7.63;1.12;1.37;
1;4;54;318;8.75;1.02;1.19;
1;4;54;319;7.65;1.02;1.1;
1;4;54;320;5.94;1.02;1.76;
1;4;54;321;4.86;1.02;1.72;
1;4;54;322;8.22;1.02;1.49;
1;4;56;319;8.84;0.82;1.1;
1;4;56;320;5.5;0.82;1.76;
1;4;56;321;7.69;0.82;1.72;
1;4;90;158;9.5;1.24;0.98;
1;4;90;160;7.09;1.24;0.84;
1;4;91;160;9.09;0.99;0.84;
1;4;94;74;9.78;1.11;1.09;
1;4;94;147;9.49;1.11;0.96;
1;4;94;158;8.94;1.11;0.98;
1;4;151;149;8.52;1.8;1.33;
1;4;151;150;7.36;1.8;1.59;
1;4;151;151;6.82;1.8;1.8;
1;4;152;149;8.41;2.08;1.33;
1;4;152;150;5.91;2.08;1.59;
1;4;152;151;5.69;2.08;1.8;
1;4;153;148;9.49;1.94;1.09;
1;4;153;149;7.02;1.94;1.33;
1;4;153;150;5.86;1.94;1.59;
1;4;153;151;7.8;1.94;1.8;
1;4;154;148;9.74;1.68;1.09;
1;4;154;149;7.27;1.68;1.33;
1;4;154;150;7.74;1.68;1.59;
1;4;154;151;9.52;1.68;1.8;
1;4;297;74;8.81;1.18;1.09;
1;4;297;174;9.23;1.18;1.05;
1;4;297;176;7.69;1.18;1.52;
1;4;299;74;6.82;1.25;1.09;
1;4;299;174;9.44;1.25;1.05;
1;4;299;319;8.4;1.25;1.1;
1;4;299;320;7.1;1.25;1.76;
1;4;299;321;10.0;1.25;1.72;
1;4;300;74;8.86;1.18;1.09;
1;4;300;76;9.94;1.18;0.73;
1;4;300;318;9.9;1.18;1.19;
1;4;300;319;7.6;1.18;1.1;
1;4;300;320;5.86;1.18;1.76;
1;4;300;321;7.39;1.18;1.72;
1;4;387;319;9.12;0.97;1.1;
1;4;387;320;6.69;0.97;1.76;
1;4;387;321;8.55;0.97;1.72;
1;4;387;322;8.77;0.97;1.49;
1;4;388;319;8.06;0.96;1.1;
1;4;388;320;6.24;0.96;1.76;
1;4;388;321;6.53;0.96;1.72;
1;4;388;322;5.67;0.96;1.49;
1;4;388;323;8.41;0.96;1.37;
1;4;388;324;8.74;0.96;1.21;
1;4;389;318;9.48;1.12;1.19;
1;4;389;319;8.23;1.12;1.1;
1;4;389;320;8.2;1.12;1.76;
1;4;389;321;8.45;1.12;1.72;
1;4;389;322;5.78;1.12;1.49;
1;4;389;323;6.81;1.12;1.37;
1;4;389;324;6.09;1.12;1.21;
1;4;391;22;9.24;1.07;1.66;
1;4;391;322;9.62;1.07;1.49;
1;4;391;323;8.56;1.07;1.37;
1;4;391;324;7.42;1.07;1.21;
1;4;391;326;8.49;1.07;1.15;
1;4;393;19;6.04;1.06;6.91;
1;4;393;20;7.39;1.06;6.15;
1;4;393;22;9.31;1.06;1.66;
1;4;394;19;6.93;0.95;6.91;
1;4;394;20;9.45;0.95;6.15;
1;4;394;326;9.71;0.95;1.15;
1;4;439;19;8.22;1.65;6.91;
1;4;439;20;6.96;1.65;6.15;
1;4;439;22;7.32;1.65;1.66;
1;4;439;67;7.52;1.65;1.1;
1;4;441;67;8.86;1.49;1.1;
1;4;441;324;7.36;1.49;1.21;
1;4;443;322;9.8;1.15;1.49;
1;4;443;324;8.98;1.15;1.21;
1;4;457;202;7.07;1.79;1.61;
1;4;496;322;8.16;1.3;1.49;
1;4;496;323;7.28;1.3;1.37;
1;4;496;326;6.42;1.3;1.15;
1;4;497;318;9.19;1.17;1.19;
1;4;497;321;7.51;1.17;1.72;
1;4;497;322;5.3;1.17;1.49;
1;4;497;323;6.1;1.17;1.37;
1;4;497;324;9.29;1.17;1.21;
1;4;497;326;7.86;1.17;1.15;
