1;2;50;163;8.95;0.93;0.72;
1;2;50;321;8.3;0.93;0.68;
1;2;50;322;9.31;0.93;0.66;
1;2;51;318;8.23;0.72;0.62;
1;2;51;319;8.93;0.72;0.63;
1;2;51;320;8.17;0.72;0.66;
1;2;51;321;4.61;0.72;0.68;
1;2;51;322;5.9;0.72;0.66;
1;2;51;323;7.74;0.72;0.63;
1;2;54;318;8.82;0.7;0.62;
1;2;54;319;7.24;0.7;0.63;
1;2;54;320;5.48;0.7;0.66;
1;2;54;321;5.35;0.7;0.68;
1;2;54;322;8.61;0.7;0.66;
1;2;90;158;9.59;0.84;0.7;
1;2;90;160;7.94;0.84;0.67;
1;2;91;160;9.88;0.68;0.67;
1;2;94;158;9.9;0.82;0.7;
1;2;152;150;9.3;2.1;1.27;
1;2;152;152;6.48;2.1;2.1;
1;2;153;150;6.99;1.72;1.27;
1;2;153;152;7.16;1.72;2.1;
1;2;299;74;7.19;0.83;0.7;
1;2;299;174;9.22;0.83;0.74;
1;2;299;319;9.34;0.83;0.63;
1;2;299;320;8.32;0.83;0.66;
1;2;300;74;8.59;0.65;0.7;
1;2;300;319;7.79;0.65;0.63;
1;2;300;320;6.23;0.65;0.66;
1;2;300;321;8.52;0.65;0.68;
1;2;387;180;9.94;0.66;0.72;
1;2;387;181;9.56;0.66;0.66;
1;2;387;319;8.73;0.66;0.63;
1;2;387;320;6.51;0.66;0.66;
1;2;387;321;8.75;0.66;0.68;
1;2;387;322;8.91;0.66;0.66;
1;2;388;318;9.86;0.6;0.62;
1;2;388;319;7.47;0.6;0.63;
1;2;388;320;5.78;0.6;0.66;
1;2;388;321;6.56;0.6;0.68;
1;2;388;322;5.66;0.6;0.66;
1;2;388;323;8.33;0.6;0.63;
1;2;388;324;8.67;0.6;0.6;
1;2;389;72;9.59;0.67;0.57;
1;2;389;180;9.67;0.67;0.72;
1;2;389;318;8.89;0.67;0.62;
1;2;389;319;7.57;0.67;0.63;
1;2;389;320;7.8;0.67;0.66;
1;2;389;321;8.34;0.67;0.68;
1;2;389;322;5.66;0.67;0.66;
1;2;389;323;6.56;0.67;0.63;
1;2;389;324;5.71;0.67;0.6;
1;2;391;22;8.65;0.65;1.23;
1;2;391;67;9.04;0.65;0.66;
1;2;391;322;9.55;0.65;0.66;
1;2;391;323;8.14;0.65;0.63;
1;2;391;324;6.4;0.65;0.6;
1;2;391;326;8.73;0.65;0.63;
1;2;393;20;7.22;0.72;4.5;
1;2;393;22;8.54;0.72;1.23;
1;2;393;67;9.13;0.72;0.66;
1;2;394;20;7.61;0.67;4.5;
1;2;394;22;9.56;0.67;1.23;
1;2;436;20;9.82;0.68;4.5;
1;2;439;20;9.18;0.8;4.5;
1;2;439;22;8.54;0.8;1.23;
1;2;439;67;6.12;0.8;0.66;
1;2;439;68;7.55;0.8;0.69;
1;2;440;22;9.45;0.9;1.23;
1;2;440;67;5.86;0.9;0.66;
1;2;440;68;5.54;0.9;0.69;
1;2;440;129;9.68;0.9;0.7;
1;2;440;324;9.36;0.9;0.6;
1;2;441;22;9.78;0.74;1.23;
1;2;441;67;7.28;0.74;0.66;
1;2;441;68;6.59;0.74;0.69;
1;2;441;72;9.52;0.74;0.57;
1;2;441;180;8.28;0.74;0.72;
1;2;441;323;9.53;0.74;0.63;
1;2;441;324;6.37;0.74;0.6;
1;2;443;72;9.36;0.69;0.57;
1;2;443;180;6.1;0.69;0.72;
1;2;443;181;7.51;0.69;0.66;
1;2;443;319;9.54;0.69;0.63;
1;2;443;320;9.53;0.69;0.66;
1;2;443;322;9.48;0.69;0.66;
1;2;443;324;8.55;0.69;0.6;
1;2;454;128;6.54;0.92;0.73;
1;2;454;129;8.92;0.92;0.7;
1;2;454;270;6.83;0.92;1.02;
1;2;455;128;5.18;0.97;0.73;
1;2;455;129;6.4;0.97;0.7;
1;2;455;130;9.26;0.97;0.73;
1;2;455;180;7.84;0.97;0.72;
1;2;455;270;9.84;0.97;1.02;
1;2;456;68;9.77;0.9;0.69;
1;2;456;128;4.82;0.9;0.73;
1;2;456;129;4.46;0.9;0.7;
1;2;456;130;6.11;0.9;0.73;
1;2;456;202;9.96;0.9;1.16;
1;2;456;270;9.69;0.9;1.02;
1;2;457;128;6.92;1.0;0.73;
1;2;457;129;6.52;1.0;0.7;
1;2;457;130;5.81;1.0;0.73;
1;2;457;202;6.95;1.0;1.16;
1;2;457;270;8.91;1.0;1.02;
1;2;460;128;9.71;0.93;0.73;
1;2;460;202;6.5;0.93;1.16;
1;2;460;270;8.12;0.93;1.02;
1;2;494;18;6.6;0.8;6.51;
1;2;494;20;9.41;0.8;4.5;
1;2;494;326;9.07;0.8;0.63;
1;2;496;322;8.06;0.76;0.66;
1;2;496;323;7.02;0.76;0.63;
1;2;496;324;9.89;0.76;0.6;
1;2;496;326;6.06;0.76;0.63;
1;2;497;318;9.42;0.67;0.62;
1;2;497;321;7.55;0.67;0.68;
1;2;497;322;5.3;0.67;0.66;
1;2;497;323;5.98;0.67;0.63;
1;2;497;324;8.96;0.67;0.6;
1;2;497;326;7.94;0.67;0.63;
2;3;50;163;8.94;0.93;0.72;
2;3;50;321;8.31;0.93;0.68;
2;3;50;322;9.3;0.93;0.66;
2;3;51;318;8.23;0.72;0.62;
2;3;51;319;8.93;0.72;0.63;
2;3;51;320;8.17;0.72;0.66;
2;3;51;321;4.61;0.72;0.68;
2;3;51;322;5.89;0.72;0.66;
2;3;51;323;7.73;0.72;0.63;
2;3;54;318;8.81;0.7;0.62;
2;3;54;319;7.22;0.7;0.63;
2;3;54;320;5.46;0.7;0.66;
2;3;54;321;5.34;0.7;0.68;
2;3;54;322;8.59;0.7;0.66;
2;3;90;158;9.6;0.84;0.7;
2;3;90;160;7.95;0.84;0.67;
2;3;91;160;9.88;0.68;0.67;
2;3;94;158;9.9;0.82;0.7;
2;3;152;150;9.32;2.1;1.27;
2;3;152;152;6.49;2.1;2.1;
2;3;153;150;7.01;1.72;1.27;
2;3;153;152;7.19;1.72;2.1;
2;3;299;74;7.19;0.83;0.7;
2;3;299;174;9.25;0.83;0.74;
2;3;299;319;9.35;0.83;0.63;
2;3;299;320;8.32;0.83;0.66;
2;3;300;74;8.58;0.65;0.7;
2;3;300;319;7.78;0.65;0.63;
2;3;300;320;6.23;0.65;0.66;
2;3;300;321;8.53;0.65;0.68;
2;3;387;180;9.92;0.66;0.72;
2;3;387;181;9.55;0.66;0.66;
2;3;387;319;8.73;0.66;0.63;
2;3;387;320;6.53;0.66;0.66;
2;3;387;321;8.75;0.66;0.68;
2;3;387;322;8.91;0.66;0.66;
2;3;388;318;9.86;0.6;0.62;
2;3;388;319;7.47;0.6;0.63;
2;3;388;320;5.79;0.6;0.66;
2;3;388;321;6.55;0.6;0.68;
2;3;388;322;5.66;0.6;0.66;
2;3;388;323;8.33;0.6;0.63;
2;3;388;324;8.67;0.6;0.6;
2;3;389;72;9.6;0.67;0.57;
2;3;389;180;9.67;0.67;0.72;
2;3;389;318;8.9;0.67;0.62;
2;3;389;319;7.58;0.67;0.63;
2;3;389;320;7.81;0.67;0.66;
2;3;389;321;8.33;0.67;0.68;
2;3;389;322;5.66;0.67;0.66;
2;3;389;323;6.56;0.67;0.63;
2;3;389;324;5.71;0.67;0.6;
2;3;391;22;8.66;0.65;1.23;
2;3;391;67;9.05;0.65;0.66;
2;3;391;322;9.55;0.65;0.66;
2;3;391;323;8.13;0.65;0.63;
2;3;391;324;6.4;0.65;0.6;
2;3;391;326;8.72;0.65;0.63;
2;3;393;20;7.24;0.72;4.5;
2;3;393;22;8.56;0.72;1.23;
2;3;393;67;9.14;0.72;0.66;
2;3;394;20;7.61;0.67;4.5;
2;3;394;22;9.57;0.67;1.23;
2;3;436;20;9.84;0.68;4.5;
2;3;439;20;9.2;0.8;4.5;
2;3;439;22;8.55;0.8;1.23;
2;3;439;67;6.11;0.8;0.66;
2;3;439;68;7.57;0.8;0.69;
2;3;440;22;9.46;0.9;1.23;
2;3;440;67;5.86;0.9;0.66;
2;3;440;68;5.55;0.9;0.69;
2;3;440;129;9.66;0.9;0.7;
2;3;440;324;9.35;0.9;0.6;
2;3;441;22;9.78;0.74;1.23;
2;3;441;67;7.27;0.74;0.66;
2;3;441;68;6.6;0.74;0.69;
2;3;441;72;9.52;0.74;0.57;
2;3;441;180;8.29;0.74;0.72;
2;3;441;323;9.53;0.74;0.63;
2;3;441;324;6.36;0.74;0.6;
2;3;443;72;9.35;0.69;0.57;
2;3;443;180;6.09;0.69;0.72;
2;3;443;181;7.5;0.69;0.66;
2;3;443;319;9.54;0.69;0.63;
2;3;443;320;9.54;0.69;0.66;
2;3;443;322;9.48;0.69;0.66;
2;3;443;324;8.54;0.69;0.6;
2;3;454;128;6.53;0.92;0.73;
2;3;454;129;8.92;0.92;0.7;
2;3;454;202;9.96;0.92;1.16;
2;3;454;270;6.78;0.92;1.02;
2;3;455;128;5.18;0.97;0.73;
2;3;455;129;6.39;0.97;0.7;
2;3;455;180;7.84;0.97;0.72;
2;3;455;270;9.78;0.97;1.02;
2;3;456;68;9.79;0.9;0.69;
2;3;456;128;4.84;0.9;0.73;
2;3;456;129;4.48;0.9;0.7;
2;3;456;202;9.9;0.9;1.16;
2;3;456;270;9.64;0.9;1.02;
2;3;457;128;6.93;1.0;0.73;
2;3;457;129;6.53;1.0;0.7;
2;3;457;202;6.88;1.0;1.16;
2;3;457;270;8.85;1.0;1.02;
2;3;460;128;9.7;0.93;0.73;
2;3;460;202;6.46;0.93;1.16;
2;3;460;270;8.08;0.93;1.02;
2;3;494;18;6.82;0.8;6.51;
2;3;494;20;9.38;0.8;4.5;
2;3;494;326;9.07;0.8;0.63;
2;3;496;322;8.07;0.76;0.66;
2;3;496;323;7.02;0.76;0.63;
2;3;496;324;9.9;0.76;0.6;
2;3;496;326;6.05;0.76;0.63;
2;3;497;318;9.42;0.67;0.62;
2;3;497;321;7.54;0.67;0.68;
2;3;497;322;5.29;0.67;0.66;
2;3;497;323;5.97;0.67;0.63;
2;3;497;324;8.95;0.67;0.6;
2;3;497;326;7.93;0.67;0.63;
3;4;50;163;8.96;0.93;0.72;
3;4;50;321;8.31;0.93;0.68;
3;4;50;322;9.3;0.93;0.66;
3;4;51;318;8.24;0.72;0.62;
3;4;51;319;8.94;0.72;0.63;
3;4;51;320;8.17;0.72;0.66;
3;4;51;321;4.61;0.72;0.68;
3;4;51;322;5.89;0.72;0.66;
3;4;51;323;7.74;0.72;0.63;
3;4;54;318;8.82;0.7;0.62;
3;4;54;319;7.23;0.7;0.63;
3;4;54;320;5.46;0.7;0.66;
3;4;54;321;5.34;0.7;0.68;
3;4;54;322;8.61;0.7;0.66;
3;4;90;158;9.57;0.84;0.7;
3;4;90;160;7.97;0.84;0.67;
3;4;91;160;9.91;0.68;0.67;
3;4;94;158;9.91;0.82;0.7;
3;4;152;150;9.33;2.1;1.27;
3;4;152;152;6.49;2.1;2.1;
3;4;153;150;7.03;1.72;1.27;
3;4;153;152;7.16;1.72;2.1;
3;4;299;74;7.21;0.83;0.7;
3;4;299;174;9.23;0.83;0.74;
3;4;299;319;9.36;0.83;0.63;
3;4;299;320;8.32;0.83;0.66;
3;4;300;74;8.59;0.65;0.7;
3;4;300;319;7.8;0.65;0.63;
3;4;300;320;6.23;0.65;0.66;
3;4;300;321;8.53;0.65;0.68;
3;4;387;180;9.94;0.66;0.72;
3;4;387;181;9.57;0.66;0.66;
3;4;387;319;8.75;0.66;0.63;
3;4;387;320;6.54;0.66;0.66;
3;4;387;321;8.76;0.66;0.68;
3;4;387;322;8.93;0.66;0.66;
3;4;388;318;9.88;0.6;0.62;
3;4;388;319;7.49;0.6;0.63;
3;4;388;320;5.8;0.6;0.66;
3;4;388;321;6.55;0.6;0.68;
3;4;388;322;5.67;0.6;0.66;
3;4;388;323;8.35;0.6;0.63;
3;4;388;324;8.7;0.6;0.6;
3;4;389;72;9.6;0.67;0.57;
3;4;389;180;9.68;0.67;0.72;
3;4;389;318;8.9;0.67;0.62;
3;4;389;319;7.58;0.67;0.63;
3;4;389;320;7.8;0.67;0.66;
3;4;389;321;8.33;0.67;0.68;
3;4;389;322;5.66;0.67;0.66;
3;4;389;323;6.56;0.67;0.63;
3;4;389;324;5.72;0.67;0.6;
3;4;391;22;8.68;0.65;1.23;
3;4;391;67;9.07;0.65;0.66;
3;4;391;322;9.54;0.65;0.66;
3;4;391;323;8.12;0.65;0.63;
3;4;391;324;6.39;0.65;0.6;
3;4;391;326;8.74;0.65;0.63;
3;4;393;20;7.23;0.72;4.5;
3;4;393;22;8.59;0.72;1.23;
3;4;393;67;9.15;0.72;0.66;
3;4;394;20;7.6;0.67;4.5;
3;4;394;22;9.61;0.67;1.23;
3;4;436;20;9.84;0.68;4.5;
3;4;439;20;9.2;0.8;4.5;
3;4;439;22;8.6;0.8;1.23;
3;4;439;67;6.15;0.8;0.66;
3;4;439;68;7.6;0.8;0.69;
3;4;440;22;9.49;0.9;1.23;
3;4;440;67;5.89;0.9;0.66;
3;4;440;68;5.58;0.9;0.69;
3;4;440;129;9.68;0.9;0.7;
3;4;440;324;9.35;0.9;0.6;
3;4;441;22;9.81;0.74;1.23;
3;4;441;67;7.31;0.74;0.66;
3;4;441;68;6.62;0.74;0.69;
3;4;441;72;9.52;0.74;0.57;
3;4;441;180;8.28;0.74;0.72;
3;4;441;323;9.53;0.74;0.63;
3;4;441;324;6.37;0.74;0.6;
3;4;443;72;9.36;0.69;0.57;
3;4;443;180;6.1;0.69;0.72;
3;4;443;181;7.51;0.69;0.66;
3;4;443;319;9.54;0.69;0.63;
3;4;443;320;9.54;0.69;0.66;
3;4;443;322;9.49;0.69;0.66;
3;4;443;324;8.56;0.69;0.6;
3;4;454;128;6.55;0.92;0.73;
3;4;454;129;8.94;0.92;0.7;
3;4;454;202;9.99;0.92;1.16;
3;4;454;270;6.8;0.92;1.02;
3;4;455;128;5.19;0.97;0.73;
3;4;455;129;6.41;0.97;0.7;
3;4;455;180;7.84;0.97;0.72;
3;4;455;270;9.8;0.97;1.02;
3;4;456;68;9.81;0.9;0.69;
3;4;456;128;4.82;0.9;0.73;
3;4;456;129;4.49;0.9;0.7;
3;4;456;202;9.91;0.9;1.16;
3;4;456;270;9.64;0.9;1.02;
3;4;457;128;6.93;1.0;0.73;
3;4;457;129;6.55;1.0;0.7;
3;4;457;202;6.89;1.0;1.16;
3;4;457;270;8.86;1.0;1.02;
3;4;460;128;9.7;0.93;0.73;
3;4;460;202;6.48;0.93;1.16;
3;4;460;270;8.08;0.93;1.02;
3;4;494;18;6.72;0.8;6.51;
3;4;494;20;9.37;0.8;4.5;
3;4;494;326;9.07;0.8;0.63;
3;4;496;322;8.06;0.76;0.66;
3;4;496;323;7.02;0.76;0.63;
3;4;496;324;9.9;0.76;0.6;
3;4;496;326;6.06;0.76;0.63;
3;4;497;318;9.43;0.67;0.62;
3;4;497;321;7.55;0.67;0.68;
3;4;497;322;5.3;0.67;0.66;
3;4;497;323;5.98;0.67;0.63;
3;4;497;324;8.96;0.67;0.6;
3;4;497;326;7.94;0.67;0.63;
1;4;18;494;6.66;6.51;0.8;
1;4;20;393;7.25;4.5;0.72;
1;4;20;394;7.63;4.5;0.67;
1;4;20;436;9.83;4.5;0.68;
1;4;20;439;9.18;4.5;0.8;
1;4;20;494;9.41;4.5;0.8;
1;4;22;391;8.69;1.23;0.65;
1;4;22;393;8.57;1.23;0.72;
1;4;22;394;9.59;1.23;0.67;
1;4;22;439;8.55;1.23;0.8;
1;4;22;440;9.48;1.23;0.9;
1;4;22;441;9.8;1.23;0.74;
1;4;67;391;9.06;0.66;0.65;
1;4;67;393;9.14;0.66;0.72;
1;4;67;439;6.14;0.66;0.8;
1;4;67;440;5.89;0.66;0.9;
1;4;67;441;7.28;0.66;0.74;
1;4;68;439;7.6;0.69;0.8;
1;4;68;440;5.6;0.69;0.9;
1;4;68;441;6.62;0.69;0.74;
1;4;68;456;9.81;0.69;0.9;
1;4;72;389;9.6;0.57;0.67;
1;4;72;441;9.54;0.57;0.74;
1;4;72;443;9.36;0.57;0.69;
1;4;74;299;7.21;0.7;0.83;
1;4;74;300;8.58;0.7;0.65;
1;4;128;454;6.63;0.73;0.92;
1;4;128;455;5.25;0.73;0.97;
1;4;128;456;4.88;0.73;0.9;
1;4;128;457;6.96;0.73;1.0;
1;4;128;460;9.76;0.73;0.93;
1;4;129;440;9.7;0.7;0.9;
1;4;129;454;9.01;0.7;0.92;
1;4;129;455;6.47;0.7;0.97;
1;4;129;456;4.56;0.7;0.9;
1;4;129;457;6.61;0.7;1.0;
1;4;150;152;9.23;1.27;2.1;
1;4;150;153;6.94;1.27;1.72;
1;4;152;152;6.49;2.1;2.1;
1;4;152;153;7.2;2.1;1.72;
1;4;158;90;9.6;0.7;0.84;
1;4;158;94;9.93;0.7;0.82;
1;4;160;90;7.99;0.67;0.84;
1;4;160;91;9.92;0.67;0.68;
1;4;163;50;8.92;0.72;0.93;
1;4;174;299;9.24;0.74;0.83;
1;4;180;387;9.98;0.72;0.66;
1;4;180;389;9.7;0.72;0.67;
1;4;180;441;8.28;0.72;0.74;
1;4;180;443;6.14;0.72;0.69;
1;4;180;455;7.86;0.72;0.97;
1;4;181;387;9.58;0.66;0.66;
1;4;181;443;7.52;0.66;0.69;
1;4;202;456;9.97;1.16;0.9;
1;4;202;457;6.91;1.16;1.0;
1;4;202;460;6.59;1.16;0.93;
1;4;270;454;6.89;1.02;0.92;
1;4;270;455;9.84;1.02;0.97;
1;4;270;456;9.65;1.02;0.9;
1;4;270;457;8.83;1.02;1.0;
1;4;270;460;8.15;1.02;0.93;
1;4;318;51;8.22;0.62;0.72;
1;4;318;54;8.83;0.62;0.7;
1;4;318;388;9.9;0.62;0.6;
1;4;318;389;8.91;0.62;0.67;
1;4;318;497;9.4;0.62;0.67;
1;4;319;51;8.89;0.63;0.72;
1;4;319;54;7.22;0.63;0.7;
1;4;319;299;9.38;0.63;0.83;
1;4;319;300;7.81;0.63;0.65;
1;4;319;387;8.76;0.63;0.66;
1;4;319;388;7.5;0.63;0.6;
1;4;319;389;7.59;0.63;0.67;
1;4;319;443;9.55;0.63;0.69;
1;4;320;51;8.13;0.66;0.72;
1;4;320;54;5.44;0.66;0.7;
1;4;320;299;8.35;0.66;0.83;
1;4;320;300;6.24;0.66;0.65;
1;4;320;387;6.56;0.66;0.66;
1;4;320;388;5.81;0.66;0.6;
1;4;320;389;7.81;0.66;0.67;
1;4;320;443;9.54;0.66;0.69;
1;4;321;50;8.27;0.68;0.93;
1;4;321;51;4.57;0.68;0.72;
1;4;321;54;5.34;0.68;0.7;
1;4;321;300;8.56;0.68;0.65;
1;4;321;387;8.78;0.68;0.66;
1;4;321;388;6.58;0.68;0.6;
1;4;321;389;8.34;0.68;0.67;
1;4;321;497;7.52;0.68;0.67;
1;4;322;50;9.27;0.66;0.93;
1;4;322;51;5.86;0.66;0.72;
1;4;322;54;8.6;0.66;0.7;
1;4;322;387;8.94;0.66;0.66;
1;4;322;388;5.7;0.66;0.6;
1;4;322;389;5.67;0.66;0.67;
1;4;322;391;9.55;0.66;0.65;
1;4;322;443;9.49;0.66;0.69;
1;4;322;496;8.03;0.66;0.76;
1;4;322;497;5.26;0.66;0.67;
1;4;323;51;7.73;0.63;0.72;
1;4;323;388;8.38;0.63;0.6;
1;4;323;389;6.58;0.63;0.67;
1;4;323;391;8.13;0.63;0.65;
1;4;323;441;9.54;0.63;0.74;
1;4;323;496;7.01;0.63;0.76;
1;4;323;497;5.95;0.63;0.67;
1;4;324;388;8.72;0.6;0.6;
1;4;324;389;5.74;0.6;0.67;
1;4;324;391;6.4;0.6;0.65;
1;4;324;440;9.37;0.6;0.9;
1;4;324;441;6.38;0.6;0.74;
1;4;324;443;8.56;0.6;0.69;
1;4;324;496;9.9;0.6;0.76;
1;4;324;497;8.94;0.6;0.67;
1;4;326;391;8.72;0.63;0.65;
1;4;326;494;9.06;0.63;0.8;
1;4;326;496;6.09;0.63;0.76;
1;4;326;497;7.95;0.63;0.67;
