14;458;8.39;0.56;0.03;
19;20;3.96;0.24;0.17;
19;22;8.93;0.24;0.11;
19;393;7.06;0.24;0.03;
19;439;7.12;0.24;0.03;
20;22;6.35;0.17;0.11;
20;67;9.6;0.17;0.08;
20;393;8.99;0.17;0.03;
20;439;7.55;0.17;0.03;
22;67;6.19;0.11;0.08;
22;324;8.55;0.11;0.06;
22;326;6.6;0.11;0.08;
22;391;9.02;0.11;0.02;
22;393;8.97;0.11;0.03;
22;439;7.07;0.11;0.03;
22;441;9.93;0.11;0.03;
50;51;3.83;0.03;0.03;
50;54;8.17;0.03;0.05;
50;163;7.48;0.03;0.09;
50;321;8.2;0.03;0.11;
50;322;9.26;0.03;0.08;
50;496;8.34;0.03;0.03;
50;497;8.05;0.03;0.03;
51;54;5.8;0.03;0.05;
51;300;9.95;0.03;0.08;
51;318;7.84;0.03;0.07;
51;319;8.59;0.03;0.06;
51;320;7.93;0.03;0.1;
51;321;4.45;0.03;0.11;
51;322;5.69;0.03;0.08;
51;323;7.63;0.03;0.09;
51;496;7.97;0.03;0.03;
51;497;6.28;0.03;0.03;
54;56;6.95;0.05;0.05;
54;91;8.97;0.05;0.08;
54;299;8.07;0.05;0.06;
54;300;4.43;0.05;0.08;
54;318;8.71;0.05;0.07;
54;319;7.55;0.05;0.06;
54;320;5.85;0.05;0.1;
54;321;4.91;0.05;0.11;
54;322;8.24;0.05;0.08;
56;297;7.67;0.05;0.09;
56;299;5.04;0.05;0.06;
56;300;4.61;0.05;0.08;
56;319;8.91;0.05;0.06;
56;320;5.64;0.05;0.1;
56;321;7.85;0.05;0.11;
56;387;8.15;0.05;0.05;
56;388;9.63;0.05;0.03;
67;324;9.06;0.08;0.06;
67;439;7.17;0.08;0.03;
67;441;8.4;0.08;0.03;
72;74;6.27;0.05;0.06;
72;76;7.66;0.05;0.06;
72;174;8.59;0.05;0.03;
72;181;5.49;0.05;0.07;
72;318;8.0;0.05;0.07;
72;319;6.71;0.05;0.06;
72;320;9.76;0.05;0.1;
72;323;9.98;0.05;0.09;
72;324;7.6;0.05;0.06;
74;76;6.92;0.06;0.06;
74;91;9.83;0.06;0.08;
74;94;9.81;0.06;0.08;
74;147;7.77;0.06;0.11;
74;174;4.48;0.06;0.03;
74;176;8.33;0.06;0.08;
74;181;8.42;0.06;0.07;
74;297;9.25;0.06;0.09;
74;299;6.9;0.06;0.06;
74;300;8.79;0.06;0.08;
74;318;9.54;0.06;0.07;
74;319;7.63;0.06;0.06;
74;320;9.6;0.06;0.1;
76;147;9.73;0.06;0.11;
76;158;9.95;0.06;0.05;
76;169;5.75;0.06;0.05;
76;318;4.95;0.06;0.07;
76;319;6.4;0.06;0.06;
76;320;9.76;0.06;0.1;
76;323;8.99;0.06;0.09;
76;324;9.41;0.06;0.06;
90;91;3.79;0.08;0.08;
90;94;6.46;0.08;0.08;
90;158;9.25;0.08;0.05;
90;160;7.19;0.08;0.06;
90;300;9.65;0.08;0.08;
91;94;5.0;0.08;0.08;
91;158;9.97;0.08;0.05;
91;160;9.31;0.08;0.06;
91;299;7.09;0.08;0.06;
91;300;6.43;0.08;0.08;
94;147;9.8;0.08;0.11;
94;149;9.54;0.08;0.04;
94;158;8.81;0.08;0.05;
94;299;8.9;0.08;0.06;
114;297;6.21;0.3;0.09;
147;149;7.28;0.11;0.04;
147;158;5.68;0.11;0.05;
147;174;6.97;0.11;0.03;
149;150;3.76;0.04;0.06;
149;151;9.83;0.04;0.06;
149;152;9.69;0.04;0.11;
149;153;7.75;0.04;0.1;
149;154;7.63;0.04;0.07;
149;158;6.2;0.04;0.05;
150;151;8.31;0.06;0.06;
150;152;6.89;0.06;0.11;
150;153;5.6;0.06;0.1;
150;154;7.17;0.06;0.07;
150;158;9.71;0.06;0.05;
151;152;3.89;0.06;0.11;
151;153;5.6;0.06;0.1;
151;154;5.01;0.06;0.07;
152;153;3.84;0.11;0.1;
152;154;5.96;0.11;0.07;
153;154;3.68;0.1;0.07;
158;160;7.31;0.05;0.06;
158;169;8.61;0.05;0.05;
160;167;8.41;0.06;0.07;
160;169;5.43;0.06;0.05;
163;167;5.86;0.09;0.07;
167;169;6.47;0.07;0.05;
169;318;8.74;0.05;0.07;
174;176;6.01;0.03;0.08;
174;181;9.07;0.03;0.07;
174;297;9.62;0.03;0.09;
174;299;9.54;0.03;0.06;
176;181;7.1;0.08;0.07;
176;297;7.69;0.08;0.09;
181;319;9.61;0.07;0.06;
181;443;9.98;0.07;0.05;
202;457;6.73;0.09;0.02;
297;299;5.27;0.09;0.06;
297;300;8.8;0.09;0.08;
299;300;3.76;0.06;0.08;
299;319;8.48;0.06;0.06;
299;320;7.3;0.06;0.1;
300;319;7.63;0.08;0.06;
300;320;5.97;0.08;0.1;
300;321;7.63;0.08;0.11;
318;319;3.83;0.07;0.06;
318;320;7.08;0.07;0.1;
318;321;7.21;0.07;0.11;
318;322;5.81;0.07;0.08;
318;323;4.13;0.07;0.09;
318;324;5.61;0.07;0.06;
318;326;8.03;0.07;0.08;
318;389;9.46;0.07;0.03;
318;497;9.3;0.07;0.03;
319;320;3.91;0.06;0.1;
319;321;5.91;0.06;0.11;
319;322;5.6;0.06;0.08;
319;323;5.95;0.06;0.09;
319;324;6.38;0.06;0.06;
319;387;9.12;0.06;0.05;
319;388;8.01;0.06;0.03;
319;389;8.15;0.06;0.03;
320;321;3.83;0.1;0.11;
320;322;5.55;0.1;0.08;
320;323;7.99;0.1;0.09;
320;324;9.02;0.1;0.06;
320;387;6.63;0.1;0.05;
320;388;6.06;0.1;0.03;
320;389;8.01;0.1;0.03;
321;322;3.79;0.11;0.08;
321;323;7.07;0.11;0.09;
321;324;9.53;0.11;0.06;
321;387;8.58;0.11;0.05;
321;388;6.5;0.11;0.03;
321;389;8.33;0.11;0.03;
321;497;7.54;0.11;0.03;
322;323;3.76;0.08;0.09;
322;324;6.33;0.08;0.06;
322;326;8.69;0.08;0.08;
322;387;8.89;0.08;0.05;
322;388;5.74;0.08;0.03;
322;389;5.72;0.08;0.03;
322;391;9.52;0.08;0.02;
322;443;9.81;0.08;0.05;
322;496;8.15;0.08;0.03;
322;497;5.26;0.08;0.03;
323;324;3.78;0.09;0.06;
323;326;5.37;0.09;0.08;
323;388;8.5;0.09;0.03;
323;389;6.77;0.09;0.03;
323;391;8.45;0.09;0.02;
323;441;9.88;0.09;0.03;
323;496;7.31;0.09;0.03;
323;497;6.1;0.09;0.03;
324;326;6.42;0.06;0.08;
324;388;8.8;0.06;0.03;
324;389;6.07;0.06;0.03;
324;391;7.31;0.06;0.02;
324;441;7.11;0.06;0.03;
324;443;8.99;0.06;0.05;
324;497;9.28;0.06;0.03;
326;391;8.39;0.08;0.02;
326;496;6.44;0.08;0.03;
326;497;7.81;0.08;0.03;
387;388;3.79;0.05;0.03;
387;389;6.65;0.05;0.03;
387;443;5.89;0.05;0.05;
388;389;3.8;0.03;0.03;
388;391;9.79;0.03;0.02;
388;441;9.71;0.03;0.03;
388;443;5.67;0.03;0.05;
388;497;9.36;0.03;0.03;
389;391;6.25;0.03;0.02;
389;441;6.16;0.03;0.03;
389;443;4.48;0.03;0.05;
389;497;8.7;0.03;0.03;
391;393;5.53;0.02;0.03;
391;439;6.61;0.02;0.03;
391;441;4.66;0.02;0.03;
391;443;8.56;0.02;0.05;
391;497;9.49;0.02;0.03;
393;439;4.87;0.03;0.03;
393;441;8.39;0.03;0.03;
439;441;6.57;0.03;0.03;
441;443;6.07;0.03;0.05;
457;458;3.71;0.02;0.03;
496;497;3.87;0.03;0.03;
