1;2;50;163;8.97;0.94;0.65;
1;2;50;321;8.26;0.94;0.67;
1;2;50;322;9.27;0.94;0.65;
1;2;51;318;8.14;0.7;0.62;
1;2;51;319;8.79;0.7;0.59;
1;2;51;320;8.07;0.7;0.71;
1;2;51;321;4.59;0.7;0.67;
1;2;51;322;5.78;0.7;0.65;
1;2;51;323;7.65;0.7;0.63;
1;2;54;318;8.73;0.65;0.62;
1;2;54;319;7.16;0.65;0.59;
1;2;54;320;5.43;0.65;0.71;
1;2;54;321;5.29;0.65;0.67;
1;2;54;322;8.5;0.65;0.65;
1;2;90;158;9.58;0.75;0.68;
1;2;90;160;7.84;0.75;0.65;
1;2;91;160;9.84;0.65;0.65;
1;2;94;158;9.65;0.78;0.68;
1;2;152;150;9.12;2.12;1.38;
1;2;152;151;7.26;2.12;1.67;
1;2;152;152;6.68;2.12;2.12;
1;2;153;150;7.36;1.5;1.38;
1;2;153;151;7.27;1.5;1.67;
1;2;153;152;7.79;1.5;2.12;
1;2;297;74;9.88;0.79;0.72;
1;2;297;174;9.9;0.79;0.77;
1;2;297;176;8.63;0.79;1.68;
1;2;299;74;7.12;0.76;0.72;
1;2;299;174;9.28;0.76;0.77;
1;2;299;319;9.25;0.76;0.59;
1;2;299;320;8.27;0.76;0.71;
1;2;300;74;8.63;0.63;0.72;
1;2;300;319;7.69;0.63;0.59;
1;2;300;320;6.17;0.63;0.71;
1;2;300;321;8.49;0.63;0.67;
1;2;387;180;9.9;0.62;0.69;
1;2;387;181;9.46;0.62;0.68;
1;2;387;319;8.72;0.62;0.59;
1;2;387;320;6.53;0.62;0.71;
1;2;387;321;8.7;0.62;0.67;
1;2;387;322;8.89;0.62;0.65;
1;2;388;318;9.94;0.59;0.62;
1;2;388;319;7.48;0.59;0.59;
1;2;388;320;5.8;0.59;0.71;
1;2;388;321;6.51;0.59;0.67;
1;2;388;322;5.65;0.59;0.65;
1;2;388;323;8.33;0.59;0.63;
1;2;388;324;8.61;0.59;0.6;
1;2;389;72;9.67;0.65;0.59;
1;2;389;180;9.66;0.65;0.69;
1;2;389;318;9.04;0.65;0.62;
1;2;389;319;7.66;0.65;0.59;
1;2;389;320;7.87;0.65;0.71;
1;2;389;321;8.38;0.65;0.67;
1;2;389;322;5.7;0.65;0.65;
1;2;389;323;6.59;0.65;0.63;
1;2;389;324;5.66;0.65;0.6;
1;2;391;22;8.68;0.61;1.34;
1;2;391;67;9.08;0.61;0.66;
1;2;391;322;9.6;0.61;0.65;
1;2;391;323;8.19;0.61;0.63;
1;2;391;324;6.42;0.61;0.6;
1;2;391;326;8.68;0.61;0.63;
1;2;393;19;8.24;0.71;6.17;
1;2;393;20;7.45;0.71;4.7;
1;2;393;22;8.42;0.71;1.34;
1;2;393;67;9.21;0.71;0.66;
1;2;394;19;8.06;0.64;6.17;
1;2;394;20;8.79;0.64;4.7;
1;2;394;22;9.57;0.64;1.34;
1;2;418;236;7.55;0.99;1.08;
1;2;439;20;8.65;0.85;4.7;
1;2;439;22;8.5;0.85;1.34;
1;2;439;67;6.09;0.85;0.66;
1;2;439;68;7.64;0.85;0.7;
1;2;440;22;9.63;0.84;1.34;
1;2;440;67;5.91;0.84;0.66;
1;2;440;68;5.61;0.84;0.7;
1;2;440;129;9.63;0.84;0.66;
1;2;440;324;9.37;0.84;0.6;
1;2;441;22;9.95;0.71;1.34;
1;2;441;67;7.3;0.71;0.66;
1;2;441;68;6.59;0.71;0.7;
1;2;441;72;9.62;0.71;0.59;
1;2;441;180;8.19;0.71;0.69;
1;2;441;323;9.62;0.71;0.63;
1;2;441;324;6.38;0.71;0.6;
1;2;443;72;9.47;0.66;0.59;
1;2;443;180;6.12;0.66;0.69;
1;2;443;181;7.53;0.66;0.68;
1;2;443;319;9.66;0.66;0.59;
1;2;443;320;9.64;0.66;0.71;
1;2;443;322;9.53;0.66;0.65;
1;2;443;324;8.46;0.66;0.6;
1;2;454;128;6.71;0.72;0.67;
1;2;454;129;9.05;0.72;0.66;
1;2;454;202;9.94;0.72;1.04;
1;2;454;270;5.26;0.72;0.96;
1;2;455;128;5.4;0.78;0.67;
1;2;455;129;6.53;0.78;0.66;
1;2;455;180;8.01;0.78;0.69;
1;2;455;270;6.61;0.78;0.96;
1;2;456;68;9.87;0.81;0.7;
1;2;456;128;4.95;0.81;0.67;
1;2;456;129;4.56;0.81;0.66;
1;2;456;270;8.74;0.81;0.96;
1;2;457;128;6.95;0.84;0.67;
1;2;457;129;6.57;0.84;0.66;
1;2;457;198;7.53;0.84;0.64;
1;2;457;202;7.36;0.84;1.04;
1;2;460;128;9.77;0.75;0.67;
1;2;460;202;6.66;0.75;1.04;
1;2;494;19;8.67;0.71;6.17;
1;2;494;326;9.2;0.71;0.63;
1;2;496;322;8.03;0.69;0.65;
1;2;496;323;6.96;0.69;0.63;
1;2;496;324;9.88;0.69;0.6;
1;2;496;326;6.0;0.69;0.63;
1;2;497;318;9.38;0.66;0.62;
1;2;497;321;7.5;0.66;0.67;
1;2;497;322;5.21;0.66;0.65;
1;2;497;323;5.92;0.66;0.63;
1;2;497;324;8.91;0.66;0.6;
1;2;497;326;7.9;0.66;0.63;
2;3;50;163;8.95;0.94;0.65;
2;3;50;321;8.26;0.94;0.67;
2;3;50;322;9.28;0.94;0.65;
2;3;51;318;8.16;0.7;0.62;
2;3;51;319;8.83;0.7;0.59;
2;3;51;320;8.1;0.7;0.71;
2;3;51;321;4.6;0.7;0.67;
2;3;51;322;5.81;0.7;0.65;
2;3;51;323;7.67;0.7;0.63;
2;3;54;318;8.73;0.65;0.62;
2;3;54;319;7.14;0.65;0.59;
2;3;54;320;5.43;0.65;0.71;
2;3;54;321;5.29;0.65;0.67;
2;3;54;322;8.52;0.65;0.65;
2;3;90;158;9.58;0.75;0.68;
2;3;90;160;7.82;0.75;0.65;
2;3;91;160;9.81;0.65;0.65;
2;3;94;158;9.61;0.78;0.68;
2;3;151;151;8.39;1.67;1.67;
2;3;151;152;9.13;1.67;2.12;
2;3;152;150;9.12;2.12;1.38;
2;3;152;151;7.31;2.12;1.67;
2;3;152;152;6.68;2.12;2.12;
2;3;153;150;7.38;1.5;1.38;
2;3;153;151;7.32;1.5;1.67;
2;3;153;152;7.81;1.5;2.12;
2;3;154;150;8.58;1.18;1.38;
2;3;154;151;9.0;1.18;1.67;
2;3;297;74;9.85;0.79;0.72;
2;3;297;174;9.85;0.79;0.77;
2;3;299;74;7.11;0.76;0.72;
2;3;299;174;9.23;0.76;0.77;
2;3;299;319;9.19;0.76;0.59;
2;3;299;320;8.25;0.76;0.71;
2;3;300;74;8.63;0.63;0.72;
2;3;300;319;7.63;0.63;0.59;
2;3;300;320;6.15;0.63;0.71;
2;3;300;321;8.48;0.63;0.67;
2;3;387;180;9.89;0.62;0.69;
2;3;387;181;9.46;0.62;0.68;
2;3;387;319;8.72;0.62;0.59;
2;3;387;320;6.52;0.62;0.71;
2;3;387;321;8.7;0.62;0.67;
2;3;387;322;8.88;0.62;0.65;
2;3;388;318;9.93;0.59;0.62;
2;3;388;319;7.52;0.59;0.59;
2;3;388;320;5.82;0.59;0.71;
2;3;388;321;6.52;0.59;0.67;
2;3;388;322;5.63;0.59;0.65;
2;3;388;323;8.33;0.59;0.63;
2;3;388;324;8.6;0.59;0.6;
2;3;389;72;9.68;0.65;0.59;
2;3;389;180;9.64;0.65;0.69;
2;3;389;318;9.03;0.65;0.62;
2;3;389;319;7.72;0.65;0.59;
2;3;389;320;7.9;0.65;0.71;
2;3;389;321;8.39;0.65;0.67;
2;3;389;322;5.7;0.65;0.65;
2;3;389;323;6.59;0.65;0.63;
2;3;389;324;5.65;0.65;0.6;
2;3;391;22;8.67;0.61;1.34;
2;3;391;67;9.09;0.61;0.66;
2;3;391;322;9.59;0.61;0.65;
2;3;391;323;8.18;0.61;0.63;
2;3;391;324;6.42;0.61;0.6;
2;3;391;326;8.64;0.61;0.63;
2;3;393;19;8.37;0.71;6.17;
2;3;393;20;7.46;0.71;4.7;
2;3;393;22;8.41;0.71;1.34;
2;3;393;67;9.24;0.71;0.66;
2;3;394;19;8.17;0.64;6.17;
2;3;394;20;8.8;0.64;4.7;
2;3;394;22;9.58;0.64;1.34;
2;3;418;236;7.54;0.99;1.08;
2;3;439;20;8.64;0.85;4.7;
2;3;439;22;8.46;0.85;1.34;
2;3;439;67;6.11;0.85;0.66;
2;3;439;68;7.68;0.85;0.7;
2;3;440;22;9.59;0.84;1.34;
2;3;440;67;5.91;0.84;0.66;
2;3;440;68;5.64;0.84;0.7;
2;3;440;129;9.65;0.84;0.66;
2;3;440;324;9.37;0.84;0.6;
2;3;441;22;9.93;0.71;1.34;
2;3;441;67;7.3;0.71;0.66;
2;3;441;68;6.6;0.71;0.7;
2;3;441;72;9.63;0.71;0.59;
2;3;441;180;8.19;0.71;0.69;
2;3;441;323;9.61;0.71;0.63;
2;3;441;324;6.37;0.71;0.6;
2;3;443;72;9.47;0.66;0.59;
2;3;443;180;6.11;0.66;0.69;
2;3;443;181;7.54;0.66;0.68;
2;3;443;319;9.69;0.66;0.59;
2;3;443;320;9.64;0.66;0.71;
2;3;443;322;9.51;0.66;0.65;
2;3;443;324;8.47;0.66;0.6;
2;3;454;128;6.72;0.72;0.67;
2;3;454;129;9.05;0.72;0.66;
2;3;454;202;9.97;0.72;1.04;
2;3;454;270;5.26;0.72;0.96;
2;3;455;128;5.41;0.78;0.67;
2;3;455;129;6.53;0.78;0.66;
2;3;455;180;8.0;0.78;0.69;
2;3;455;270;6.62;0.78;0.96;
2;3;456;68;9.87;0.81;0.7;
2;3;456;128;4.97;0.81;0.67;
2;3;456;129;4.58;0.81;0.66;
2;3;456;270;8.75;0.81;0.96;
2;3;457;128;6.96;0.84;0.67;
2;3;457;129;6.59;0.84;0.66;
2;3;457;198;7.53;0.84;0.64;
2;3;457;202;7.33;0.84;1.04;
2;3;460;128;9.8;0.75;0.67;
2;3;460;202;6.65;0.75;1.04;
2;3;494;19;8.67;0.71;6.17;
2;3;494;326;9.21;0.71;0.63;
2;3;496;322;8.04;0.69;0.65;
2;3;496;323;6.97;0.69;0.63;
2;3;496;324;9.89;0.69;0.6;
2;3;496;326;6.0;0.69;0.63;
2;3;497;318;9.4;0.66;0.62;
2;3;497;321;7.51;0.66;0.67;
2;3;497;322;5.22;0.66;0.65;
2;3;497;323;5.93;0.66;0.63;
2;3;497;324;8.93;0.66;0.6;
2;3;497;326;7.9;0.66;0.63;
3;4;50;163;8.97;0.94;0.65;
3;4;50;321;8.27;0.94;0.67;
3;4;50;322;9.29;0.94;0.65;
3;4;51;318;8.13;0.7;0.62;
3;4;51;319;8.8;0.7;0.59;
3;4;51;320;8.08;0.7;0.71;
3;4;51;321;4.6;0.7;0.67;
3;4;51;322;5.8;0.7;0.65;
3;4;51;323;7.66;0.7;0.63;
3;4;54;318;8.7;0.65;0.62;
3;4;54;319;7.15;0.65;0.59;
3;4;54;320;5.43;0.65;0.71;
3;4;54;321;5.29;0.65;0.67;
3;4;54;322;8.5;0.65;0.65;
3;4;90;158;9.56;0.75;0.68;
3;4;90;160;7.81;0.75;0.65;
3;4;91;160;9.81;0.65;0.65;
3;4;94;158;9.63;0.78;0.68;
3;4;152;150;9.09;2.12;1.38;
3;4;152;151;7.27;2.12;1.67;
3;4;152;152;6.65;2.12;2.12;
3;4;153;150;7.37;1.5;1.38;
3;4;153;151;7.32;1.5;1.67;
3;4;153;152;7.82;1.5;2.12;
3;4;154;150;8.59;1.18;1.38;
3;4;154;151;9.02;1.18;1.67;
3;4;297;74;9.86;0.79;0.72;
3;4;297;174;9.87;0.79;0.77;
3;4;297;176;8.55;0.79;1.68;
3;4;299;74;7.11;0.76;0.72;
3;4;299;174;9.27;0.76;0.77;
3;4;299;319;9.23;0.76;0.59;
3;4;299;320;8.27;0.76;0.71;
3;4;300;74;8.63;0.63;0.72;
3;4;300;319;7.67;0.63;0.59;
3;4;300;320;6.17;0.63;0.71;
3;4;300;321;8.48;0.63;0.67;
3;4;387;180;9.9;0.62;0.69;
3;4;387;181;9.47;0.62;0.68;
3;4;387;319;8.71;0.62;0.59;
3;4;387;320;6.54;0.62;0.71;
3;4;387;321;8.7;0.62;0.67;
3;4;387;322;8.89;0.62;0.65;
3;4;388;318;9.96;0.59;0.62;
3;4;388;319;7.48;0.59;0.59;
3;4;388;320;5.81;0.59;0.71;
3;4;388;321;6.51;0.59;0.67;
3;4;388;322;5.65;0.59;0.65;
3;4;388;323;8.36;0.59;0.63;
3;4;388;324;8.62;0.59;0.6;
3;4;389;72;9.68;0.65;0.59;
3;4;389;180;9.67;0.65;0.69;
3;4;389;318;9.06;0.65;0.62;
3;4;389;319;7.68;0.65;0.59;
3;4;389;320;7.89;0.65;0.71;
3;4;389;321;8.38;0.65;0.67;
3;4;389;322;5.7;0.65;0.65;
3;4;389;323;6.61;0.65;0.63;
3;4;389;324;5.67;0.65;0.6;
3;4;391;22;8.67;0.61;1.34;
3;4;391;67;9.09;0.61;0.66;
3;4;391;322;9.59;0.61;0.65;
3;4;391;323;8.19;0.61;0.63;
3;4;391;324;6.43;0.61;0.6;
3;4;391;326;8.67;0.61;0.63;
3;4;393;19;8.19;0.71;6.17;
3;4;393;20;7.4;0.71;4.7;
3;4;393;22;8.42;0.71;1.34;
3;4;393;67;9.24;0.71;0.66;
3;4;394;19;8.0;0.64;6.17;
3;4;394;20;8.76;0.64;4.7;
3;4;394;22;9.59;0.64;1.34;
3;4;418;236;7.61;0.99;1.08;
3;4;439;20;8.59;0.85;4.7;
3;4;439;22;8.49;0.85;1.34;
3;4;439;67;6.13;0.85;0.66;
3;4;439;68;7.69;0.85;0.7;
3;4;440;22;9.62;0.84;1.34;
3;4;440;67;5.92;0.84;0.66;
3;4;440;68;5.65;0.84;0.7;
3;4;440;129;9.68;0.84;0.66;
3;4;440;324;9.39;0.84;0.6;
3;4;441;22;9.93;0.71;1.34;
3;4;441;67;7.29;0.71;0.66;
3;4;441;68;6.6;0.71;0.7;
3;4;441;72;9.63;0.71;0.59;
3;4;441;180;8.22;0.71;0.69;
3;4;441;323;9.63;0.71;0.63;
3;4;441;324;6.4;0.71;0.6;
3;4;443;72;9.46;0.66;0.59;
3;4;443;180;6.12;0.66;0.69;
3;4;443;181;7.54;0.66;0.68;
3;4;443;319;9.65;0.66;0.59;
3;4;443;320;9.64;0.66;0.71;
3;4;443;322;9.52;0.66;0.65;
3;4;443;324;8.48;0.66;0.6;
3;4;454;128;6.74;0.72;0.67;
3;4;454;129;9.09;0.72;0.66;
3;4;454;202;9.95;0.72;1.04;
3;4;454;270;5.27;0.72;0.96;
3;4;455;128;5.42;0.78;0.67;
3;4;455;129;6.56;0.78;0.66;
3;4;455;180;8.03;0.78;0.69;
3;4;455;270;6.63;0.78;0.96;
3;4;456;68;9.89;0.81;0.7;
3;4;456;128;4.99;0.81;0.67;
3;4;456;129;4.61;0.81;0.66;
3;4;456;270;8.76;0.81;0.96;
3;4;457;128;6.98;0.84;0.67;
3;4;457;129;6.62;0.84;0.66;
3;4;457;198;7.57;0.84;0.64;
3;4;457;202;7.35;0.84;1.04;
3;4;460;128;9.81;0.75;0.67;
3;4;460;202;6.67;0.75;1.04;
3;4;494;19;8.62;0.71;6.17;
3;4;494;326;9.22;0.71;0.63;
3;4;496;322;8.05;0.69;0.65;
3;4;496;323;6.97;0.69;0.63;
3;4;496;324;9.89;0.69;0.6;
3;4;496;326;6.01;0.69;0.63;
3;4;497;318;9.4;0.66;0.62;
3;4;497;321;7.52;0.66;0.67;
3;4;497;322;5.22;0.66;0.65;
3;4;497;323;5.93;0.66;0.63;
3;4;497;324;8.93;0.66;0.6;
3;4;497;326;7.91;0.66;0.63;
1;4;19;393;8.19;6.17;0.71;
1;4;19;394;7.97;6.17;0.64;
1;4;19;494;8.54;6.17;0.71;
1;4;20;393;7.4;4.7;0.71;
1;4;20;394;8.75;4.7;0.64;
1;4;20;439;8.62;4.7;0.85;
1;4;22;391;8.68;1.34;0.61;
1;4;22;393;8.42;1.34;0.71;
1;4;22;394;9.61;1.34;0.64;
1;4;22;439;8.48;1.34;0.85;
1;4;22;440;9.62;1.34;0.84;
1;4;22;441;9.92;1.34;0.71;
1;4;67;391;9.12;0.66;0.61;
1;4;67;393;9.27;0.66;0.71;
1;4;67;439;6.13;0.66;0.85;
1;4;67;440;5.94;0.66;0.84;
1;4;67;441;7.3;0.66;0.71;
1;4;68;439;7.71;0.7;0.85;
1;4;68;440;5.67;0.7;0.84;
1;4;68;441;6.62;0.7;0.71;
1;4;68;456;9.89;0.7;0.81;
1;4;72;389;9.68;0.59;0.65;
1;4;72;441;9.65;0.59;0.71;
1;4;72;443;9.48;0.59;0.66;
1;4;74;297;9.82;0.72;0.79;
1;4;74;299;7.08;0.72;0.76;
1;4;74;300;8.61;0.72;0.63;
1;4;128;454;6.8;0.67;0.72;
1;4;128;455;5.47;0.67;0.78;
1;4;128;456;5.0;0.67;0.81;
1;4;128;457;6.98;0.67;0.84;
1;4;128;460;9.84;0.67;0.75;
1;4;129;440;9.68;0.66;0.84;
1;4;129;454;9.14;0.66;0.72;
1;4;129;455;6.61;0.66;0.78;
1;4;129;456;4.64;0.66;0.81;
1;4;129;457;6.64;0.66;0.84;
1;4;150;152;9.05;1.38;2.12;
1;4;150;153;7.29;1.38;1.5;
1;4;150;154;8.51;1.38;1.18;
1;4;151;152;7.22;1.67;2.12;
1;4;151;153;7.23;1.67;1.5;
1;4;151;154;8.93;1.67;1.18;
1;4;152;152;6.6;2.12;2.12;
1;4;152;153;7.74;2.12;1.5;
1;4;158;90;9.55;0.68;0.75;
1;4;158;94;9.61;0.68;0.78;
1;4;160;90;7.79;0.65;0.75;
1;4;160;91;9.78;0.65;0.65;
1;4;163;50;8.94;0.65;0.94;
1;4;174;297;9.83;0.77;0.79;
1;4;174;299;9.22;0.77;0.76;
1;4;180;387;9.93;0.69;0.62;
1;4;180;389;9.67;0.69;0.65;
1;4;180;441;8.21;0.69;0.71;
1;4;180;443;6.14;0.69;0.66;
1;4;180;455;8.03;0.69;0.78;
1;4;181;387;9.48;0.68;0.62;
1;4;181;443;7.56;0.68;0.66;
1;4;198;457;7.62;0.64;0.84;
1;4;202;454;9.98;1.04;0.72;
1;4;202;457;7.34;1.04;0.84;
1;4;202;460;6.72;1.04;0.75;
1;4;236;418;7.78;1.08;0.99;
1;4;270;454;5.26;0.96;0.72;
1;4;270;455;6.59;0.96;0.78;
1;4;270;456;8.72;0.96;0.81;
1;4;318;51;8.14;0.62;0.7;
1;4;318;54;8.69;0.62;0.65;
1;4;318;388;9.95;0.62;0.59;
1;4;318;389;9.05;0.62;0.65;
1;4;318;497;9.43;0.62;0.66;
1;4;319;51;8.81;0.59;0.7;
1;4;319;54;7.12;0.59;0.65;
1;4;319;299;9.2;0.59;0.76;
1;4;319;300;7.63;0.59;0.63;
1;4;319;387;8.74;0.59;0.62;
1;4;319;388;7.54;0.59;0.59;
1;4;319;389;7.73;0.59;0.65;
1;4;319;443;9.73;0.59;0.66;
1;4;320;51;8.08;0.71;0.7;
1;4;320;54;5.4;0.71;0.65;
1;4;320;299;8.27;0.71;0.76;
1;4;320;300;6.15;0.71;0.63;
1;4;320;387;6.53;0.71;0.62;
1;4;320;388;5.82;0.71;0.59;
1;4;320;389;7.9;0.71;0.65;
1;4;320;443;9.67;0.71;0.66;
1;4;321;50;8.24;0.67;0.94;
1;4;321;51;4.57;0.67;0.7;
1;4;321;54;5.26;0.67;0.65;
1;4;321;300;8.49;0.67;0.63;
1;4;321;387;8.71;0.67;0.62;
1;4;321;388;6.53;0.67;0.59;
1;4;321;389;8.39;0.67;0.65;
1;4;321;497;7.52;0.67;0.66;
1;4;322;50;9.27;0.65;0.94;
1;4;322;51;5.78;0.65;0.7;
1;4;322;54;8.48;0.65;0.65;
1;4;322;387;8.89;0.65;0.62;
1;4;322;388;5.65;0.65;0.59;
1;4;322;389;5.7;0.65;0.65;
1;4;322;391;9.59;0.65;0.61;
1;4;322;443;9.54;0.65;0.66;
1;4;322;496;8.04;0.65;0.69;
1;4;322;497;5.21;0.65;0.66;
1;4;323;51;7.65;0.63;0.7;
1;4;323;388;8.36;0.63;0.59;
1;4;323;389;6.6;0.63;0.65;
1;4;323;391;8.18;0.63;0.61;
1;4;323;441;9.62;0.63;0.71;
1;4;323;496;6.98;0.63;0.69;
1;4;323;497;5.95;0.63;0.66;
1;4;324;388;8.62;0.6;0.59;
1;4;324;389;5.65;0.6;0.65;
1;4;324;391;6.44;0.6;0.61;
1;4;324;440;9.38;0.6;0.84;
1;4;324;441;6.38;0.6;0.71;
1;4;324;443;8.48;0.6;0.66;
1;4;324;496;9.91;0.6;0.69;
1;4;324;497;8.94;0.6;0.66;
1;4;326;391;8.69;0.63;0.61;
1;4;326;494;9.25;0.63;0.71;
1;4;326;496;6.02;0.63;0.69;
1;4;326;497;7.92;0.63;0.66;
