19;20;3.92;0.37;0.29;
19;22;8.65;0.37;0.19;
19;393;6.27;0.37;0.1;
19;394;7.14;0.37;0.08;
19;439;8.33;0.37;0.11;
20;22;6.17;0.29;0.19;
20;393;7.56;0.29;0.1;
20;394;9.61;0.29;0.08;
20;439;7.05;0.29;0.11;
22;67;5.84;0.19;0.18;
22;324;8.69;0.19;0.19;
22;326;6.85;0.19;0.19;
22;391;9.39;0.19;0.06;
22;393;9.52;0.19;0.1;
22;439;7.48;0.19;0.11;
50;51;3.8;0.08;0.06;
50;54;8.01;0.08;0.04;
50;163;7.31;0.08;0.17;
50;321;8.2;0.08;0.23;
50;322;9.34;0.08;0.21;
50;496;8.41;0.08;0.08;
50;497;8.02;0.08;0.05;
51;54;5.75;0.06;0.04;
51;300;9.73;0.06;0.03;
51;318;7.89;0.06;0.16;
51;319;8.68;0.06;0.15;
51;320;8.07;0.06;0.18;
51;321;4.49;0.06;0.23;
51;322;5.75;0.06;0.21;
51;323;7.66;0.06;0.19;
51;496;7.93;0.06;0.08;
51;497;6.19;0.06;0.05;
54;56;6.92;0.04;0.02;
54;91;8.86;0.04;0.05;
54;299;8.0;0.04;0.04;
54;300;4.28;0.04;0.03;
54;318;8.82;0.04;0.16;
54;319;7.72;0.04;0.15;
54;320;5.95;0.04;0.18;
54;321;4.83;0.04;0.23;
54;322;8.23;0.04;0.21;
56;297;7.58;0.02;0.05;
56;299;5.08;0.02;0.04;
56;300;4.72;0.02;0.03;
56;319;8.91;0.02;0.15;
56;320;5.54;0.02;0.18;
56;321;7.72;0.02;0.23;
56;387;8.25;0.02;0.04;
56;388;9.73;0.02;0.03;
67;324;9.27;0.18;0.19;
67;439;7.75;0.18;0.11;
67;441;9.0;0.18;0.09;
72;74;6.29;0.14;0.11;
72;76;7.66;0.14;0.12;
72;174;8.65;0.14;0.08;
72;318;7.93;0.14;0.16;
72;319;6.66;0.14;0.15;
72;320;9.67;0.14;0.18;
72;323;9.89;0.14;0.19;
72;324;7.48;0.14;0.19;
74;76;7.01;0.11;0.12;
74;94;9.8;0.11;0.04;
74;147;8.35;0.11;0.07;
74;174;4.36;0.11;0.08;
74;176;8.09;0.11;0.07;
74;297;8.86;0.11;0.05;
74;299;6.85;0.11;0.04;
74;300;8.91;0.11;0.03;
74;318;9.61;0.11;0.16;
74;319;7.63;0.11;0.15;
74;320;9.4;0.11;0.18;
76;160;9.98;0.12;0.11;
76;169;5.75;0.12;0.11;
76;300;9.98;0.12;0.03;
76;318;5.02;0.12;0.16;
76;319;6.4;0.12;0.15;
76;320;9.64;0.12;0.18;
76;323;8.99;0.12;0.19;
76;324;9.42;0.12;0.19;
90;91;3.75;0.07;0.05;
90;94;6.49;0.07;0.04;
90;158;9.56;0.07;0.07;
90;160;7.11;0.07;0.11;
90;300;9.57;0.07;0.03;
91;94;5.05;0.05;0.04;
91;160;9.13;0.05;0.11;
91;299;7.01;0.05;0.04;
91;300;6.36;0.05;0.03;
94;147;9.52;0.04;0.07;
94;158;8.98;0.04;0.07;
94;299;8.71;0.04;0.04;
114;297;6.35;0.09;0.05;
147;148;3.8;0.07;0.06;
147;149;7.28;0.07;0.08;
147;158;5.44;0.07;0.07;
147;174;7.53;0.07;0.08;
148;149;3.86;0.06;0.08;
148;150;6.79;0.06;0.09;
148;153;9.52;0.06;0.14;
148;154;9.76;0.06;0.09;
148;158;4.84;0.06;0.07;
149;150;3.75;0.08;0.09;
149;151;8.53;0.08;0.11;
149;152;8.39;0.08;0.15;
149;153;7.05;0.08;0.14;
149;154;7.3;0.08;0.09;
149;158;6.52;0.08;0.07;
150;151;7.41;0.09;0.11;
150;152;5.92;0.09;0.15;
150;153;5.9;0.09;0.14;
150;154;7.8;0.09;0.09;
150;158;9.99;0.09;0.07;
151;152;3.82;0.11;0.15;
151;153;5.48;0.11;0.14;
151;154;5.06;0.11;0.09;
152;153;3.86;0.15;0.14;
152;154;6.16;0.15;0.09;
153;154;3.81;0.14;0.09;
158;160;7.39;0.07;0.11;
158;169;8.62;0.07;0.11;
160;167;8.4;0.11;0.13;
160;169;5.29;0.11;0.11;
163;167;5.81;0.17;0.13;
167;169;6.52;0.13;0.11;
169;318;8.84;0.11;0.16;
174;176;5.97;0.08;0.07;
174;297;9.29;0.08;0.05;
174;299;9.48;0.08;0.04;
176;297;7.77;0.07;0.05;
202;457;7.47;0.09;0.16;
297;299;5.19;0.05;0.04;
297;300;8.79;0.05;0.03;
299;300;3.82;0.04;0.03;
299;319;8.44;0.04;0.15;
299;320;7.09;0.04;0.18;
300;318;9.93;0.03;0.16;
300;319;7.64;0.03;0.15;
300;320;5.85;0.03;0.18;
300;321;7.38;0.03;0.23;
318;319;3.79;0.16;0.15;
318;320;7.04;0.16;0.18;
318;321;7.11;0.16;0.23;
318;322;5.73;0.16;0.21;
318;323;4.04;0.16;0.19;
318;324;5.5;0.16;0.19;
318;326;7.97;0.16;0.19;
318;389;9.58;0.16;0.04;
318;497;9.3;0.16;0.05;
319;320;3.88;0.15;0.18;
319;321;5.87;0.15;0.23;
319;322;5.55;0.15;0.21;
319;323;5.88;0.15;0.19;
319;324;6.25;0.15;0.19;
319;387;9.2;0.15;0.04;
319;388;8.15;0.15;0.03;
319;389;8.33;0.15;0.04;
320;321;3.91;0.18;0.23;
320;322;5.61;0.18;0.21;
320;323;8.01;0.18;0.19;
320;324;8.96;0.18;0.19;
320;387;6.76;0.18;0.04;
320;388;6.33;0.18;0.03;
320;389;8.28;0.18;0.04;
321;322;3.8;0.23;0.21;
321;323;7.03;0.23;0.19;
321;324;9.45;0.23;0.19;
321;387;8.61;0.23;0.04;
321;388;6.61;0.23;0.03;
321;389;8.51;0.23;0.04;
321;497;7.55;0.23;0.05;
322;323;3.74;0.21;0.19;
322;324;6.26;0.21;0.19;
322;326;8.7;0.21;0.19;
322;387;8.82;0.21;0.04;
322;388;5.73;0.21;0.03;
322;389;5.83;0.21;0.04;
322;391;9.69;0.21;0.06;
322;443;9.88;0.21;0.06;
322;496;8.18;0.21;0.08;
322;497;5.35;0.21;0.05;
323;324;3.75;0.19;0.19;
323;326;5.38;0.19;0.19;
323;388;8.5;0.19;0.03;
323;389;6.9;0.19;0.04;
323;391;8.68;0.19;0.06;
323;496;7.36;0.19;0.08;
323;497;6.2;0.19;0.05;
324;326;6.43;0.19;0.19;
324;388;8.81;0.19;0.03;
324;389;6.18;0.19;0.04;
324;391;7.6;0.19;0.06;
324;441;7.49;0.19;0.09;
324;443;9.08;0.19;0.06;
324;497;9.38;0.19;0.05;
326;391;8.58;0.19;0.06;
326;394;9.84;0.19;0.08;
326;496;6.54;0.19;0.08;
326;497;7.94;0.19;0.05;
387;388;3.82;0.04;0.03;
387;389;6.64;0.04;0.04;
387;443;5.98;0.04;0.06;
388;389;3.81;0.03;0.04;
388;391;9.77;0.03;0.06;
388;441;9.72;0.03;0.09;
388;443;5.76;0.03;0.06;
388;497;9.3;0.03;0.05;
389;391;6.24;0.04;0.06;
389;441;6.15;0.04;0.09;
389;443;4.45;0.04;0.06;
389;497;8.79;0.04;0.05;
391;393;5.5;0.06;0.1;
391;394;5.49;0.06;0.08;
391;439;6.65;0.06;0.11;
391;441;4.6;0.06;0.09;
391;443;8.48;0.06;0.06;
391;497;9.7;0.06;0.05;
393;394;3.83;0.1;0.08;
393;439;4.85;0.1;0.11;
393;441;8.33;0.1;0.09;
394;439;8.28;0.08;0.11;
394;441;9.76;0.08;0.09;
439;441;6.65;0.11;0.09;
441;443;5.97;0.09;0.06;
496;497;3.84;0.08;0.05;
