19;20;3.98;0.18;0.13;
19;22;8.94;0.18;0.05;
19;393;8.24;0.18;0.06;
19;394;8.06;0.18;0.04;
19;494;8.67;0.18;0.06;
20;22;6.14;0.13;0.05;
20;67;9.84;0.13;0.04;
20;393;7.45;0.13;0.06;
20;394;8.79;0.13;0.04;
20;439;8.65;0.13;0.06;
22;67;6.15;0.05;0.04;
22;68;9.71;0.05;0.04;
22;324;8.75;0.05;0.04;
22;326;6.59;0.05;0.07;
22;391;8.68;0.05;0.05;
22;393;8.42;0.05;0.06;
22;394;9.57;0.05;0.04;
22;439;8.5;0.05;0.06;
22;440;9.63;0.05;0.09;
22;441;9.95;0.05;0.06;
50;51;3.78;0.06;0.07;
50;54;9.59;0.06;0.06;
50;163;8.97;0.06;0.05;
50;321;8.26;0.06;0.06;
50;322;9.27;0.06;0.05;
50;496;8.36;0.06;0.07;
50;497;7.95;0.06;0.07;
51;54;6.9;0.07;0.06;
51;318;8.14;0.07;0.06;
51;319;8.79;0.07;0.1;
51;320;8.07;0.07;0.07;
51;321;4.59;0.07;0.06;
51;322;5.78;0.07;0.05;
51;323;7.65;0.07;0.05;
51;496;7.98;0.07;0.07;
51;497;6.33;0.07;0.07;
54;91;9.21;0.06;0.04;
54;299;8.5;0.06;0.05;
54;300;4.74;0.06;0.05;
54;318;8.73;0.06;0.06;
54;319;7.16;0.06;0.1;
54;320;5.43;0.06;0.07;
54;321;5.29;0.06;0.06;
54;322;8.5;0.06;0.05;
67;68;3.85;0.04;0.04;
67;324;9.1;0.04;0.04;
67;391;9.08;0.04;0.05;
67;393;9.21;0.04;0.06;
67;439;6.09;0.04;0.06;
67;440;5.91;0.04;0.09;
67;441;7.3;0.04;0.06;
68;72;9.43;0.04;0.02;
68;129;8.57;0.04;0.05;
68;180;9.52;0.04;0.04;
68;324;9.56;0.04;0.04;
68;439;7.64;0.04;0.06;
68;440;5.61;0.04;0.09;
68;441;6.59;0.04;0.06;
68;456;9.87;0.04;0.08;
72;74;6.28;0.02;0.05;
72;76;7.73;0.02;0.03;
72;174;8.68;0.02;0.06;
72;180;8.24;0.02;0.04;
72;181;5.7;0.02;0.02;
72;318;7.99;0.02;0.06;
72;319;6.9;0.02;0.1;
72;320;9.91;0.02;0.07;
72;323;9.78;0.02;0.05;
72;324;7.38;0.02;0.04;
72;389;9.67;0.02;0.06;
72;441;9.62;0.02;0.06;
72;443;9.47;0.02;0.08;
74;76;7.01;0.05;0.03;
74;147;7.91;0.05;0.04;
74;174;4.34;0.05;0.06;
74;176;8.68;0.05;0.4;
74;181;8.63;0.05;0.02;
74;297;9.88;0.05;0.04;
74;299;7.12;0.05;0.05;
74;300;8.63;0.05;0.05;
74;318;9.68;0.05;0.06;
74;319;7.72;0.05;0.1;
74;320;9.72;0.05;0.07;
76;147;9.79;0.03;0.04;
76;158;9.94;0.03;0.02;
76;169;5.84;0.03;0.05;
76;318;5.0;0.03;0.06;
76;319;6.35;0.03;0.1;
76;320;9.69;0.03;0.07;
76;323;9.13;0.03;0.05;
76;324;9.49;0.03;0.04;
90;91;3.77;0.05;0.04;
90;94;6.47;0.05;0.06;
90;158;9.58;0.05;0.02;
90;160;7.84;0.05;0.02;
90;300;9.67;0.05;0.05;
91;94;5.09;0.04;0.06;
91;160;9.84;0.04;0.02;
91;299;6.86;0.04;0.05;
91;300;6.44;0.04;0.05;
94;158;9.65;0.06;0.02;
94;299;8.68;0.06;0.05;
128;129;3.8;0.06;0.05;
128;180;8.71;0.06;0.04;
128;198;9.79;0.06;0.06;
128;270;6.06;0.06;0.06;
128;454;6.71;0.06;0.08;
128;455;5.4;0.06;0.08;
128;456;4.95;0.06;0.08;
128;457;6.95;0.06;0.08;
128;460;9.77;0.06;0.07;
129;180;8.85;0.05;0.04;
129;198;9.82;0.05;0.06;
129;270;9.68;0.05;0.06;
129;440;9.63;0.05;0.09;
129;454;9.05;0.05;0.08;
129;455;6.53;0.05;0.08;
129;456;4.56;0.05;0.08;
129;457;6.57;0.05;0.08;
147;158;5.69;0.04;0.02;
147;174;7.1;0.04;0.06;
150;151;3.79;0.04;0.03;
150;152;6.72;0.04;0.04;
150;153;7.36;0.04;0.04;
150;158;9.52;0.04;0.02;
151;152;3.8;0.03;0.04;
151;153;7.27;0.03;0.04;
152;153;7.79;0.04;0.04;
158;160;7.32;0.02;0.02;
158;169;8.51;0.02;0.05;
160;167;8.37;0.02;0.06;
160;169;5.3;0.02;0.05;
163;167;5.79;0.05;0.06;
167;169;6.49;0.06;0.05;
169;318;8.89;0.05;0.06;
174;176;6.32;0.06;0.4;
174;181;9.4;0.06;0.02;
174;297;9.9;0.06;0.04;
174;299;9.28;0.06;0.05;
176;181;7.48;0.4;0.02;
176;297;8.63;0.4;0.04;
180;181;3.9;0.04;0.02;
180;387;9.9;0.04;0.05;
180;389;9.66;0.04;0.06;
180;441;8.19;0.04;0.06;
180;443;6.12;0.04;0.08;
180;455;8.01;0.04;0.08;
181;319;9.99;0.02;0.1;
181;387;9.46;0.02;0.05;
181;443;7.53;0.02;0.08;
198;202;8.22;0.06;0.05;
198;457;7.53;0.06;0.08;
202;454;9.94;0.05;0.08;
202;457;7.36;0.05;0.08;
202;460;6.66;0.05;0.07;
207;236;7.9;0.06;0.05;
236;418;7.55;0.05;0.02;
270;454;5.26;0.06;0.08;
270;455;6.61;0.06;0.08;
270;456;8.74;0.06;0.08;
297;299;5.33;0.04;0.05;
297;300;8.87;0.04;0.05;
299;300;3.81;0.05;0.05;
299;319;9.25;0.05;0.1;
299;320;8.27;0.05;0.07;
300;319;7.69;0.05;0.1;
300;320;6.17;0.05;0.07;
300;321;8.49;0.05;0.06;
318;319;3.85;0.06;0.1;
318;320;7.08;0.06;0.07;
318;321;7.28;0.06;0.06;
318;322;5.84;0.06;0.05;
318;323;4.23;0.06;0.05;
318;324;5.72;0.06;0.04;
318;326;8.05;0.06;0.07;
318;388;9.94;0.06;0.05;
318;389;9.04;0.06;0.06;
318;497;9.38;0.06;0.07;
319;320;3.84;0.1;0.07;
319;321;5.87;0.1;0.06;
319;322;5.5;0.1;0.05;
319;323;6.05;0.1;0.05;
319;324;6.73;0.1;0.04;
319;387;8.72;0.1;0.05;
319;388;7.48;0.1;0.05;
319;389;7.66;0.1;0.06;
319;443;9.66;0.1;0.08;
320;321;3.81;0.07;0.06;
320;322;5.48;0.07;0.05;
320;323;8.06;0.07;0.05;
320;324;9.35;0.07;0.04;
320;387;6.53;0.07;0.05;
320;388;5.8;0.07;0.05;
320;389;7.87;0.07;0.06;
320;443;9.64;0.07;0.08;
321;322;3.76;0.06;0.05;
321;323;7.07;0.06;0.05;
321;324;9.69;0.06;0.04;
321;387;8.7;0.06;0.05;
321;388;6.51;0.06;0.05;
321;389;8.38;0.06;0.06;
321;497;7.5;0.06;0.07;
322;323;3.78;0.05;0.05;
322;324;6.38;0.05;0.04;
322;326;8.95;0.05;0.07;
322;387;8.89;0.05;0.05;
322;388;5.65;0.05;0.05;
322;389;5.7;0.05;0.06;
322;391;9.6;0.05;0.05;
322;443;9.53;0.05;0.08;
322;496;8.03;0.05;0.07;
322;497;5.21;0.05;0.07;
323;324;3.77;0.05;0.04;
323;326;5.54;0.05;0.07;
323;388;8.33;0.05;0.05;
323;389;6.59;0.05;0.06;
323;391;8.19;0.05;0.05;
323;441;9.62;0.05;0.06;
323;496;6.96;0.05;0.07;
323;497;5.92;0.05;0.07;
324;326;6.53;0.04;0.07;
324;388;8.61;0.04;0.05;
324;389;5.66;0.04;0.06;
324;391;6.42;0.04;0.05;
324;440;9.37;0.04;0.09;
324;441;6.38;0.04;0.06;
324;443;8.46;0.04;0.08;
324;496;9.88;0.04;0.07;
324;497;8.91;0.04;0.07;
326;391;8.68;0.07;0.05;
326;494;9.2;0.07;0.06;
326;496;6.0;0.07;0.07;
326;497;7.9;0.07;0.07;
387;388;3.8;0.05;0.05;
387;389;6.68;0.05;0.06;
387;443;5.72;0.05;0.08;
388;389;3.8;0.05;0.06;
388;391;9.96;0.05;0.05;
388;441;9.96;0.05;0.06;
388;443;5.48;0.05;0.08;
388;497;9.33;0.05;0.07;
389;391;6.38;0.06;0.05;
389;440;10.0;0.06;0.09;
389;441;6.36;0.06;0.06;
389;443;4.28;0.06;0.08;
389;497;8.68;0.06;0.07;
391;393;5.59;0.05;0.06;
391;394;5.55;0.05;0.04;
391;439;7.46;0.05;0.06;
391;440;6.31;0.05;0.09;
391;441;4.64;0.05;0.06;
391;443;8.69;0.05;0.08;
391;497;9.54;0.05;0.07;
393;394;3.8;0.06;0.04;
393;439;4.78;0.06;0.06;
393;440;6.81;0.06;0.09;
393;441;8.18;0.06;0.06;
394;439;8.46;0.04;0.06;
394;440;9.67;0.04;0.09;
394;441;9.73;0.04;0.06;
394;494;7.77;0.04;0.06;
439;440;3.86;0.06;0.09;
439;441;7.07;0.06;0.06;
440;441;3.75;0.09;0.06;
440;443;9.69;0.09;0.08;
440;455;8.15;0.09;0.08;
440;456;8.17;0.09;0.08;
441;443;6.41;0.06;0.08;
441;455;8.83;0.06;0.08;
443;455;9.61;0.08;0.08;
454;455;3.77;0.08;0.08;
454;456;5.74;0.08;0.08;
454;457;7.46;0.08;0.08;
454;460;5.94;0.08;0.07;
455;456;3.85;0.08;0.08;
455;457;7.16;0.08;0.08;
455;460;7.44;0.08;0.07;
456;457;3.72;0.08;0.08;
456;460;6.2;0.08;0.07;
457;460;5.07;0.08;0.07;
494;496;7.08;0.06;0.07;
494;497;9.36;0.06;0.07;
496;497;3.88;0.07;0.07;
