1;2;14;458;8.39;8.39;2.17;
1;2;19;393;7.06;6.82;1.18;
1;2;19;439;7.12;6.82;1.95;
1;2;20;393;8.99;5.94;1.18;
1;2;20;439;7.55;5.94;1.95;
1;2;22;391;9.02;1.64;1.2;
1;2;22;393;8.97;1.64;1.18;
1;2;22;439;7.07;1.64;1.95;
1;2;22;441;9.93;1.64;1.67;
1;2;67;439;7.17;1.26;1.95;
1;2;67;441;8.4;1.26;1.67;
1;2;74;91;9.83;1.16;0.95;
1;2;74;94;9.81;1.16;1.16;
1;2;74;297;9.25;1.16;1.13;
1;2;74;299;6.9;1.16;1.26;
1;2;74;300;8.79;1.16;1.14;
1;2;147;94;9.8;0.82;1.16;
1;2;149;94;9.54;1.43;1.16;
1;2;149;151;9.83;1.43;2.34;
1;2;149;152;9.69;1.43;2.93;
1;2;149;153;7.75;1.43;2.32;
1;2;149;154;7.63;1.43;1.74;
1;2;150;151;8.31;1.8;2.34;
1;2;150;152;6.89;1.8;2.93;
1;2;150;153;5.6;1.8;2.32;
1;2;150;154;7.17;1.8;1.74;
1;2;151;151;6.73;2.34;2.34;
1;2;151;152;5.45;2.34;2.93;
1;2;151;153;6.45;2.34;2.32;
1;2;151;154;8.03;2.34;1.74;
1;2;152;151;7.83;2.93;2.34;
1;2;152;152;5.14;2.93;2.93;
1;2;152;153;7.54;2.93;2.32;
1;2;158;90;9.25;1.02;1.24;
1;2;158;91;9.97;1.02;0.95;
1;2;158;94;8.81;1.02;1.16;
1;2;160;90;7.19;0.94;1.24;
1;2;160;91;9.31;0.94;0.95;
1;2;163;50;7.48;1.07;1.23;
1;2;174;297;9.62;1.13;1.13;
1;2;174;299;9.54;1.13;1.26;
1;2;176;297;7.69;1.72;1.13;
1;2;181;443;9.98;1.25;1.34;
1;2;202;457;6.73;1.65;2.42;
1;2;318;51;7.84;1.41;1.08;
1;2;318;54;8.71;1.41;0.98;
1;2;318;389;9.46;1.41;1.4;
1;2;318;497;9.3;1.41;1.1;
1;2;319;51;8.59;1.41;1.08;
1;2;319;54;7.55;1.41;0.98;
1;2;319;56;8.91;1.41;0.84;
1;2;319;299;8.48;1.41;1.26;
1;2;319;300;7.63;1.41;1.14;
1;2;319;387;9.12;1.41;1.08;
1;2;319;388;8.01;1.41;1.09;
1;2;319;389;8.15;1.41;1.4;
1;2;320;51;7.93;2.12;1.08;
1;2;320;54;5.85;2.12;0.98;
1;2;320;56;5.64;2.12;0.84;
1;2;320;299;7.3;2.12;1.26;
1;2;320;300;5.97;2.12;1.14;
1;2;320;387;6.63;2.12;1.08;
1;2;320;388;6.06;2.12;1.09;
1;2;320;389;8.01;2.12;1.4;
1;2;321;50;8.2;2.36;1.23;
1;2;321;51;4.45;2.36;1.08;
1;2;321;54;4.91;2.36;0.98;
1;2;321;56;7.85;2.36;0.84;
1;2;321;300;7.63;2.36;1.14;
1;2;321;387;8.58;2.36;1.08;
1;2;321;388;6.5;2.36;1.09;
1;2;321;389;8.33;2.36;1.4;
1;2;321;497;7.54;2.36;1.1;
1;2;322;50;9.26;1.88;1.23;
1;2;322;51;5.69;1.88;1.08;
1;2;322;54;8.24;1.88;0.98;
1;2;322;387;8.89;1.88;1.08;
1;2;322;388;5.74;1.88;1.09;
1;2;322;389;5.72;1.88;1.4;
1;2;322;391;9.52;1.88;1.2;
1;2;322;443;9.81;1.88;1.34;
1;2;322;496;8.15;1.88;1.26;
1;2;322;497;5.26;1.88;1.1;
1;2;323;51;7.63;1.58;1.08;
1;2;323;388;8.5;1.58;1.09;
1;2;323;389;6.77;1.58;1.4;
1;2;323;391;8.45;1.58;1.2;
1;2;323;441;9.88;1.58;1.67;
1;2;323;496;7.31;1.58;1.26;
1;2;323;497;6.1;1.58;1.1;
1;2;324;388;8.8;1.21;1.09;
1;2;324;389;6.07;1.21;1.4;
1;2;324;391;7.31;1.21;1.2;
1;2;324;441;7.11;1.21;1.67;
1;2;324;443;8.99;1.21;1.34;
1;2;324;497;9.28;1.21;1.1;
1;2;326;391;8.39;1.33;1.2;
1;2;326;496;6.44;1.33;1.26;
1;2;326;497;7.81;1.33;1.1;
2;3;14;458;8.12;8.39;2.17;
2;3;19;393;6.97;6.82;1.18;
2;3;19;439;7.04;6.82;1.95;
2;3;20;393;8.93;5.94;1.18;
2;3;20;439;7.47;5.94;1.95;
2;3;22;391;8.99;1.64;1.2;
2;3;22;393;8.93;1.64;1.18;
2;3;22;439;7.01;1.64;1.95;
2;3;22;441;9.89;1.64;1.67;
2;3;67;439;7.15;1.26;1.95;
2;3;67;441;8.36;1.26;1.67;
2;3;74;91;9.84;1.16;0.95;
2;3;74;94;9.81;1.16;1.16;
2;3;74;297;9.25;1.16;1.13;
2;3;74;299;6.9;1.16;1.26;
2;3;74;300;8.8;1.16;1.14;
2;3;147;94;9.89;0.82;1.16;
2;3;149;94;9.58;1.43;1.16;
2;3;149;151;9.79;1.43;2.34;
2;3;149;152;9.65;1.43;2.93;
2;3;149;153;7.71;1.43;2.32;
2;3;149;154;7.62;1.43;1.74;
2;3;150;151;8.31;1.8;2.34;
2;3;150;152;6.89;1.8;2.93;
2;3;150;153;5.6;1.8;2.32;
2;3;150;154;7.2;1.8;1.74;
2;3;151;151;6.73;2.34;2.34;
2;3;151;152;5.44;2.34;2.93;
2;3;151;153;6.45;2.34;2.32;
2;3;151;154;8.06;2.34;1.74;
2;3;152;151;7.86;2.93;2.34;
2;3;152;152;5.16;2.93;2.93;
2;3;152;153;7.55;2.93;2.32;
2;3;158;90;9.24;1.02;1.24;
2;3;158;91;9.98;1.02;0.95;
2;3;158;94;8.83;1.02;1.16;
2;3;160;90;7.21;0.94;1.24;
2;3;160;91;9.35;0.94;0.95;
2;3;163;50;7.52;1.07;1.23;
2;3;174;297;9.63;1.13;1.13;
2;3;174;299;9.55;1.13;1.26;
2;3;176;297;7.71;1.72;1.13;
2;3;181;443;9.97;1.25;1.34;
2;3;202;457;6.71;1.65;2.42;
2;3;318;51;7.86;1.41;1.08;
2;3;318;54;8.72;1.41;0.98;
2;3;318;389;9.45;1.41;1.4;
2;3;318;497;9.32;1.41;1.1;
2;3;319;51;8.62;1.41;1.08;
2;3;319;54;7.55;1.41;0.98;
2;3;319;56;8.9;1.41;0.84;
2;3;319;299;8.48;1.41;1.26;
2;3;319;300;7.64;1.41;1.14;
2;3;319;387;9.11;1.41;1.08;
2;3;319;388;8.0;1.41;1.09;
2;3;319;389;8.15;1.41;1.4;
2;3;320;51;7.95;2.12;1.08;
2;3;320;54;5.86;2.12;0.98;
2;3;320;56;5.64;2.12;0.84;
2;3;320;299;7.31;2.12;1.26;
2;3;320;300;5.97;2.12;1.14;
2;3;320;387;6.62;2.12;1.08;
2;3;320;388;6.06;2.12;1.09;
2;3;320;389;8.02;2.12;1.4;
2;3;321;50;8.21;2.36;1.23;
2;3;321;51;4.46;2.36;1.08;
2;3;321;54;4.91;2.36;0.98;
2;3;321;56;7.85;2.36;0.84;
2;3;321;300;7.63;2.36;1.14;
2;3;321;387;8.59;2.36;1.08;
2;3;321;388;6.51;2.36;1.09;
2;3;321;389;8.34;2.36;1.4;
2;3;321;497;7.57;2.36;1.1;
2;3;322;50;9.27;1.88;1.23;
2;3;322;51;5.69;1.88;1.08;
2;3;322;54;8.25;1.88;0.98;
2;3;322;387;8.89;1.88;1.08;
2;3;322;388;5.73;1.88;1.09;
2;3;322;389;5.71;1.88;1.4;
2;3;322;391;9.53;1.88;1.2;
2;3;322;443;9.8;1.88;1.34;
2;3;322;496;8.16;1.88;1.26;
2;3;322;497;5.27;1.88;1.1;
2;3;323;51;7.64;1.58;1.08;
2;3;323;388;8.5;1.58;1.09;
2;3;323;389;6.77;1.58;1.4;
2;3;323;391;8.45;1.58;1.2;
2;3;323;441;9.89;1.58;1.67;
2;3;323;496;7.31;1.58;1.26;
2;3;323;497;6.11;1.58;1.1;
2;3;324;388;8.77;1.21;1.09;
2;3;324;389;6.04;1.21;1.4;
2;3;324;391;7.28;1.21;1.2;
2;3;324;441;7.1;1.21;1.67;
2;3;324;443;8.95;1.21;1.34;
2;3;324;497;9.29;1.21;1.1;
2;3;326;391;8.39;1.33;1.2;
2;3;326;496;6.44;1.33;1.26;
2;3;326;497;7.81;1.33;1.1;
3;4;14;458;8.38;8.39;2.17;
3;4;19;393;7.05;6.82;1.18;
3;4;19;439;7.06;6.82;1.95;
3;4;20;393;9.04;5.94;1.18;
3;4;20;439;7.57;5.94;1.95;
3;4;22;391;9.08;1.64;1.2;
3;4;22;393;9.03;1.64;1.18;
3;4;22;439;7.1;1.64;1.95;
3;4;22;441;9.98;1.64;1.67;
3;4;67;439;7.2;1.26;1.95;
3;4;67;441;8.43;1.26;1.67;
3;4;74;91;9.8;1.16;0.95;
3;4;74;94;9.78;1.16;1.16;
3;4;74;297;9.28;1.16;1.13;
3;4;74;299;6.94;1.16;1.26;
3;4;74;300;8.81;1.16;1.14;
3;4;147;94;9.82;0.82;1.16;
3;4;149;94;9.6;1.43;1.16;
3;4;149;151;9.86;1.43;2.34;
3;4;149;152;9.69;1.43;2.93;
3;4;149;153;7.75;1.43;2.32;
3;4;149;154;7.66;1.43;1.74;
3;4;150;151;8.37;1.8;2.34;
3;4;150;152;6.93;1.8;2.93;
3;4;150;153;5.63;1.8;2.32;
3;4;150;154;7.22;1.8;1.74;
3;4;151;151;6.78;2.34;2.34;
3;4;151;152;5.46;2.34;2.93;
3;4;151;153;6.46;2.34;2.32;
3;4;151;154;8.08;2.34;1.74;
3;4;152;151;7.92;2.93;2.34;
3;4;152;152;5.21;2.93;2.93;
3;4;152;153;7.58;2.93;2.32;
3;4;158;90;9.24;1.02;1.24;
3;4;158;91;9.98;1.02;0.95;
3;4;158;94;8.84;1.02;1.16;
3;4;160;90;7.2;0.94;1.24;
3;4;160;91;9.34;0.94;0.95;
3;4;163;50;7.52;1.07;1.23;
3;4;174;297;9.66;1.13;1.13;
3;4;174;299;9.59;1.13;1.26;
3;4;176;297;7.72;1.72;1.13;
3;4;202;457;6.7;1.65;2.42;
3;4;318;51;7.87;1.41;1.08;
3;4;318;54;8.72;1.41;0.98;
3;4;318;389;9.49;1.41;1.4;
3;4;318;497;9.33;1.41;1.1;
3;4;319;51;8.63;1.41;1.08;
3;4;319;54;7.55;1.41;0.98;
3;4;319;56;8.92;1.41;0.84;
3;4;319;299;8.47;1.41;1.26;
3;4;319;300;7.63;1.41;1.14;
3;4;319;387;9.16;1.41;1.08;
3;4;319;388;8.05;1.41;1.09;
3;4;319;389;8.19;1.41;1.4;
3;4;320;51;7.95;2.12;1.08;
3;4;320;54;5.83;2.12;0.98;
3;4;320;56;5.65;2.12;0.84;
3;4;320;299;7.27;2.12;1.26;
3;4;320;300;5.94;2.12;1.14;
3;4;320;387;6.67;2.12;1.08;
3;4;320;388;6.1;2.12;1.09;
3;4;320;389;8.05;2.12;1.4;
3;4;321;50;8.2;2.36;1.23;
3;4;321;51;4.45;2.36;1.08;
3;4;321;54;4.89;2.36;0.98;
3;4;321;56;7.87;2.36;0.84;
3;4;321;300;7.61;2.36;1.14;
3;4;321;387;8.61;2.36;1.08;
3;4;321;388;6.53;2.36;1.09;
3;4;321;389;8.35;2.36;1.4;
3;4;321;497;7.55;2.36;1.1;
3;4;322;50;9.27;1.88;1.23;
3;4;322;51;5.69;1.88;1.08;
3;4;322;54;8.23;1.88;0.98;
3;4;322;387;8.91;1.88;1.08;
3;4;322;388;5.77;1.88;1.09;
3;4;322;389;5.74;1.88;1.4;
3;4;322;391;9.54;1.88;1.2;
3;4;322;443;9.83;1.88;1.34;
3;4;322;496;8.15;1.88;1.26;
3;4;322;497;5.27;1.88;1.1;
3;4;323;51;7.64;1.58;1.08;
3;4;323;388;8.54;1.58;1.09;
3;4;323;389;6.82;1.58;1.4;
3;4;323;391;8.49;1.58;1.2;
3;4;323;441;9.91;1.58;1.67;
3;4;323;496;7.31;1.58;1.26;
3;4;323;497;6.12;1.58;1.1;
3;4;324;388;8.84;1.21;1.09;
3;4;324;389;6.11;1.21;1.4;
3;4;324;391;7.34;1.21;1.2;
3;4;324;441;7.14;1.21;1.67;
3;4;324;443;9.02;1.21;1.34;
3;4;324;497;9.31;1.21;1.1;
3;4;326;391;8.44;1.33;1.2;
3;4;326;496;6.46;1.33;1.26;
3;4;326;497;7.84;1.33;1.1;
1;4;50;163;7.62;1.23;1.07;
1;4;50;321;8.19;1.23;2.36;
1;4;50;322;9.27;1.23;1.88;
1;4;51;318;7.94;1.08;1.41;
1;4;51;319;8.68;1.08;1.41;
1;4;51;320;7.96;1.08;2.12;
1;4;51;321;4.44;1.08;2.36;
1;4;51;322;5.69;1.08;1.88;
1;4;51;323;7.68;1.08;1.58;
1;4;54;318;8.77;0.98;1.41;
1;4;54;319;7.6;0.98;1.41;
1;4;54;320;5.83;0.98;2.12;
1;4;54;321;4.84;0.98;2.36;
1;4;54;322;8.22;0.98;1.88;
1;4;56;319;8.99;0.84;1.41;
1;4;56;320;5.68;0.84;2.12;
1;4;56;321;7.84;0.84;2.36;
1;4;90;158;9.31;1.24;1.02;
1;4;90;160;7.22;1.24;0.94;
1;4;91;74;9.87;0.95;1.16;
1;4;91;160;9.35;0.95;0.94;
1;4;94;74;9.81;1.16;1.16;
1;4;94;147;9.94;1.16;0.82;
1;4;94;149;9.61;1.16;1.43;
1;4;94;158;8.86;1.16;1.02;
1;4;151;149;9.82;2.34;1.43;
1;4;151;150;8.38;2.34;1.8;
1;4;151;151;6.75;2.34;2.34;
1;4;151;152;7.92;2.34;2.93;
1;4;152;149;9.64;2.93;1.43;
1;4;152;150;6.89;2.93;1.8;
1;4;152;151;5.36;2.93;2.34;
1;4;152;152;5.13;2.93;2.93;
1;4;153;149;7.72;2.32;1.43;
1;4;153;150;5.6;2.32;1.8;
1;4;153;151;6.37;2.32;2.34;
1;4;153;152;7.5;2.32;2.93;
1;4;154;149;7.62;1.74;1.43;
1;4;154;150;7.2;1.74;1.8;
1;4;154;151;8.01;1.74;2.34;
1;4;297;74;9.33;1.13;1.16;
1;4;297;174;9.7;1.13;1.13;
1;4;297;176;7.78;1.13;1.72;
1;4;299;74;7.04;1.26;1.16;
1;4;299;174;9.67;1.26;1.13;
1;4;299;319;8.52;1.26;1.41;
1;4;299;320;7.24;1.26;2.12;
1;4;300;74;8.91;1.14;1.16;
1;4;300;319;7.69;1.14;1.41;
1;4;300;320;5.93;1.14;2.12;
1;4;300;321;7.56;1.14;2.36;
1;4;387;319;9.27;1.08;1.41;
1;4;387;320;6.76;1.08;2.12;
1;4;387;321;8.65;1.08;2.36;
1;4;387;322;8.97;1.08;1.88;
1;4;388;319;8.18;1.09;1.41;
1;4;388;320;6.2;1.09;2.12;
1;4;388;321;6.59;1.09;2.36;
1;4;388;322;5.86;1.09;1.88;
1;4;388;323;8.67;1.09;1.58;
1;4;388;324;8.96;1.09;1.21;
1;4;389;318;9.61;1.4;1.41;
1;4;389;319;8.27;1.4;1.41;
1;4;389;320;8.08;1.4;2.12;
1;4;389;321;8.38;1.4;2.36;
1;4;389;322;5.78;1.4;1.88;
1;4;389;323;6.94;1.4;1.58;
1;4;389;324;6.25;1.4;1.21;
1;4;391;22;9.19;1.2;1.64;
1;4;391;322;9.57;1.2;1.88;
1;4;391;323;8.58;1.2;1.58;
1;4;391;324;7.43;1.2;1.21;
1;4;391;326;8.57;1.2;1.33;
1;4;393;19;7.09;1.18;6.82;
1;4;393;20;9.12;1.18;5.94;
1;4;393;22;9.12;1.18;1.64;
1;4;439;19;7.12;1.95;6.82;
1;4;439;20;7.66;1.95;5.94;
1;4;439;22;7.21;1.95;1.64;
1;4;439;67;7.35;1.95;1.26;
1;4;441;67;8.58;1.67;1.26;
1;4;441;324;7.25;1.67;1.21;
1;4;443;322;9.87;1.34;1.88;
1;4;443;324;9.12;1.34;1.21;
1;4;457;202;6.82;2.42;1.65;
1;4;458;14;8.44;2.17;8.39;
1;4;496;322;8.13;1.26;1.88;
1;4;496;323;7.35;1.26;1.58;
1;4;496;326;6.56;1.26;1.33;
1;4;497;318;9.44;1.1;1.41;
1;4;497;321;7.6;1.1;2.36;
1;4;497;322;5.33;1.1;1.88;
1;4;497;323;6.24;1.1;1.58;
1;4;497;324;9.4;1.1;1.21;
1;4;497;326;7.97;1.1;1.33;
