517;518;3.79;0.24;0.3;
517;519;7.05;0.24;0.3;
517;633;9.83;0.24;0.5;
517;634;9.42;0.24;0.1;
517;635;7.87;0.24;0.13;
517;640;6.19;0.24;0.62;
517;641;4.68;0.24;0.42;
517;642;6.44;0.24;0.43;
518;519;3.77;0.3;0.3;
518;633;8.02;0.3;0.5;
518;634;9.11;0.3;0.1;
518;635;9.08;0.3;0.13;
518;640;7.91;0.3;0.62;
518;641;4.72;0.3;0.42;
518;642;4.45;0.3;0.43;
518;644;7.27;0.3;0.25;
519;521;6.96;0.3;0.45;
519;606;7.03;0.3;0.18;
519;641;7.17;0.3;0.42;
519;642;6.62;0.3;0.43;
519;644;5.69;0.3;0.25;
521;604;7.0;0.45;0.11;
521;606;4.51;0.45;0.18;
521;622;9.41;0.45;0.12;
521;644;6.69;0.45;0.25;
521;646;4.7;0.45;0.29;
534;536;6.34;0.23;0.08;
534;562;9.71;0.23;0.66;
534;563;9.78;0.23;0.41;
534;579;8.36;0.23;0.03;
534;581;6.9;0.23;0.11;
534;582;5.86;0.23;0.09;
534;583;4.48;0.23;0.08;
534;585;8.94;0.23;0.14;
534;617;5.11;0.23;0.07;
536;581;5.37;0.08;0.11;
536;582;7.97;0.08;0.09;
536;583;9.45;0.08;0.08;
536;617;7.19;0.08;0.07;
554;557;8.18;0.09;0.29;
554;562;9.08;0.09;0.66;
554;563;5.79;0.09;0.41;
554;564;5.65;0.09;0.33;
554;565;4.29;0.09;0.16;
554;581;9.49;0.09;0.11;
554;582;7.3;0.09;0.09;
554;583;7.24;0.09;0.08;
554;604;5.44;0.09;0.11;
554;606;8.08;0.09;0.18;
557;559;6.92;0.29;0.7;
557;560;8.15;0.29;0.7;
557;561;5.39;0.29;0.79;
557;562;5.87;0.29;0.66;
557;563;5.86;0.29;0.41;
557;564;9.29;0.29;0.33;
557;583;8.84;0.29;0.08;
557;585;7.62;0.29;0.14;
557;604;9.04;0.29;0.11;
559;560;3.84;0.7;0.7;
559;561;5.52;0.7;0.79;
559;562;8.36;0.7;0.66;
559;576;9.89;0.7;0.13;
559;585;5.02;0.7;0.14;
559;587;6.1;0.7;0.04;
559;590;6.98;0.7;0.14;
560;561;3.86;0.7;0.79;
560;562;7.07;0.7;0.66;
560;576;6.31;0.7;0.13;
560;585;6.01;0.7;0.14;
560;587;7.37;0.7;0.04;
560;590;6.26;0.7;0.14;
560;594;8.77;0.7;0.16;
561;562;3.8;0.79;0.66;
561;563;6.98;0.79;0.41;
561;576;6.2;0.79;0.13;
561;583;8.62;0.79;0.08;
561;585;6.4;0.79;0.14;
562;563;3.81;0.66;0.41;
562;564;7.14;0.66;0.33;
562;576;6.79;0.66;0.13;
562;579;6.99;0.66;0.03;
562;582;7.02;0.66;0.09;
562;583;5.63;0.66;0.08;
562;585;6.85;0.66;0.14;
563;564;3.78;0.41;0.33;
563;565;6.59;0.41;0.16;
563;579;7.09;0.41;0.03;
563;581;9.09;0.41;0.11;
563;582;5.55;0.41;0.09;
563;583;5.44;0.41;0.08;
563;585;8.95;0.41;0.14;
563;604;9.6;0.41;0.11;
564;565;3.83;0.33;0.16;
564;579;6.67;0.33;0.03;
564;581;7.02;0.33;0.11;
564;582;4.78;0.33;0.09;
564;583;6.94;0.33;0.08;
565;579;9.22;0.16;0.03;
565;581;6.61;0.16;0.11;
565;582;5.82;0.16;0.09;
565;583;7.94;0.16;0.08;
565;604;9.37;0.16;0.11;
565;606;9.18;0.16;0.18;
576;579;9.33;0.13;0.03;
576;585;9.42;0.13;0.14;
576;594;9.61;0.13;0.16;
579;581;6.1;0.03;0.11;
579;582;4.45;0.03;0.09;
579;583;6.64;0.03;0.08;
581;582;3.84;0.11;0.09;
581;583;7.1;0.11;0.08;
582;583;3.79;0.09;0.08;
583;585;6.7;0.08;0.14;
583;604;9.09;0.08;0.11;
583;617;9.4;0.08;0.07;
585;587;7.02;0.14;0.04;
585;590;10.0;0.14;0.14;
587;590;5.51;0.04;0.14;
590;594;6.04;0.14;0.16;
604;606;6.96;0.11;0.18;
604;646;8.84;0.11;0.29;
606;644;9.72;0.18;0.25;
606;646;8.97;0.18;0.29;
617;644;9.0;0.07;0.25;
617;646;9.88;0.07;0.29;
622;624;7.02;0.12;0.46;
622;627;8.31;0.12;0.22;
622;628;5.71;0.12;0.12;
622;629;5.11;0.12;0.16;
622;630;9.06;0.12;0.15;
622;631;8.2;0.12;0.17;
622;644;9.82;0.12;0.25;
622;646;7.94;0.12;0.29;
623;626;8.1;0.17;0.38;
623;627;8.33;0.17;0.22;
623;628;4.46;0.17;0.12;
623;630;8.57;0.17;0.15;
624;626;5.45;0.46;0.38;
624;627;5.59;0.46;0.22;
624;628;6.65;0.46;0.12;
624;629;8.99;0.46;0.16;
626;627;3.81;0.38;0.22;
626;628;7.43;0.38;0.12;
627;628;3.77;0.22;0.12;
627;629;6.7;0.22;0.16;
628;629;3.79;0.12;0.16;
628;630;9.2;0.12;0.15;
629;630;6.16;0.16;0.15;
629;631;6.77;0.16;0.17;
629;646;9.3;0.16;0.29;
630;631;8.23;0.15;0.17;
630;644;9.34;0.15;0.25;
630;646;6.98;0.15;0.29;
631;633;7.14;0.17;0.5;
631;642;9.83;0.17;0.43;
631;644;6.1;0.17;0.25;
631;646;9.57;0.17;0.29;
633;634;3.76;0.5;0.1;
633;635;6.99;0.5;0.13;
633;641;9.18;0.5;0.42;
633;642;5.85;0.5;0.43;
633;644;8.33;0.5;0.25;
634;635;3.74;0.1;0.13;
634;640;9.48;0.1;0.62;
634;641;9.47;0.1;0.42;
634;642;7.31;0.1;0.43;
635;640;7.34;0.13;0.62;
635;641;8.52;0.13;0.42;
635;642;7.95;0.13;0.43;
640;641;3.87;0.62;0.42;
640;642;6.5;0.62;0.43;
641;642;3.8;0.42;0.43;
641;644;9.48;0.42;0.25;
642;644;6.7;0.43;0.25;
644;646;6.6;0.25;0.29;
