1;2;532;521;8.46;1.64;2.46;
1;2;532;523;9.24;1.64;3.48;
1;2;532;559;9.05;1.64;1.65;
1;2;532;604;9.42;1.64;1.35;
1;2;532;630;9.28;1.64;5.16;
1;2;532;631;9.97;1.64;5.51;
1;2;534;521;9.21;1.48;2.46;
1;2;534;554;9.8;1.48;0.94;
1;2;534;562;9.61;1.48;1.11;
1;2;534;563;9.53;1.48;0.98;
1;2;534;565;9.95;1.48;0.83;
1;2;534;606;9.1;1.48;1.42;
1;2;536;606;9.71;1.83;1.42;
1;2;576;560;6.48;0.64;1.45;
1;2;576;561;6.32;0.64;1.23;
1;2;576;562;6.8;0.64;1.11;
1;2;579;562;6.98;0.74;1.11;
1;2;579;563;6.99;0.74;0.98;
1;2;579;564;6.54;0.74;0.85;
1;2;579;565;9.05;0.74;0.83;
1;2;581;554;9.21;1.09;0.94;
1;2;581;563;9.02;1.09;0.98;
1;2;581;564;6.86;1.09;0.85;
1;2;581;565;6.33;1.09;0.83;
1;2;582;554;7.01;1.04;0.94;
1;2;582;562;7.07;1.04;1.11;
1;2;582;563;5.42;1.04;0.98;
1;2;582;564;4.56;1.04;0.85;
1;2;582;565;5.53;1.04;0.83;
1;2;583;554;6.83;1.17;0.94;
1;2;583;557;8.74;1.17;1.4;
1;2;583;561;8.62;1.17;1.23;
1;2;583;562;5.61;1.17;1.11;
1;2;583;563;5.24;1.17;0.98;
1;2;583;564;6.74;1.17;0.85;
1;2;583;565;7.67;1.17;0.83;
1;2;583;604;8.84;1.17;1.35;
1;2;583;606;9.87;1.17;1.42;
1;2;585;557;7.59;1.12;1.4;
1;2;585;559;4.86;1.12;1.65;
1;2;585;560;5.98;1.12;1.45;
1;2;585;561;6.45;1.12;1.23;
1;2;585;562;6.88;1.12;1.11;
1;2;585;563;8.87;1.12;0.98;
1;2;585;604;9.89;1.12;1.35;
1;2;590;559;6.45;0.9;1.65;
1;2;590;560;5.28;0.9;1.45;
1;2;590;561;9.11;0.9;1.23;
1;2;594;560;7.89;0.63;1.45;
1;2;615;637;7.06;1.67;7.73;
1;2;616;633;9.87;2.09;6.24;
1;2;616;637;8.32;2.09;7.73;
1;2;616;643;9.48;2.09;9.12;
1;2;617;521;8.6;2.05;2.46;
1;2;617;606;9.7;2.05;1.42;
1;2;617;633;7.39;2.05;6.24;
1;2;617;635;9.63;2.05;6.97;
1;2;617;637;8.86;2.05;7.73;
1;2;617;643;6.61;2.05;9.12;
1;2;618;521;8.86;2.0;2.46;
1;2;618;630;9.75;2.0;5.16;
1;2;618;631;8.05;2.0;5.51;
1;2;618;633;5.41;2.0;6.24;
1;2;618;635;9.74;2.0;6.97;
1;2;618;643;8.14;2.0;9.12;
1;2;619;521;7.61;2.71;2.46;
1;2;619;629;9.94;2.71;5.56;
1;2;619;630;6.15;2.71;5.16;
1;2;619;631;5.4;2.71;5.51;
1;2;619;633;6.42;2.71;6.24;
1;2;619;643;9.03;2.71;9.12;
1;2;620;629;8.36;2.5;5.56;
1;2;620;630;5.12;2.5;5.16;
1;2;620;631;5.06;2.5;5.51;
1;2;620;633;7.77;2.5;6.24;
1;2;621;624;9.19;2.64;3.98;
1;2;621;628;6.58;2.64;5.93;
1;2;621;629;5.88;2.64;5.56;
1;2;621;630;3.97;2.64;5.16;
1;2;621;631;6.49;2.64;5.51;
1;2;622;627;9.93;3.18;6.14;
1;2;622;628;6.36;3.18;5.93;
1;2;622;629;6.2;3.18;5.56;
1;2;622;630;6.08;3.18;5.16;
1;2;622;631;7.76;3.18;5.51;
1;2;623;626;8.96;3.5;4.97;
1;2;623;627;7.96;3.5;6.14;
1;2;623;628;5.38;3.5;5.93;
1;2;623;629;7.3;3.5;5.56;
1;2;623;630;8.72;3.5;5.16;
1;2;627;626;7.39;6.14;4.97;
1;2;627;627;5.03;6.14;6.14;
1;2;627;628;5.92;6.14;5.93;
1;2;627;629;8.16;6.14;5.56;
1;2;629;627;9.12;5.56;6.14;
1;2;629;628;7.22;5.56;5.93;
1;2;629;629;6.07;5.56;5.56;
1;2;629;630;8.32;5.56;5.16;
1;2;629;631;9.13;5.56;5.51;
1;2;631;629;8.8;5.51;5.56;
1;2;631;630;9.21;5.51;5.16;
1;2;631;631;7.72;5.51;5.51;
2;3;532;521;8.79;1.64;2.46;
2;3;532;523;9.61;1.64;3.48;
2;3;532;559;9.0;1.64;1.65;
2;3;532;562;9.7;1.64;1.11;
2;3;532;604;9.24;1.64;1.35;
2;3;532;630;9.1;1.64;5.16;
2;3;532;633;9.76;1.64;6.24;
2;3;534;521;9.75;1.48;2.46;
2;3;534;554;9.6;1.48;0.94;
2;3;534;562;9.46;1.48;1.11;
2;3;534;563;9.39;1.48;0.98;
2;3;534;564;9.75;1.48;0.85;
2;3;534;565;9.52;1.48;0.83;
2;3;534;606;9.23;1.48;1.42;
2;3;576;560;6.84;0.64;1.45;
2;3;576;561;6.49;0.64;1.23;
2;3;576;562;6.84;0.64;1.11;
2;3;579;562;7.17;0.74;1.11;
2;3;579;563;7.21;0.74;0.98;
2;3;579;564;6.66;0.74;0.85;
2;3;579;565;9.12;0.74;0.83;
2;3;581;554;9.4;1.09;0.94;
2;3;581;563;9.14;1.09;0.98;
2;3;581;564;6.84;1.09;0.85;
2;3;581;565;6.29;1.09;0.83;
2;3;582;554;7.17;1.04;0.94;
2;3;582;562;7.1;1.04;1.11;
2;3;582;563;5.48;1.04;0.98;
2;3;582;564;4.37;1.04;0.85;
2;3;582;565;5.38;1.04;0.83;
2;3;583;554;6.86;1.17;0.94;
2;3;583;557;8.86;1.17;1.4;
2;3;583;561;8.57;1.17;1.23;
2;3;583;562;5.51;1.17;1.11;
2;3;583;563;5.16;1.17;0.98;
2;3;583;564;6.47;1.17;0.85;
2;3;583;565;7.4;1.17;0.83;
2;3;583;604;9.22;1.17;1.35;
2;3;585;557;7.36;1.12;1.4;
2;3;585;559;4.86;1.12;1.65;
2;3;585;560;5.94;1.12;1.45;
2;3;585;561;6.06;1.12;1.23;
2;3;585;562;6.48;1.12;1.11;
2;3;585;563;8.51;1.12;0.98;
2;3;585;604;9.94;1.12;1.35;
2;3;590;559;6.38;0.9;1.65;
2;3;590;560;4.93;0.9;1.45;
2;3;590;561;8.77;0.9;1.23;
2;3;615;634;9.28;1.67;6.79;
2;3;615;635;9.36;1.67;6.97;
2;3;615;636;6.0;1.67;7.42;
2;3;615;637;7.16;1.67;7.73;
2;3;616;633;8.99;2.09;6.24;
2;3;616;634;7.83;2.09;6.79;
2;3;616;635;8.9;2.09;6.97;
2;3;616;636;6.81;2.09;7.42;
2;3;616;637;8.61;2.09;7.73;
2;3;617;521;8.81;2.05;2.46;
2;3;617;606;9.64;2.05;1.42;
2;3;617;633;5.94;2.05;6.24;
2;3;617;634;5.7;2.05;6.79;
2;3;617;635;8.16;2.05;6.97;
2;3;617;636;7.63;2.05;7.42;
2;3;617;637;9.06;2.05;7.73;
2;3;618;521;8.63;2.0;2.46;
2;3;618;630;9.48;2.0;5.16;
2;3;618;631;8.36;2.0;5.51;
2;3;618;633;4.68;2.0;6.24;
2;3;618;634;6.84;2.0;6.79;
2;3;618;635;9.07;2.0;6.97;
2;3;618;636;9.82;2.0;7.42;
2;3;619;521;6.53;2.71;2.46;
2;3;619;523;9.75;2.71;3.48;
2;3;619;629;9.62;2.71;5.56;
2;3;619;630;5.8;2.71;5.16;
2;3;619;631;5.63;2.71;5.51;
2;3;619;633;5.59;2.71;6.24;
2;3;619;634;8.66;2.71;6.79;
2;3;620;521;9.54;2.5;2.46;
2;3;620;629;8.43;2.5;5.56;
2;3;620;630;5.31;2.5;5.16;
2;3;620;631;5.31;2.5;5.51;
2;3;620;633;7.61;2.5;6.24;
2;3;621;523;9.29;2.64;3.48;
2;3;621;624;9.51;2.64;3.98;
2;3;621;628;6.77;2.64;5.93;
2;3;621;629;6.06;2.64;5.56;
2;3;621;630;4.26;2.64;5.16;
2;3;621;631;6.44;2.64;5.51;
2;3;622;627;9.62;3.18;6.14;
2;3;622;628;6.21;3.18;5.93;
2;3;622;629;6.5;3.18;5.56;
2;3;622;630;6.62;3.18;5.16;
2;3;622;631;7.98;3.18;5.51;
2;3;623;624;9.86;3.5;3.98;
2;3;623;626;8.95;3.5;4.97;
2;3;623;627;8.22;3.5;6.14;
2;3;623;628;5.96;3.5;5.93;
2;3;623;629;8.15;3.5;5.56;
2;3;623;630;9.51;3.5;5.16;
2;3;627;624;8.66;6.14;3.98;
2;3;627;626;5.78;6.14;4.97;
2;3;627;627;4.71;6.14;6.14;
2;3;627;628;5.29;6.14;5.93;
2;3;627;629;8.41;6.14;5.56;
2;3;629;627;8.29;5.56;6.14;
2;3;629;628;6.11;5.56;5.93;
2;3;629;629;5.67;5.56;5.56;
2;3;629;630;7.78;5.56;5.16;
2;3;629;631;8.2;5.56;5.51;
2;3;631;629;9.73;5.51;5.56;
2;3;631;630;9.79;5.51;5.16;
2;3;631;631;7.23;5.51;5.51;
2;3;631;646;7.97;5.51;11.54;
2;3;642;633;7.59;8.63;6.24;
2;3;642;634;8.58;8.63;6.79;
2;3;642;635;6.49;8.63;6.97;
2;3;642;636;9.43;8.63;7.42;
2;3;644;631;7.05;9.67;5.51;
2;3;644;633;7.02;9.67;6.24;
1;3;627;623;7.72;6.14;3.5;
1;3;627;627;4.09;6.14;6.14;
1;3;627;629;8.75;6.14;5.56;
1;3;628;621;7.53;5.93;2.64;
1;3;628;623;6.43;5.93;3.5;
1;3;628;627;5.43;5.93;6.14;
1;3;628;629;7.18;5.93;5.56;
1;3;629;621;7.24;5.56;2.64;
1;3;629;623;8.17;5.56;3.5;
1;3;629;627;7.9;5.56;6.14;
1;3;629;629;6.23;5.56;5.56;
1;3;629;631;9.82;5.56;5.51;
1;3;629;646;8.02;5.56;11.54;
1;3;630;621;6.35;5.16;2.64;
1;3;630;623;9.96;5.16;3.5;
1;3;630;629;8.82;5.16;5.56;
1;3;630;646;6.79;5.16;11.54;
1;3;631;621;7.72;5.51;2.64;
1;3;631;629;8.56;5.51;5.56;
1;3;631;631;8.77;5.51;5.51;
1;3;631;644;8.21;5.51;9.67;
1;3;631;646;3.67;5.51;11.54;
1;3;632;617;9.93;5.77;2.05;
1;3;632;621;9.27;5.77;2.64;
1;3;632;644;7.1;5.77;9.67;
1;3;632;646;3.7;5.77;11.54;
1;3;633;617;8.38;6.24;2.05;
1;3;633;642;6.98;6.24;8.63;
1;3;633;644;4.34;6.24;9.67;
1;3;633;646;4.04;6.24;11.54;
1;3;635;617;8.93;6.97;2.05;
1;3;635;642;5.49;6.97;8.63;
1;3;635;644;8.32;6.97;9.67;
