1;2;532;521;9.41;0.84;1.57;
1;2;532;559;9.37;0.84;0.88;
1;2;534;521;9.72;0.79;1.57;
1;2;534;562;9.69;0.79;0.64;
1;2;534;563;9.63;0.79;0.65;
1;2;534;606;9.31;0.79;0.87;
1;2;576;560;6.69;0.54;0.81;
1;2;576;561;6.29;0.54;0.78;
1;2;576;562;6.64;0.54;0.64;
1;2;579;562;7.11;0.61;0.64;
1;2;579;563;7.08;0.61;0.65;
1;2;579;564;6.39;0.61;0.66;
1;2;579;565;8.78;0.61;0.65;
1;2;581;552;9.07;0.8;0.74;
1;2;581;554;9.36;0.8;0.72;
1;2;581;563;9.19;0.8;0.65;
1;2;581;564;7.08;0.8;0.66;
1;2;581;565;6.33;0.8;0.65;
1;2;582;552;9.55;0.71;0.74;
1;2;582;554;7.12;0.71;0.72;
1;2;582;562;7.16;0.71;0.64;
1;2;582;563;5.58;0.71;0.65;
1;2;582;564;4.67;0.71;0.66;
1;2;582;565;5.45;0.71;0.65;
1;2;583;554;7.01;0.61;0.72;
1;2;583;557;8.96;0.61;0.83;
1;2;583;561;8.64;0.61;0.78;
1;2;583;562;5.6;0.61;0.64;
1;2;583;563;5.26;0.61;0.65;
1;2;583;564;6.74;0.61;0.66;
1;2;583;565;7.64;0.61;0.65;
1;2;583;604;9.04;0.61;0.95;
1;2;583;606;9.97;0.61;0.87;
1;2;585;557;7.66;0.7;0.83;
1;2;585;559;5.05;0.7;0.88;
1;2;585;560;5.97;0.7;0.81;
1;2;585;561;6.32;0.7;0.78;
1;2;585;562;6.71;0.7;0.64;
1;2;585;563;8.7;0.7;0.65;
1;2;587;559;6.2;0.84;0.88;
1;2;587;560;7.17;0.84;0.81;
1;2;590;559;6.48;0.75;0.88;
1;2;590;560;5.12;0.75;0.81;
1;2;590;561;8.92;0.75;0.78;
1;2;594;560;7.9;0.57;0.81;
1;2;617;521;9.67;0.97;1.57;
1;2;623;626;7.89;1.31;1.62;
1;2;623;627;8.25;1.31;1.34;
1;2;627;624;9.36;1.34;1.47;
1;2;627;626;5.35;1.34;1.62;
1;2;627;627;4.43;1.34;1.34;
1;2;627;628;7.14;1.34;1.49;
1;2;627;629;8.86;1.34;1.24;
1;2;628;622;9.4;1.49;1.11;
1;2;628;624;8.44;1.49;1.47;
1;2;628;626;6.58;1.49;1.62;
1;2;628;627;4.83;1.49;1.34;
1;2;628;628;6.16;1.49;1.49;
1;2;628;629;6.52;1.49;1.24;
1;2;630;622;9.01;1.52;1.11;
1;2;630;628;9.11;1.52;1.49;
1;2;630;629;6.31;1.52;1.24;
1;2;630;631;8.61;1.52;1.21;
1;2;640;517;6.34;3.82;0.86;
1;2;640;518;7.81;3.82;0.95;
1;2;640;634;9.58;3.82;1.35;
1;2;640;635;7.84;3.82;1.22;
1;2;641;517;4.76;4.68;0.86;
1;2;641;518;4.54;4.68;0.95;
1;2;641;519;6.92;4.68;0.99;
1;2;641;633;8.98;4.68;1.24;
1;2;641;634;9.56;4.68;1.35;
1;2;641;635;8.96;4.68;1.22;
1;2;642;517;6.53;4.81;0.86;
1;2;642;518;4.39;4.81;0.95;
1;2;642;519;6.47;4.81;0.99;
1;2;642;631;9.58;4.81;1.21;
1;2;642;632;8.17;4.81;1.43;
1;2;642;633;5.77;4.81;1.24;
1;2;642;634;7.53;4.81;1.35;
1;2;642;635;8.49;4.81;1.22;
1;2;644;518;7.22;4.92;0.95;
1;2;644;519;5.6;4.92;0.99;
1;2;644;521;6.55;4.92;1.57;
1;2;644;606;9.6;4.92;0.87;
1;2;644;622;9.58;4.92;1.11;
1;2;644;631;6.2;4.92;1.21;
1;2;644;632;7.71;4.92;1.43;
1;2;644;633;8.42;4.92;1.24;
1;2;645;518;9.7;6.93;0.95;
1;2;645;519;6.83;6.93;0.99;
1;2;645;521;4.13;6.93;1.57;
1;2;645;523;9.51;6.93;2.75;
1;2;645;606;7.58;6.93;0.87;
1;2;645;622;9.94;6.93;1.11;
1;2;645;631;9.11;6.93;1.21;
1;2;646;521;4.84;6.26;1.57;
1;2;646;523;7.02;6.26;2.75;
1;2;646;604;9.35;6.26;0.95;
1;2;646;606;9.2;6.26;0.87;
1;2;646;622;7.37;6.26;1.11;
1;2;646;629;8.96;6.26;1.24;
1;2;646;631;9.3;6.26;1.21;
2;3;532;521;9.5;0.84;1.57;
2;3;532;523;9.89;0.84;2.75;
2;3;532;559;9.31;0.84;0.88;
2;3;532;604;9.9;0.84;0.95;
2;3;534;562;9.6;0.79;0.64;
2;3;534;563;9.56;0.79;0.65;
2;3;534;565;9.91;0.79;0.65;
2;3;534;606;9.4;0.79;0.87;
2;3;576;560;6.72;0.54;0.81;
2;3;576;561;6.36;0.54;0.78;
2;3;576;562;6.71;0.54;0.64;
2;3;579;562;7.12;0.61;0.64;
2;3;579;563;7.13;0.61;0.65;
2;3;579;564;6.45;0.61;0.66;
2;3;579;565;8.82;0.61;0.65;
2;3;581;552;9.08;0.8;0.74;
2;3;581;554;9.35;0.8;0.72;
2;3;581;563;9.18;0.8;0.65;
2;3;581;564;7.04;0.8;0.66;
2;3;581;565;6.29;0.8;0.65;
2;3;582;552;9.56;0.71;0.74;
2;3;582;554;7.13;0.71;0.72;
2;3;582;562;7.13;0.71;0.64;
2;3;582;563;5.57;0.71;0.65;
2;3;582;564;4.63;0.71;0.66;
2;3;582;565;5.42;0.71;0.65;
2;3;583;554;6.95;0.61;0.72;
2;3;583;557;8.93;0.61;0.83;
2;3;583;561;8.61;0.61;0.78;
2;3;583;562;5.56;0.61;0.64;
2;3;583;563;5.21;0.61;0.65;
2;3;583;564;6.68;0.61;0.66;
2;3;583;565;7.56;0.61;0.65;
2;3;583;604;9.08;0.61;0.95;
2;3;585;557;7.64;0.7;0.83;
2;3;585;559;5.05;0.7;0.88;
2;3;585;560;5.96;0.7;0.81;
2;3;585;561;6.27;0.7;0.78;
2;3;585;562;6.65;0.7;0.64;
2;3;585;563;8.64;0.7;0.65;
2;3;587;559;6.18;0.84;0.88;
2;3;587;560;7.17;0.84;0.81;
2;3;590;559;6.53;0.75;0.88;
2;3;590;560;5.15;0.75;0.81;
2;3;590;561;8.96;0.75;0.78;
2;3;594;560;7.96;0.57;0.81;
2;3;617;521;9.81;0.97;1.57;
2;3;621;629;9.68;1.05;1.24;
2;3;623;626;7.94;1.31;1.62;
2;3;623;627;8.46;1.31;1.34;
2;3;627;624;9.3;1.34;1.47;
2;3;627;626;5.29;1.34;1.62;
2;3;627;627;4.5;1.34;1.34;
2;3;627;629;8.82;1.34;1.24;
2;3;628;622;9.52;1.49;1.11;
2;3;628;624;8.4;1.49;1.47;
2;3;628;626;6.56;1.49;1.62;
2;3;628;627;5.02;1.49;1.34;
2;3;628;629;6.57;1.49;1.24;
2;3;630;622;9.05;1.52;1.11;
2;3;630;629;6.48;1.52;1.24;
2;3;630;631;8.6;1.52;1.21;
2;3;640;517;6.12;3.82;0.86;
2;3;640;518;7.73;3.82;0.95;
2;3;640;634;9.6;3.82;1.35;
2;3;640;635;7.78;3.82;1.22;
2;3;641;517;4.65;4.68;0.86;
2;3;641;518;4.53;4.68;0.95;
2;3;641;519;6.88;4.68;0.99;
2;3;641;633;9.2;4.68;1.24;
2;3;641;634;9.68;4.68;1.35;
2;3;641;635;9.03;4.68;1.22;
2;3;642;517;6.49;4.81;0.86;
2;3;642;518;4.41;4.81;0.95;
2;3;642;519;6.45;4.81;0.99;
2;3;642;631;9.7;4.81;1.21;
2;3;642;633;5.97;4.81;1.24;
2;3;642;634;7.61;4.81;1.35;
2;3;642;635;8.5;4.81;1.22;
2;3;644;518;7.32;4.92;0.95;
2;3;644;519;5.72;4.92;0.99;
2;3;644;521;6.67;4.92;1.57;
2;3;644;606;9.82;4.92;0.87;
2;3;644;622;9.6;4.92;1.11;
2;3;644;631;6.16;4.92;1.21;
2;3;644;633;8.45;4.92;1.24;
2;3;645;518;9.95;6.93;0.95;
2;3;645;519;7.19;6.93;0.99;
2;3;645;521;4.67;6.93;1.57;
2;3;645;523;9.7;6.93;2.75;
2;3;645;606;8.16;6.93;0.87;
2;3;645;631;8.97;6.93;1.21;
2;3;646;521;4.9;6.26;1.57;
2;3;646;523;6.8;6.26;2.75;
2;3;646;604;9.13;6.26;0.95;
2;3;646;606;9.18;6.26;0.87;
2;3;646;622;7.99;6.26;1.11;
2;3;646;629;9.33;6.26;1.24;
2;3;646;631;9.89;6.26;1.21;
