517;518;3.79;0.35;0.41;
517;519;7.1;0.35;0.29;
517;634;9.3;0.35;0.27;
517;635;8.06;0.35;0.06;
517;640;6.64;0.35;1.56;
517;641;4.62;0.35;1.35;
517;642;6.23;0.35;1.64;
518;519;3.8;0.41;0.29;
518;633;8.8;0.41;0.87;
518;634;9.05;0.41;0.27;
518;635;9.36;0.41;0.06;
518;640;8.3;0.41;1.56;
518;641;4.82;0.41;1.35;
518;642;4.62;0.41;1.64;
518;644;6.76;0.41;2.3;
518;645;8.54;0.41;3.13;
519;521;7.1;0.29;0.64;
519;606;7.29;0.29;0.22;
519;617;9.48;0.29;0.21;
519;641;7.05;0.29;1.35;
519;642;6.86;0.29;1.64;
519;644;5.49;0.29;2.3;
519;645;5.64;0.29;3.13;
519;646;8.98;0.29;5.31;
521;604;6.63;0.64;0.12;
521;606;4.36;0.64;0.22;
521;622;9.17;0.64;0.25;
521;644;7.51;0.64;2.3;
521;645;5.4;0.64;3.13;
521;646;5.16;0.64;5.31;
534;536;6.44;0.18;0.05;
534;562;9.59;0.18;0.64;
534;563;9.58;0.18;0.32;
534;579;8.31;0.18;0.11;
534;581;6.91;0.18;0.16;
534;582;5.82;0.18;0.07;
534;583;4.43;0.18;0.1;
534;585;8.88;0.18;0.09;
534;606;9.83;0.18;0.22;
534;617;5.2;0.18;0.21;
534;645;9.36;0.18;3.13;
536;579;9.85;0.05;0.11;
536;581;5.02;0.05;0.16;
536;582;7.71;0.05;0.07;
536;583;9.34;0.05;0.1;
536;617;7.5;0.05;0.21;
554;557;8.16;0.07;0.29;
554;562;9.19;0.07;0.64;
554;563;5.86;0.07;0.32;
554;564;5.73;0.07;0.3;
554;565;4.36;0.07;0.04;
554;581;9.45;0.07;0.16;
554;582;7.29;0.07;0.07;
554;583;7.12;0.07;0.1;
554;604;5.48;0.07;0.12;
554;606;7.89;0.07;0.22;
557;559;6.87;0.29;0.67;
557;560;8.21;0.29;0.62;
557;561;5.5;0.29;0.75;
557;562;6.01;0.29;0.64;
557;563;5.84;0.29;0.32;
557;564;9.24;0.29;0.3;
557;583;8.78;0.29;0.1;
557;585;7.6;0.29;0.09;
557;604;9.28;0.29;0.12;
559;560;3.84;0.67;0.62;
559;561;5.48;0.67;0.75;
559;562;8.33;0.67;0.64;
559;585;4.97;0.67;0.09;
559;587;6.27;0.67;0.06;
559;590;6.68;0.67;0.03;
560;561;3.86;0.62;0.75;
560;562;7.08;0.62;0.64;
560;576;6.55;0.62;0.09;
560;585;5.97;0.62;0.09;
560;587;7.36;0.62;0.06;
560;590;5.49;0.62;0.03;
561;562;3.8;0.75;0.64;
561;563;6.95;0.75;0.32;
561;576;6.42;0.75;0.09;
561;583;8.57;0.75;0.1;
561;585;6.32;0.75;0.09;
561;590;9.32;0.75;0.03;
562;563;3.82;0.64;0.32;
562;564;7.13;0.64;0.3;
562;576;6.91;0.64;0.09;
562;579;6.97;0.64;0.11;
562;582;7.01;0.64;0.07;
562;583;5.58;0.64;0.1;
562;585;6.81;0.64;0.09;
563;564;3.79;0.32;0.3;
563;565;6.6;0.32;0.04;
563;579;7.13;0.32;0.11;
563;581;9.04;0.32;0.16;
563;582;5.48;0.32;0.07;
563;583;5.27;0.32;0.1;
563;585;8.82;0.32;0.09;
563;604;9.83;0.32;0.12;
564;565;3.83;0.3;0.04;
564;579;6.7;0.3;0.11;
564;581;6.94;0.3;0.16;
564;582;4.68;0.3;0.07;
564;583;6.8;0.3;0.1;
565;579;9.21;0.04;0.11;
565;581;6.46;0.04;0.16;
565;582;5.69;0.04;0.07;
565;583;7.79;0.04;0.1;
565;604;9.47;0.04;0.12;
565;606;9.12;0.04;0.22;
576;579;9.34;0.09;0.11;
576;585;9.53;0.09;0.09;
576;590;9.98;0.09;0.03;
579;581;6.11;0.11;0.16;
579;582;4.48;0.11;0.07;
579;583;6.65;0.11;0.1;
581;582;3.84;0.16;0.07;
581;583;7.11;0.16;0.1;
582;583;3.79;0.07;0.1;
583;585;6.71;0.1;0.09;
583;604;9.29;0.1;0.12;
583;617;9.44;0.1;0.21;
585;587;7.09;0.09;0.06;
585;590;9.43;0.09;0.03;
587;590;5.48;0.06;0.03;
587;621;9.43;0.06;0.2;
604;606;6.7;0.12;0.22;
604;646;9.75;0.12;5.31;
606;645;8.05;0.22;3.13;
606;646;9.01;0.22;5.31;
617;644;9.5;0.21;2.3;
617;645;6.58;0.21;3.13;
617;646;8.51;0.21;5.31;
621;623;6.48;0.2;0.22;
621;628;6.9;0.2;0.13;
621;629;9.12;0.2;0.1;
621;630;4.27;0.2;0.16;
621;646;7.72;0.2;5.31;
622;624;7.05;0.25;0.23;
622;627;8.47;0.25;0.62;
622;628;5.74;0.25;0.13;
622;629;5.11;0.25;0.1;
622;630;8.85;0.25;0.16;
622;631;8.13;0.25;0.24;
622;646;8.55;0.25;5.31;
623;626;8.08;0.22;0.08;
623;627;8.33;0.22;0.62;
623;628;4.49;0.22;0.13;
623;630;8.58;0.22;0.16;
624;626;5.45;0.23;0.08;
624;627;5.69;0.23;0.62;
624;628;6.65;0.23;0.13;
624;629;8.99;0.23;0.1;
626;627;3.81;0.08;0.62;
626;628;7.37;0.08;0.13;
627;628;3.77;0.62;0.13;
627;629;6.82;0.62;0.1;
628;629;3.79;0.13;0.1;
628;630;9.24;0.13;0.16;
629;630;6.21;0.1;0.16;
629;631;6.72;0.1;0.24;
629;646;9.73;0.1;5.31;
630;631;8.07;0.16;0.24;
630;644;9.55;0.16;2.3;
630;645;9.34;0.16;3.13;
630;646;6.72;0.16;5.31;
631;633;7.16;0.24;0.87;
631;644;6.05;0.24;2.3;
631;645;8.98;0.24;3.13;
631;646;9.0;0.24;5.31;
633;634;3.71;0.87;0.27;
633;635;7.24;0.87;0.06;
633;641;9.44;0.87;1.35;
633;642;5.83;0.87;1.64;
633;644;7.97;0.87;2.3;
634;635;3.77;0.27;0.06;
634;640;9.47;0.27;1.56;
634;641;9.02;0.27;1.35;
634;642;6.4;0.27;1.64;
635;640;7.51;0.06;1.56;
635;641;8.27;0.06;1.35;
635;642;7.28;0.06;1.64;
640;641;3.85;1.56;1.35;
640;642;6.37;1.56;1.64;
641;642;3.79;1.35;1.64;
641;644;9.07;1.35;2.3;
642;644;6.51;1.64;2.3;
642;645;9.03;1.64;3.13;
644;645;3.78;2.3;3.13;
644;646;6.16;2.3;5.31;
645;646;3.83;3.13;5.31;
