1;2;534;562;9.59;1.23;0.92;
1;2;534;563;9.58;1.23;0.81;
1;2;534;606;9.83;1.23;1.07;
1;2;576;560;6.55;0.68;1.06;
1;2;576;561;6.42;0.68;0.96;
1;2;576;562;6.91;0.68;0.92;
1;2;579;562;6.97;0.82;0.92;
1;2;579;563;7.13;0.82;0.81;
1;2;579;564;6.7;0.82;0.76;
1;2;579;565;9.21;0.82;0.73;
1;2;581;554;9.45;1.1;0.79;
1;2;581;563;9.04;1.1;0.81;
1;2;581;564;6.94;1.1;0.76;
1;2;581;565;6.46;1.1;0.73;
1;2;582;554;7.29;1.12;0.79;
1;2;582;562;7.01;1.12;0.92;
1;2;582;563;5.48;1.12;0.81;
1;2;582;564;4.68;1.12;0.76;
1;2;582;565;5.69;1.12;0.73;
1;2;583;554;7.12;0.93;0.79;
1;2;583;557;8.78;0.93;1.12;
1;2;583;561;8.57;0.93;0.96;
1;2;583;562;5.58;0.93;0.92;
1;2;583;563;5.27;0.93;0.81;
1;2;583;564;6.8;0.93;0.76;
1;2;583;565;7.79;0.93;0.73;
1;2;583;604;9.29;0.93;1.13;
1;2;585;557;7.6;0.96;1.12;
1;2;585;559;4.97;0.96;1.22;
1;2;585;560;5.97;0.96;1.06;
1;2;585;561;6.32;0.96;0.96;
1;2;585;562;6.81;0.96;0.92;
1;2;585;563;8.82;0.96;0.81;
1;2;587;559;6.27;1.01;1.22;
1;2;587;560;7.36;1.01;1.06;
1;2;590;559;6.68;0.94;1.22;
1;2;590;560;5.49;0.94;1.06;
1;2;590;561;9.32;0.94;0.96;
1;2;617;519;9.48;1.55;1.28;
1;2;621;629;9.12;1.64;2.16;
1;2;623;626;8.08;1.73;2.41;
1;2;623;627;8.33;1.73;2.17;
1;2;627;624;9.9;2.17;1.95;
1;2;627;626;6.09;2.17;2.41;
1;2;627;627;4.72;2.17;2.17;
1;2;627;628;6.98;2.17;2.66;
1;2;627;629;8.43;2.17;2.16;
1;2;628;622;9.44;2.66;1.53;
1;2;628;624;8.88;2.66;1.95;
1;2;628;626;6.97;2.66;2.41;
1;2;628;627;5.17;2.66;2.17;
1;2;628;628;6.06;2.66;2.66;
1;2;628;629;6.04;2.66;2.16;
1;2;630;622;8.85;2.82;1.53;
1;2;630;628;9.24;2.82;2.66;
1;2;630;629;6.21;2.82;2.16;
1;2;630;631;8.07;2.82;2.45;
1;2;640;517;6.64;7.16;1.17;
1;2;640;518;8.3;7.16;1.31;
1;2;640;634;9.47;7.16;3.71;
1;2;640;635;7.51;7.16;2.35;
1;2;641;517;4.62;8.07;1.17;
1;2;641;518;4.82;8.07;1.31;
1;2;641;519;7.05;8.07;1.28;
1;2;641;633;9.44;8.07;2.72;
1;2;641;634;9.02;8.07;3.71;
1;2;641;635;8.27;8.07;2.35;
1;2;642;517;6.23;7.52;1.17;
1;2;642;518;4.62;7.52;1.31;
1;2;642;519;6.86;7.52;1.28;
1;2;642;633;5.83;7.52;2.72;
1;2;642;634;6.4;7.52;3.71;
1;2;642;635;7.28;7.52;2.35;
1;2;644;518;6.76;7.76;1.31;
1;2;644;519;5.49;7.76;1.28;
1;2;644;521;7.51;7.76;1.25;
1;2;644;631;6.05;7.76;2.45;
1;2;644;633;7.97;7.76;2.72;
1;2;645;518;8.54;9.4;1.31;
1;2;645;519;5.64;9.4;1.28;
1;2;645;521;5.4;9.4;1.25;
1;2;645;606;8.05;9.4;1.07;
1;2;645;631;8.98;9.4;2.45;
1;2;646;519;8.98;9.43;1.28;
1;2;646;521;5.16;9.43;1.25;
1;2;646;604;9.75;9.43;1.13;
1;2;646;606;9.01;9.43;1.07;
1;2;646;622;8.55;9.43;1.53;
1;2;646;629;9.73;9.43;2.16;
1;2;646;631;9.0;9.43;2.45;
2;3;534;562;9.53;1.23;0.92;
2;3;534;563;9.51;1.23;0.81;
2;3;534;565;9.92;1.23;0.73;
2;3;534;606;9.81;1.23;1.07;
2;3;576;560;6.75;0.68;1.06;
2;3;576;561;6.58;0.68;0.96;
2;3;576;562;7.01;0.68;0.92;
2;3;579;562;7.09;0.82;0.92;
2;3;579;563;7.26;0.82;0.81;
2;3;579;564;6.77;0.82;0.76;
2;3;579;565;9.26;0.82;0.73;
2;3;581;554;9.44;1.1;0.79;
2;3;581;563;9.04;1.1;0.81;
2;3;581;564;6.84;1.1;0.76;
2;3;581;565;6.33;1.1;0.73;
2;3;582;554;7.33;1.12;0.79;
2;3;582;562;6.99;1.12;0.92;
2;3;582;563;5.46;1.12;0.81;
2;3;582;564;4.54;1.12;0.76;
2;3;582;565;5.59;1.12;0.73;
2;3;583;554;7.11;0.93;0.79;
2;3;583;557;8.82;0.93;1.12;
2;3;583;561;8.53;0.93;0.96;
2;3;583;562;5.49;0.93;0.92;
2;3;583;563;5.18;0.93;0.81;
2;3;583;564;6.64;0.93;0.76;
2;3;583;565;7.63;0.93;0.73;
2;3;583;604;9.43;0.93;1.13;
2;3;585;557;7.49;0.96;1.12;
2;3;585;559;4.94;0.96;1.22;
2;3;585;560;5.91;0.96;1.06;
2;3;585;561;6.12;0.96;0.96;
2;3;585;562;6.6;0.96;0.92;
2;3;585;563;8.64;0.96;0.81;
2;3;587;559;6.12;1.01;1.22;
2;3;587;560;7.19;1.01;1.06;
2;3;590;559;6.7;0.94;1.22;
2;3;590;560;5.37;0.94;1.06;
2;3;590;561;9.21;0.94;0.96;
2;3;617;519;9.37;1.55;1.28;
2;3;621;629;9.31;1.64;2.16;
2;3;623;626;8.03;1.73;2.41;
2;3;623;627;8.25;1.73;2.17;
2;3;627;624;9.67;2.17;1.95;
2;3;627;626;5.87;2.17;2.41;
2;3;627;627;4.5;2.17;2.17;
2;3;627;628;6.95;2.17;2.66;
2;3;627;629;8.38;2.17;2.16;
2;3;628;622;9.31;2.66;1.53;
2;3;628;624;8.61;2.66;1.95;
2;3;628;626;6.65;2.66;2.41;
2;3;628;627;4.88;2.66;2.17;
2;3;628;628;6.17;2.66;2.66;
2;3;628;629;6.15;2.66;2.16;
2;3;630;622;8.55;2.82;1.53;
2;3;630;628;9.2;2.82;2.66;
2;3;630;629;6.15;2.82;2.16;
2;3;630;631;7.97;2.82;2.45;
2;3;640;517;6.39;7.16;1.17;
2;3;640;518;8.25;7.16;1.31;
2;3;640;634;9.91;7.16;3.71;
2;3;640;635;7.6;7.16;2.35;
2;3;641;517;4.46;8.07;1.17;
2;3;641;518;4.78;8.07;1.31;
2;3;641;519;7.15;8.07;1.28;
2;3;641;633;9.6;8.07;2.72;
2;3;641;634;9.34;8.07;3.71;
2;3;641;635;8.24;8.07;2.35;
2;3;642;517;6.08;7.52;1.17;
2;3;642;518;4.7;7.52;1.31;
2;3;642;519;7.16;7.52;1.28;
2;3;642;633;5.9;7.52;2.72;
2;3;642;634;6.45;7.52;3.71;
2;3;642;635;6.86;7.52;2.35;
2;3;644;517;9.99;7.76;1.17;
2;3;644;518;6.35;7.76;1.31;
2;3;644;519;5.36;7.76;1.28;
2;3;644;521;7.71;7.76;1.25;
2;3;644;631;6.16;7.76;2.45;
2;3;644;633;7.55;7.76;2.72;
2;3;645;518;8.17;9.4;1.31;
2;3;645;519;5.38;9.4;1.28;
2;3;645;521;5.54;9.4;1.25;
2;3;645;606;7.99;9.4;1.07;
2;3;645;631;8.91;9.4;2.45;
2;3;646;519;8.46;9.43;1.28;
2;3;646;521;4.48;9.43;1.25;
2;3;646;604;9.06;9.43;1.13;
2;3;646;606;7.97;9.43;1.07;
2;3;646;622;9.06;9.43;1.53;
2;3;646;631;9.67;9.43;2.45;
