1;2;534;562;9.71;1.17;0.93;
1;2;534;563;9.78;1.17;0.84;
1;2;576;559;9.89;0.71;1.34;
1;2;576;560;6.31;0.71;1.2;
1;2;576;561;6.2;0.71;1.01;
1;2;576;562;6.79;0.71;0.93;
1;2;579;562;6.99;0.86;0.93;
1;2;579;563;7.09;0.86;0.84;
1;2;579;564;6.67;0.86;0.79;
1;2;579;565;9.22;0.86;0.73;
1;2;581;554;9.49;1.24;0.81;
1;2;581;563;9.09;1.24;0.84;
1;2;581;564;7.02;1.24;0.79;
1;2;581;565;6.61;1.24;0.73;
1;2;582;554;7.3;1.15;0.81;
1;2;582;562;7.02;1.15;0.93;
1;2;582;563;5.55;1.15;0.84;
1;2;582;564;4.78;1.15;0.79;
1;2;582;565;5.82;1.15;0.73;
1;2;583;554;7.24;0.98;0.81;
1;2;583;557;8.84;0.98;1.07;
1;2;583;561;8.62;0.98;1.01;
1;2;583;562;5.63;0.98;0.93;
1;2;583;563;5.44;0.98;0.84;
1;2;583;564;6.94;0.98;0.79;
1;2;583;565;7.94;0.98;0.73;
1;2;583;604;9.09;0.98;1.02;
1;2;585;557;7.62;1.03;1.07;
1;2;585;559;5.02;1.03;1.34;
1;2;585;560;6.01;1.03;1.2;
1;2;585;561;6.4;1.03;1.01;
1;2;585;562;6.85;1.03;0.93;
1;2;585;563;8.95;1.03;0.84;
1;2;587;559;6.1;0.96;1.34;
1;2;587;560;7.37;0.96;1.2;
1;2;590;559;6.98;1.01;1.34;
1;2;590;560;6.26;1.01;1.2;
1;2;594;560;8.77;0.7;1.2;
1;2;623;626;8.1;1.47;1.8;
1;2;623;627;8.33;1.47;1.56;
1;2;627;624;9.62;1.56;1.5;
1;2;627;626;5.59;1.56;1.8;
1;2;627;627;4.61;1.56;1.56;
1;2;627;628;7.24;1.56;1.79;
1;2;627;629;8.77;1.56;1.47;
1;2;628;622;9.54;1.79;1.24;
1;2;628;624;8.72;1.79;1.5;
1;2;628;626;6.68;1.79;1.8;
1;2;628;627;4.91;1.79;1.56;
1;2;628;628;6.26;1.79;1.79;
1;2;628;629;6.34;1.79;1.47;
1;2;630;622;9.06;1.79;1.24;
1;2;630;628;9.2;1.79;1.79;
1;2;630;629;6.16;1.79;1.47;
1;2;630;631;8.23;1.79;1.49;
1;2;640;517;6.19;4.04;0.9;
1;2;640;518;7.91;4.04;1.0;
1;2;640;634;9.48;4.04;1.7;
1;2;640;635;7.34;4.04;1.4;
1;2;641;517;4.68;5.55;0.9;
1;2;641;518;4.72;5.55;1.0;
1;2;641;519;7.17;5.55;1.16;
1;2;641;633;9.18;5.55;1.56;
1;2;641;634;9.47;5.55;1.7;
1;2;641;635;8.52;5.55;1.4;
1;2;642;517;6.44;5.73;0.9;
1;2;642;518;4.45;5.73;1.0;
1;2;642;519;6.62;5.73;1.16;
1;2;642;631;9.83;5.73;1.49;
1;2;642;633;5.85;5.73;1.56;
1;2;642;634;7.31;5.73;1.7;
1;2;642;635;7.95;5.73;1.4;
1;2;644;518;7.27;4.97;1.0;
1;2;644;519;5.69;4.97;1.16;
1;2;644;521;6.69;4.97;1.47;
1;2;644;606;9.72;4.97;0.92;
1;2;644;622;9.82;4.97;1.24;
1;2;644;631;6.1;4.97;1.49;
1;2;644;633;8.33;4.97;1.56;
1;2;646;521;4.7;4.7;1.47;
1;2;646;604;8.84;4.7;1.02;
1;2;646;606;8.97;4.7;0.92;
1;2;646;622;7.94;4.7;1.24;
1;2;646;629;9.3;4.7;1.47;
1;2;646;631;9.57;4.7;1.49;
2;3;534;562;9.6;1.17;0.93;
2;3;534;563;9.63;1.17;0.84;
2;3;534;606;9.92;1.17;0.92;
2;3;576;560;6.57;0.71;1.2;
2;3;576;561;6.42;0.71;1.01;
2;3;576;562;6.88;0.71;0.93;
2;3;579;562;7.13;0.86;0.93;
2;3;579;563;7.22;0.86;0.84;
2;3;579;564;6.71;0.86;0.79;
2;3;579;565;9.24;0.86;0.73;
2;3;581;554;9.5;1.24;0.81;
2;3;581;563;9.12;1.24;0.84;
2;3;581;564;6.94;1.24;0.79;
2;3;581;565;6.48;1.24;0.73;
2;3;582;554;7.33;1.15;0.81;
2;3;582;562;7.06;1.15;0.93;
2;3;582;563;5.54;1.15;0.84;
2;3;582;564;4.61;1.15;0.79;
2;3;582;565;5.65;1.15;0.73;
2;3;583;554;7.17;0.98;0.81;
2;3;583;557;8.83;0.98;1.07;
2;3;583;561;8.59;0.98;1.01;
2;3;583;562;5.53;0.98;0.93;
2;3;583;563;5.3;0.98;0.84;
2;3;583;564;6.71;0.98;0.79;
2;3;583;565;7.72;0.98;0.73;
2;3;583;604;9.28;0.98;1.02;
2;3;585;557;7.52;1.03;1.07;
2;3;585;559;5.04;1.03;1.34;
2;3;585;560;6.0;1.03;1.2;
2;3;585;561;6.26;1.03;1.01;
2;3;585;562;6.66;1.03;0.93;
2;3;585;563;8.77;1.03;0.84;
2;3;587;559;5.98;0.96;1.34;
2;3;587;560;7.22;0.96;1.2;
2;3;590;559;6.97;1.01;1.34;
2;3;590;560;6.12;1.01;1.2;
2;3;590;561;9.93;1.01;1.01;
2;3;623;626;8.17;1.47;1.8;
2;3;623;627;8.74;1.47;1.56;
2;3;627;624;9.53;1.56;1.5;
2;3;627;626;5.41;1.56;1.8;
2;3;627;627;4.72;1.56;1.56;
2;3;627;629;8.85;1.56;1.47;
2;3;628;622;9.47;1.79;1.24;
2;3;628;624;8.55;1.79;1.5;
2;3;628;626;6.43;1.79;1.8;
2;3;628;627;5.12;1.79;1.56;
2;3;628;629;6.61;1.79;1.47;
2;3;630;622;8.9;1.79;1.24;
2;3;630;629;6.33;1.79;1.47;
2;3;630;631;8.22;1.79;1.49;
2;3;640;517;5.88;4.04;0.9;
2;3;640;518;7.8;4.04;1.0;
2;3;640;634;9.54;4.04;1.7;
2;3;640;635;7.26;4.04;1.4;
2;3;641;517;4.48;5.55;0.9;
2;3;641;518;4.63;5.55;1.0;
2;3;641;519;7.15;5.55;1.16;
2;3;641;633;9.61;5.55;1.56;
2;3;641;634;9.51;5.55;1.7;
2;3;641;635;8.49;5.55;1.4;
2;3;642;517;6.29;5.73;0.9;
2;3;642;518;4.38;5.73;1.0;
2;3;642;519;6.62;5.73;1.16;
2;3;642;633;6.2;5.73;1.56;
2;3;642;634;7.23;5.73;1.7;
2;3;642;635;7.79;5.73;1.4;
2;3;644;518;7.19;4.97;1.0;
2;3;644;519;5.62;4.97;1.16;
2;3;644;521;6.81;4.97;1.47;
2;3;644;606;9.72;4.97;0.92;
2;3;644;622;9.81;4.97;1.24;
2;3;644;631;6.33;4.97;1.49;
2;3;644;633;8.44;4.97;1.56;
2;3;645;518;9.63;6.29;1.0;
2;3;645;519;6.9;6.29;1.16;
2;3;645;521;4.9;6.29;1.47;
2;3;645;606;7.96;6.29;0.92;
2;3;645;631;9.25;6.29;1.49;
2;3;646;519;9.98;4.7;1.16;
2;3;646;521;4.74;4.7;1.47;
2;3;646;523;8.08;4.7;2.2;
2;3;646;604;8.75;4.7;1.02;
2;3;646;606;8.78;4.7;0.92;
2;3;646;622;8.87;4.7;1.24;
