517;518;3.79;0.13;0.24;
517;519;7.07;0.13;0.34;
517;633;9.52;0.13;0.26;
517;634;9.26;0.13;0.08;
517;635;7.95;0.13;0.13;
517;640;6.34;0.13;0.83;
517;641;4.76;0.13;0.43;
517;642;6.53;0.13;0.49;
518;519;3.78;0.24;0.34;
518;632;9.93;0.24;0.12;
518;633;7.83;0.24;0.26;
518;634;9.1;0.24;0.08;
518;635;9.33;0.24;0.13;
518;640;7.81;0.24;0.83;
518;641;4.54;0.24;0.43;
518;642;4.39;0.24;0.49;
518;644;7.22;0.24;0.26;
518;645;9.7;0.24;0.31;
519;521;7.05;0.34;0.47;
519;606;7.13;0.34;0.19;
519;641;6.92;0.34;0.43;
519;642;6.47;0.34;0.49;
519;644;5.6;0.34;0.26;
519;645;6.83;0.34;0.31;
521;523;6.6;0.47;0.33;
521;532;9.41;0.47;0.02;
521;534;9.72;0.47;0.13;
521;552;9.41;0.47;0.09;
521;604;7.06;0.47;0.11;
521;606;4.48;0.47;0.19;
521;617;9.67;0.47;0.07;
521;622;9.6;0.47;0.17;
521;644;6.55;0.47;0.26;
521;645;4.13;0.47;0.31;
521;646;4.84;0.47;0.75;
523;554;9.74;0.33;0.1;
523;604;4.32;0.33;0.11;
523;606;8.91;0.33;0.19;
523;622;9.3;0.33;0.17;
523;645;9.51;0.33;0.31;
523;646;7.02;0.33;0.75;
532;534;6.78;0.02;0.13;
532;559;9.37;0.02;0.73;
532;583;7.13;0.02;0.11;
532;585;4.7;0.02;0.09;
532;587;8.97;0.02;0.04;
532;617;8.11;0.02;0.07;
532;645;8.46;0.02;0.31;
532;646;7.7;0.02;0.75;
534;536;6.34;0.13;0.1;
534;562;9.69;0.13;0.75;
534;563;9.63;0.13;0.41;
534;579;8.42;0.13;0.05;
534;581;6.88;0.13;0.15;
534;582;5.84;0.13;0.1;
534;583;4.47;0.13;0.11;
534;585;8.93;0.13;0.09;
534;606;9.31;0.13;0.19;
534;617;5.11;0.13;0.07;
534;645;9.17;0.13;0.31;
536;579;9.99;0.1;0.05;
536;581;5.24;0.1;0.15;
536;582;7.88;0.1;0.1;
536;583;9.42;0.1;0.11;
536;617;7.21;0.1;0.07;
552;554;6.58;0.09;0.1;
552;564;9.67;0.09;0.34;
552;565;5.96;0.09;0.07;
552;581;9.07;0.09;0.15;
552;582;9.55;0.09;0.1;
552;604;8.55;0.09;0.11;
552;606;5.08;0.09;0.19;
554;557;8.16;0.1;0.31;
554;562;9.04;0.1;0.75;
554;563;5.72;0.1;0.41;
554;564;5.68;0.1;0.34;
554;565;4.35;0.1;0.07;
554;581;9.36;0.1;0.15;
554;582;7.12;0.1;0.1;
554;583;7.01;0.1;0.11;
554;604;5.45;0.1;0.11;
554;606;8.1;0.1;0.19;
557;559;6.81;0.31;0.73;
557;560;8.17;0.31;0.67;
557;561;5.48;0.31;0.83;
557;562;6.06;0.31;0.75;
557;563;5.89;0.31;0.41;
557;564;9.27;0.31;0.34;
557;583;8.96;0.31;0.11;
557;585;7.66;0.31;0.09;
557;604;9.13;0.31;0.11;
559;560;3.84;0.73;0.67;
559;561;5.47;0.73;0.83;
559;562;8.29;0.73;0.75;
559;585;5.05;0.73;0.09;
559;587;6.2;0.73;0.04;
559;590;6.48;0.73;0.09;
560;561;3.85;0.67;0.83;
560;562;7.04;0.67;0.75;
560;576;6.69;0.67;0.1;
560;585;5.97;0.67;0.09;
560;587;7.17;0.67;0.04;
560;590;5.12;0.67;0.09;
560;594;7.9;0.67;0.13;
561;562;3.79;0.83;0.75;
561;563;6.9;0.83;0.41;
561;576;6.29;0.83;0.1;
561;583;8.64;0.83;0.11;
561;585;6.32;0.83;0.09;
561;590;8.92;0.83;0.09;
562;563;3.8;0.75;0.41;
562;564;7.05;0.75;0.34;
562;576;6.64;0.75;0.1;
562;579;7.11;0.75;0.05;
562;582;7.16;0.75;0.1;
562;583;5.6;0.75;0.11;
562;585;6.71;0.75;0.09;
563;564;3.77;0.41;0.34;
563;565;6.53;0.41;0.07;
563;579;7.08;0.41;0.05;
563;581;9.19;0.41;0.15;
563;582;5.58;0.41;0.1;
563;583;5.26;0.41;0.11;
563;585;8.7;0.41;0.09;
563;604;9.57;0.41;0.11;
564;565;3.82;0.34;0.07;
564;579;6.39;0.34;0.05;
564;581;7.08;0.34;0.15;
564;582;4.67;0.34;0.1;
564;583;6.74;0.34;0.11;
565;579;8.78;0.07;0.05;
565;581;6.33;0.07;0.15;
565;582;5.45;0.07;0.1;
565;583;7.64;0.07;0.11;
565;604;9.43;0.07;0.11;
565;606;9.15;0.07;0.19;
576;579;9.36;0.1;0.05;
576;585;9.59;0.1;0.09;
576;590;9.94;0.1;0.09;
576;594;8.06;0.1;0.13;
579;581;6.1;0.05;0.15;
579;582;4.42;0.05;0.1;
579;583;6.61;0.05;0.11;
581;582;3.85;0.15;0.1;
581;583;7.1;0.15;0.11;
582;583;3.79;0.1;0.11;
583;585;6.72;0.11;0.09;
583;604;9.04;0.11;0.11;
583;606;9.97;0.11;0.19;
583;617;9.42;0.11;0.07;
585;587;7.1;0.09;0.04;
585;590;9.33;0.09;0.09;
587;590;5.52;0.04;0.09;
590;594;6.05;0.09;0.13;
604;606;7.06;0.11;0.19;
604;646;9.35;0.11;0.75;
606;644;9.6;0.19;0.26;
606;645;7.58;0.19;0.31;
606;646;9.2;0.19;0.75;
617;644;9.37;0.07;0.26;
617;645;7.13;0.07;0.31;
617;646;9.93;0.07;0.75;
622;624;7.04;0.17;0.43;
622;627;8.31;0.17;0.27;
622;628;5.66;0.17;0.25;
622;629;5.15;0.17;0.21;
622;630;9.01;0.17;0.09;
622;631;8.24;0.17;0.16;
622;644;9.58;0.17;0.26;
622;645;9.94;0.17;0.31;
622;646;7.37;0.17;0.75;
623;626;7.89;0.2;0.36;
623;627;8.25;0.2;0.27;
623;628;4.55;0.2;0.25;
623;630;8.58;0.2;0.09;
624;626;5.47;0.43;0.36;
624;627;5.61;0.43;0.27;
624;628;6.69;0.43;0.25;
624;629;9.15;0.43;0.21;
626;627;3.81;0.36;0.27;
626;628;7.43;0.36;0.25;
627;628;3.78;0.27;0.25;
627;629;6.84;0.27;0.21;
628;629;3.78;0.25;0.21;
628;630;9.11;0.25;0.09;
629;630;6.31;0.21;0.09;
629;631;6.65;0.21;0.16;
629;646;8.96;0.21;0.75;
630;631;8.61;0.09;0.16;
630;644;9.62;0.09;0.26;
630;645;8.97;0.09;0.31;
630;646;6.83;0.09;0.75;
631;632;3.81;0.16;0.12;
631;633;7.1;0.16;0.26;
631;642;9.58;0.16;0.49;
631;644;6.2;0.16;0.26;
631;645;9.11;0.16;0.31;
631;646;9.3;0.16;0.75;
632;633;3.77;0.12;0.26;
632;634;7.08;0.12;0.08;
632;642;8.17;0.12;0.49;
632;644;7.71;0.12;0.26;
633;634;3.74;0.26;0.08;
633;635;7.02;0.26;0.13;
633;641;8.98;0.26;0.43;
633;642;5.77;0.26;0.49;
633;644;8.42;0.26;0.26;
634;635;3.76;0.08;0.13;
634;640;9.58;0.08;0.83;
634;641;9.56;0.08;0.43;
634;642;7.53;0.08;0.49;
635;640;7.84;0.13;0.83;
635;641;8.96;0.13;0.43;
635;642;8.49;0.13;0.49;
640;641;3.86;0.83;0.43;
640;642;6.44;0.83;0.49;
641;642;3.79;0.43;0.49;
641;644;9.37;0.43;0.26;
642;644;6.61;0.49;0.26;
642;645;9.48;0.49;0.31;
644;645;3.85;0.26;0.31;
644;646;6.34;0.26;0.75;
645;646;3.89;0.31;0.75;
