521;523;6.02;0.34;0.2;
521;532;8.46;0.34;0.19;
521;534;9.21;0.34;0.25;
521;604;7.13;0.34;0.26;
521;606;4.77;0.34;0.19;
521;617;8.6;0.34;0.14;
521;618;8.86;0.34;0.51;
521;619;7.61;0.34;0.69;
521;630;8.94;0.34;4.38;
521;631;9.73;0.34;2.27;
521;643;8.11;0.34;10.69;
523;532;9.24;0.2;0.19;
523;554;9.96;0.2;0.18;
523;604;4.57;0.2;0.26;
523;606;8.51;0.2;0.19;
523;624;7.57;0.2;2.35;
523;630;9.31;0.2;4.38;
532;534;6.69;0.19;0.25;
532;559;9.05;0.19;0.53;
532;583;6.97;0.19;0.15;
532;585;4.52;0.19;0.22;
532;604;9.42;0.19;0.26;
532;617;8.19;0.19;0.14;
532;618;5.84;0.19;0.51;
532;619;4.85;0.19;0.69;
532;620;6.58;0.19;0.34;
532;621;8.1;0.19;0.76;
532;630;9.28;0.19;4.38;
532;631;9.97;0.19;2.27;
534;536;6.27;0.25;0.2;
534;554;9.8;0.25;0.18;
534;562;9.61;0.25;0.16;
534;563;9.53;0.25;0.28;
534;565;9.95;0.25;0.21;
534;579;8.3;0.25;0.12;
534;581;6.93;0.25;0.19;
534;582;5.84;0.25;0.07;
534;583;4.41;0.25;0.15;
534;585;8.81;0.25;0.22;
534;606;9.1;0.25;0.19;
534;615;8.75;0.25;0.1;
534;616;5.36;0.25;0.11;
534;617;5.03;0.25;0.14;
534;618;6.41;0.25;0.51;
534;619;8.64;0.25;0.69;
536;579;9.95;0.2;0.12;
536;581;5.25;0.2;0.19;
536;582;7.81;0.2;0.07;
536;583;9.29;0.2;0.15;
536;606;9.71;0.2;0.19;
536;615;5.53;0.2;0.1;
536;616;5.1;0.2;0.11;
536;617;6.88;0.2;0.14;
554;557;8.18;0.18;0.43;
554;562;9.09;0.18;0.16;
554;563;5.82;0.18;0.28;
554;564;5.7;0.18;0.32;
554;565;4.29;0.18;0.21;
554;581;9.21;0.18;0.19;
554;582;7.01;0.18;0.07;
554;583;6.83;0.18;0.15;
554;604;5.45;0.18;0.26;
554;606;8.08;0.18;0.19;
557;559;6.78;0.43;0.53;
557;560;8.2;0.43;1.08;
557;561;5.5;0.43;0.11;
557;562;5.98;0.43;0.16;
557;563;5.9;0.43;0.28;
557;564;9.3;0.43;0.32;
557;583;8.74;0.43;0.15;
557;585;7.59;0.43;0.22;
557;604;9.13;0.43;0.26;
559;560;3.85;0.53;1.08;
559;561;5.46;0.53;0.11;
559;562;8.24;0.53;0.16;
559;585;4.86;0.53;0.22;
559;590;6.45;0.53;0.12;
560;561;3.87;1.08;0.11;
560;562;7.06;1.08;0.16;
560;576;6.48;1.08;0.1;
560;585;5.98;1.08;0.22;
560;590;5.28;1.08;0.12;
560;594;7.89;1.08;0.1;
561;562;3.82;0.11;0.16;
561;563;7.0;0.11;0.28;
561;576;6.32;0.11;0.1;
561;583;8.62;0.11;0.15;
561;585;6.45;0.11;0.22;
561;590;9.11;0.11;0.12;
562;563;3.83;0.16;0.28;
562;564;7.17;0.16;0.32;
562;576;6.8;0.16;0.1;
562;579;6.98;0.16;0.12;
562;582;7.07;0.16;0.07;
562;583;5.61;0.16;0.15;
562;585;6.88;0.16;0.22;
563;564;3.79;0.28;0.32;
563;565;6.6;0.28;0.21;
563;579;6.99;0.28;0.12;
563;581;9.02;0.28;0.19;
563;582;5.42;0.28;0.07;
563;583;5.24;0.28;0.15;
563;585;8.87;0.28;0.22;
563;604;9.69;0.28;0.26;
564;565;3.84;0.32;0.21;
564;579;6.54;0.32;0.12;
564;581;6.86;0.32;0.19;
564;582;4.56;0.32;0.07;
564;583;6.74;0.32;0.15;
565;579;9.05;0.21;0.12;
565;581;6.33;0.21;0.19;
565;582;5.53;0.21;0.07;
565;583;7.67;0.21;0.15;
565;604;9.4;0.21;0.26;
565;606;9.2;0.21;0.19;
576;579;9.38;0.1;0.12;
576;585;9.54;0.1;0.22;
576;590;9.93;0.1;0.12;
576;594;8.12;0.1;0.1;
579;581;6.09;0.12;0.19;
579;582;4.42;0.12;0.07;
579;583;6.6;0.12;0.15;
581;582;3.85;0.19;0.07;
581;583;7.12;0.19;0.15;
581;615;9.85;0.19;0.1;
581;616;8.88;0.19;0.11;
582;583;3.81;0.07;0.15;
582;616;9.8;0.07;0.11;
583;585;6.71;0.15;0.22;
583;604;8.84;0.15;0.26;
583;606;9.87;0.15;0.19;
583;616;9.6;0.15;0.11;
583;617;9.28;0.15;0.14;
583;618;9.74;0.15;0.51;
585;590;9.16;0.22;0.12;
585;604;9.89;0.22;0.26;
585;618;9.99;0.22;0.51;
585;619;9.24;0.22;0.69;
585;620;9.93;0.22;0.34;
590;594;6.03;0.12;0.1;
604;606;7.02;0.26;0.19;
606;617;9.7;0.19;0.14;
606;643;9.88;0.19;10.69;
615;616;3.82;0.1;0.11;
615;617;7.16;0.1;0.14;
615;637;7.06;0.1;8.91;
616;617;3.82;0.11;0.14;
616;618;6.77;0.11;0.51;
616;633;9.87;0.11;6.23;
616;637;8.32;0.11;8.91;
616;643;9.48;0.11;10.69;
617;618;3.88;0.14;0.51;
617;619;6.96;0.14;0.69;
617;633;7.39;0.14;6.23;
617;635;9.63;0.14;5.87;
617;637;8.86;0.14;8.91;
617;643;6.61;0.14;10.69;
618;619;3.75;0.51;0.69;
618;620;6.88;0.51;0.34;
618;630;9.75;0.51;4.38;
618;631;8.05;0.51;2.27;
618;633;5.41;0.51;6.23;
618;635;9.74;0.51;5.87;
618;643;8.14;0.51;10.69;
619;620;3.82;0.69;0.34;
619;621;6.56;0.69;0.76;
619;622;9.55;0.69;0.66;
619;629;9.94;0.69;2.64;
619;630;6.15;0.69;4.38;
619;631;5.4;0.69;2.27;
619;633;6.42;0.69;6.23;
619;643;9.03;0.69;10.69;
620;621;3.83;0.34;0.76;
620;622;6.05;0.34;0.66;
620;623;9.61;0.34;0.98;
620;629;8.36;0.34;2.64;
620;630;5.12;0.34;4.38;
620;631;5.06;0.34;2.27;
620;633;7.77;0.34;6.23;
621;622;3.85;0.76;0.66;
621;623;6.54;0.76;0.98;
621;624;9.19;0.76;2.35;
621;628;6.58;0.76;3.28;
621;629;5.88;0.76;2.64;
621;630;3.97;0.76;4.38;
621;631;6.49;0.76;2.27;
622;623;3.82;0.66;0.98;
622;627;9.93;0.66;2.32;
622;628;6.36;0.66;3.28;
622;629;6.2;0.66;2.64;
622;630;6.08;0.66;4.38;
622;631;7.76;0.66;2.27;
623;626;8.96;0.98;2.81;
623;627;7.96;0.98;2.32;
623;628;5.38;0.98;3.28;
623;629;7.3;0.98;2.64;
623;630;8.72;0.98;4.38;
624;626;5.41;2.35;2.81;
624;627;5.77;2.35;2.32;
624;628;5.55;2.35;3.28;
624;629;7.48;2.35;2.64;
624;630;8.98;2.35;4.38;
626;627;3.86;2.81;2.32;
626;628;6.0;2.81;3.28;
626;629;9.56;2.81;2.64;
627;628;3.85;2.32;3.28;
627;629;6.73;2.32;2.64;
628;629;3.83;3.28;2.64;
628;630;6.63;3.28;4.38;
629;630;3.8;2.64;4.38;
629;631;6.77;2.64;2.27;
630;631;3.93;4.38;2.27;
631;633;6.56;2.27;6.23;
631;643;9.33;2.27;10.69;
633;635;5.84;6.23;5.87;
633;643;7.87;6.23;10.69;
635;637;6.26;5.87;8.91;
635;643;9.15;5.87;10.69;
637;643;8.48;8.91;10.69;
